0 1 141 25000
0 2 141 25000
0 3 140 25000
0 4 114 25000
0 5 130 25000
0 6 125 25000
0 7 147 25000
0 8 135 25000
0 9 128 25000
0 10 124 25000
0 11 125 25000
0 12 132 25000
0 13 128 25000
0 14 141 25000
0 15 119 25000
0 16 126 25000
0 17 119 25000
0 18 119 25000
0 19 140 25000
0 20 106 25000
0 21 143 25000
0 22 113 25000
0 23 136 25000
0 24 125 25000
0 25 118 25000
0 26 127 25000
0 27 149 25000
0 28 145 25000
0 29 120 25000
0 30 123 25000
0 31 104 25000
0 32 112 25000
0 33 125 25000
0 34 150 25000
0 35 127 25000
0 36 124 25000
0 37 120 25000
0 38 120 25000
0 39 128 25000
0 40 126 25000
0 41 131 25000
0 42 107 25000
0 43 110 25000
0 44 119 25000
0 45 147 25000
0 46 136 25000
0 47 123 25000
0 48 127 25000
0 49 151 25000
0 50 129 25000
0 51 116 25000
1 2 126 25000
1 3 132 25000
1 4 121 25000
1 5 131 25000
1 6 124 25000
1 7 128 25000
1 8 128 25000
1 9 148 25000
1 10 124 25000
1 11 110 25000
1 12 156 25000
1 13 122 25000
1 14 112 25000
1 15 149 25000
1 16 124 25000
1 17 133 25000
1 18 118 25000
1 19 121 25000
1 20 119 25000
1 21 131 25000
1 22 126 25000
1 23 139 25000
1 24 114 25000
1 25 140 25000
1 26 119 25000
1 27 137 25000
1 28 128 25000
1 29 93 25000
1 30 113 25000
1 31 126 25000
1 32 123 25000
1 33 121 25000
1 34 133 25000
1 35 125 25000
1 36 121 25000
1 37 125 25000
1 38 121 25000
1 39 131 25000
1 40 122 25000
1 41 125 25000
1 42 135 25000
1 43 120 25000
1 44 118 25000
1 45 116 25000
1 46 120 25000
1 47 126 25000
1 48 149 25000
1 49 100 25000
1 50 124 25000
1 51 132 25000
2 3 144 25000
2 4 121 25000
2 5 143 25000
2 6 124 25000
2 7 126 25000
2 8 128 25000
2 9 125 25000
2 10 130 25000
2 11 123 25000
2 12 156 25000
2 13 123 25000
2 14 132 25000
2 15 125 25000
2 16 144 25000
2 17 136 25000
2 18 126 25000
2 19 143 25000
2 20 144 25000
2 21 138 25000
2 22 122 25000
2 23 122 25000
2 24 128 25000
2 25 129 25000
2 26 125 25000
2 27 128 25000
2 28 124 25000
2 29 116 25000
2 30 127 25000
2 31 143 25000
2 32 121 25000
2 33 123 25000
2 34 138 25000
2 35 117 25000
2 36 139 25000
2 37 130 25000
2 38 128 25000
2 39 130 25000
2 40 126 25000
2 41 134 25000
2 42 118 25000
2 43 134 25000
2 44 114 25000
2 45 122 25000
2 46 132 25000
2 47 118 25000
2 48 120 25000
2 49 120 25000
2 50 123 25000
2 51 124 25000
3 4 132 25000
3 5 115 25000
3 6 140 25000
3 7 141 25000
3 8 117 25000
3 9 121 25000
3 10 137 25000
3 11 130 25000
3 12 126 25000
3 13 138 25000
3 14 136 25000
3 15 127 25000
3 16 118 25000
3 17 129 25000
3 18 122 25000
3 19 136 25000
3 20 129 25000
3 21 138 25000
3 22 117 25000
3 23 136 25000
3 24 117 25000
3 25 102 25000
3 26 137 25000
3 27 132 25000
3 28 139 25000
3 29 131 25000
3 30 130 25000
3 31 116 25000
3 32 112 25000
3 33 116 25000
3 34 124 25000
3 35 140 25000
3 36 127 25000
3 37 131 25000
3 38 142 25000
3 39 127 25000
3 40 125 25000
3 41 130 25000
3 42 125 25000
3 43 127 25000
3 44 129 25000
3 45 123 25000
3 46 133 25000
3 47 115 25000
3 48 108 25000
3 49 116 25000
3 50 94 25000
3 51 118 25000
4 5 140 25000
4 6 127 25000
4 7 129 25000
4 8 141 25000
4 9 121 25000
4 10 107 25000
4 11 115 25000
4 12 136 25000
4 13 119 25000
4 14 127 25000
4 15 124 25000
4 16 138 25000
4 17 124 25000
4 18 108 25000
4 19 145 25000
4 20 153 25000
4 21 133 25000
4 22 132 25000
4 23 129 25000
4 24 143 25000
4 25 131 25000
4 26 127 25000
4 27 127 25000
4 28 133 25000
4 29 106 25000
4 30 114 25000
4 31 130 25000
4 32 131 25000
4 33 121 25000
4 34 109 25000
4 35 131 25000
4 36 130 25000
4 37 112 25000
4 38 104 25000
4 39 131 25000
4 40 135 25000
4 41 127 25000
4 42 134 25000
4 43 130 25000
4 44 114 25000
4 45 119 25000
4 46 113 25000
4 47 116 25000
4 48 147 25000
4 49 127 25000
4 50 131 25000
4 51 104 25000
5 6 132 25000
5 7 133 25000
5 8 123 25000
5 9 120 25000
5 10 114 25000
5 11 132 25000
5 12 129 25000
5 13 113 25000
5 14 115 25000
5 15 114 25000
5 16 127 25000
5 17 107 25000
5 18 107 25000
5 19 133 25000
5 20 120 25000
5 21 123 25000
5 22 147 25000
5 23 115 25000
5 24 122 25000
5 25 113 25000
5 26 127 25000
5 27 128 25000
5 28 128 25000
5 29 124 25000
5 30 126 25000
5 31 118 25000
5 32 126 25000
5 33 129 25000
5 34 107 25000
5 35 135 25000
5 36 108 25000
5 37 115 25000
5 38 113 25000
5 39 139 25000
5 40 138 25000
5 41 121 25000
5 42 147 25000
5 43 133 25000
5 44 137 25000
5 45 123 25000
5 46 139 25000
5 47 123 25000
5 48 135 25000
5 49 109 25000
5 50 123 25000
5 51 122 25000
6 7 128 25000
6 8 136 25000
6 9 128 25000
6 10 120 25000
6 11 135 25000
6 12 140 25000
6 13 155 25000
6 14 147 25000
6 15 122 25000
6 16 138 25000
6 17 113 25000
6 18 128 25000
6 19 126 25000
6 20 122 25000
6 21 119 25000
6 22 122 25000
6 23 127 25000
6 24 127 25000
6 25 147 25000
6 26 130 25000
6 27 127 25000
6 28 141 25000
6 29 109 25000
6 30 111 25000
6 31 122 25000
6 32 125 25000
6 33 125 25000
6 34 125 25000
6 35 126 25000
6 36 135 25000
6 37 123 25000
6 38 112 25000
6 39 129 25000
6 40 140 25000
6 41 113 25000
6 42 106 25000
6 43 124 25000
6 44 122 25000
6 45 139 25000
6 46 137 25000
6 47 115 25000
6 48 149 25000
6 49 137 25000
6 50 145 25000
6 51 127 25000
7 8 119 25000
7 9 130 25000
7 10 130 25000
7 11 138 25000
7 12 135 25000
7 13 129 25000
7 14 125 25000
7 15 117 25000
7 16 128 25000
7 17 126 25000
7 18 115 25000
7 19 133 25000
7 20 143 25000
7 21 127 25000
7 22 140 25000
7 23 119 25000
7 24 125 25000
7 25 137 25000
7 26 108 25000
7 27 141 25000
7 28 149 25000
7 29 110 25000
7 30 123 25000
7 31 116 25000
7 32 118 25000
7 33 134 25000
7 34 119 25000
7 35 128 25000
7 36 116 25000
7 37 127 25000
7 38 104 25000
7 39 137 25000
7 40 129 25000
7 41 130 25000
7 42 118 25000
7 43 129 25000
7 44 110 25000
7 45 126 25000
7 46 119 25000
7 47 144 25000
7 48 127 25000
7 49 143 25000
7 50 143 25000
7 51 126 25000
8 9 127 25000
8 10 128 25000
8 11 128 25000
8 12 144 25000
8 13 108 25000
8 14 121 25000
8 15 136 25000
8 16 109 25000
8 17 120 25000
8 18 128 25000
8 19 121 25000
8 20 116 25000
8 21 121 25000
8 22 127 25000
8 23 128 25000
8 24 144 25000
8 25 146 25000
8 26 124 25000
8 27 110 25000
8 28 122 25000
8 29 106 25000
8 30 112 25000
8 31 113 25000
8 32 114 25000
8 33 112 25000
8 34 133 25000
8 35 117 25000
8 36 143 25000
8 37 123 25000
8 38 134 25000
8 39 130 25000
8 40 121 25000
8 41 119 25000
8 42 126 25000
8 43 122 25000
8 44 115 25000
8 45 143 25000
8 46 112 25000
8 47 112 25000
8 48 130 25000
8 49 107 25000
8 50 114 25000
8 51 125 25000
9 10 127 25000
9 11 144 25000
9 12 115 25000
9 13 124 25000
9 14 115 25000
9 15 135 25000
9 16 110 25000
9 17 97 25000
9 18 129 25000
9 19 139 25000
9 20 138 25000
9 21 135 25000
9 22 139 25000
9 23 126 25000
9 24 114 25000
9 25 130 25000
9 26 109 25000
9 27 103 25000
9 28 110 25000
9 29 131 25000
9 30 118 25000
9 31 140 25000
9 32 127 25000
9 33 124 25000
9 34 114 25000
9 35 113 25000
9 36 110 25000
9 37 121 25000
9 38 123 25000
9 39 104 25000
9 40 122 25000
9 41 119 25000
9 42 113 25000
9 43 116 25000
9 44 131 25000
9 45 107 25000
9 46 137 25000
9 47 126 25000
9 48 120 25000
9 49 119 25000
9 50 121 25000
9 51 104 25000
10 11 114 25000
10 12 158 25000
10 13 148 25000
10 14 131 25000
10 15 123 25000
10 16 117 25000
10 17 126 25000
10 18 115 25000
10 19 146 25000
10 20 132 25000
10 21 128 25000
10 22 120 25000
10 23 116 25000
10 24 127 25000
10 25 125 25000
10 26 111 25000
10 27 121 25000
10 28 129 25000
10 29 118 25000
10 30 121 25000
10 31 142 25000
10 32 120 25000
10 33 112 25000
10 34 130 25000
10 35 117 25000
10 36 120 25000
10 37 125 25000
10 38 139 25000
10 39 133 25000
10 40 138 25000
10 41 141 25000
10 42 137 25000
10 43 98 25000
10 44 144 25000
10 45 133 25000
10 46 150 25000
10 47 139 25000
10 48 135 25000
10 49 134 25000
10 50 123 25000
10 51 113 25000
11 12 154 25000
11 13 123 25000
11 14 147 25000
11 15 133 25000
11 16 124 25000
11 17 127 25000
11 18 122 25000
11 19 127 25000
11 20 124 25000
11 21 122 25000
11 22 129 25000
11 23 113 25000
11 24 105 25000
11 25 96 25000
11 26 133 25000
11 27 115 25000
11 28 99 25000
11 29 111 25000
11 30 124 25000
11 31 138 25000
11 32 116 25000
11 33 121 25000
11 34 125 25000
11 35 110 25000
11 36 122 25000
11 37 118 25000
11 38 110 25000
11 39 117 25000
11 40 112 25000
11 41 125 25000
11 42 118 25000
11 43 131 25000
11 44 133 25000
11 45 143 25000
11 46 134 25000
11 47 128 25000
11 48 109 25000
11 49 120 25000
11 50 121 25000
11 51 125 25000
12 13 133 25000
12 14 134 25000
12 15 153 25000
12 16 137 25000
12 17 139 25000
12 18 134 25000
12 19 142 25000
12 20 145 25000
12 21 159 25000
12 22 141 25000
12 23 143 25000
12 24 121 25000
12 25 142 25000
12 26 133 25000
12 27 153 25000
12 28 156 25000
12 29 128 25000
12 30 142 25000
12 31 141 25000
12 32 135 25000
12 33 142 25000
12 34 146 25000
12 35 159 25000
12 36 120 25000
12 37 128 25000
12 38 145 25000
12 39 133 25000
12 40 131 25000
12 41 134 25000
12 42 132 25000
12 43 142 25000
12 44 155 25000
12 45 138 25000
12 46 156 25000
12 47 126 25000
12 48 137 25000
12 49 156 25000
12 50 162 25000
12 51 149 25000
13 14 126 25000
13 15 126 25000
13 16 125 25000
13 17 131 25000
13 18 113 25000
13 19 125 25000
13 20 133 25000
13 21 131 25000
13 22 149 25000
13 23 125 25000
13 24 127 25000
13 25 138 25000
13 26 133 25000
13 27 130 25000
13 28 112 25000
13 29 135 25000
13 30 120 25000
13 31 113 25000
13 32 120 25000
13 33 129 25000
13 34 141 25000
13 35 108 25000
13 36 138 25000
13 37 122 25000
13 38 126 25000
13 39 110 25000
13 40 117 25000
13 41 120 25000
13 42 134 25000
13 43 130 25000
13 44 120 25000
13 45 113 25000
13 46 136 25000
13 47 124 25000
13 48 107 25000
13 49 137 25000
13 50 156 25000
13 51 138 25000
14 15 148 25000
14 16 139 25000
14 17 114 25000
14 18 138 25000
14 19 138 25000
14 20 134 25000
14 21 137 25000
14 22 148 25000
14 23 124 25000
14 24 131 25000
14 25 129 25000
14 26 122 25000
14 27 127 25000
14 28 124 25000
14 29 118 25000
14 30 125 25000
14 31 122 25000
14 32 132 25000
14 33 115 25000
14 34 100 25000
14 35 134 25000
14 36 143 25000
14 37 149 25000
14 38 131 25000
14 39 110 25000
14 40 132 25000
14 41 106 25000
14 42 116 25000
14 43 139 25000
14 44 115 25000
14 45 120 25000
14 46 107 25000
14 47 110 25000
14 48 122 25000
14 49 112 25000
14 50 102 25000
14 51 108 25000
15 16 135 25000
15 17 99 25000
15 18 144 25000
15 19 117 25000
15 20 100 25000
15 21 144 25000
15 22 128 25000
15 23 126 25000
15 24 120 25000
15 25 134 25000
15 26 112 25000
15 27 114 25000
15 28 140 25000
15 29 132 25000
15 30 114 25000
15 31 114 25000
15 32 131 25000
15 33 110 25000
15 34 132 25000
15 35 146 25000
15 36 132 25000
15 37 134 25000
15 38 114 25000
15 39 127 25000
15 40 109 25000
15 41 131 25000
15 42 115 25000
15 43 134 25000
15 44 104 25000
15 45 141 25000
15 46 130 25000
15 47 126 25000
15 48 113 25000
15 49 128 25000
15 50 124 25000
15 51 100 25000
16 17 140 25000
16 18 134 25000
16 19 139 25000
16 20 136 25000
16 21 128 25000
16 22 139 25000
16 23 125 25000
16 24 142 25000
16 25 132 25000
16 26 130 25000
16 27 126 25000
16 28 127 25000
16 29 115 25000
16 30 135 25000
16 31 127 25000
16 32 121 25000
16 33 114 25000
16 34 117 25000
16 35 126 25000
16 36 140 25000
16 37 137 25000
16 38 131 25000
16 39 126 25000
16 40 137 25000
16 41 120 25000
16 42 114 25000
16 43 123 25000
16 44 133 25000
16 45 129 25000
16 46 128 25000
16 47 113 25000
16 48 112 25000
16 49 121 25000
16 50 127 25000
16 51 134 25000
17 18 117 25000
17 19 118 25000
17 20 128 25000
17 21 129 25000
17 22 117 25000
17 23 119 25000
17 24 128 25000
17 25 142 25000
17 26 133 25000
17 27 129 25000
17 28 121 25000
17 29 108 25000
17 30 142 25000
17 31 102 25000
17 32 117 25000
17 33 109 25000
17 34 129 25000
17 35 140 25000
17 36 113 25000
17 37 129 25000
17 38 137 25000
17 39 142 25000
17 40 128 25000
17 41 131 25000
17 42 102 25000
17 43 127 25000
17 44 130 25000
17 45 120 25000
17 46 116 25000
17 47 133 25000
17 48 121 25000
17 49 113 25000
17 50 130 25000
17 51 145 25000
18 19 147 25000
18 20 110 25000
18 21 135 25000
18 22 118 25000
18 23 117 25000
18 24 119 25000
18 25 118 25000
18 26 141 25000
18 27 129 25000
18 28 117 25000
18 29 106 25000
18 30 128 25000
18 31 121 25000
18 32 106 25000
18 33 131 25000
18 34 124 25000
18 35 102 25000
18 36 114 25000
18 37 131 25000
18 38 145 25000
18 39 126 25000
18 40 108 25000
18 41 121 25000
18 42 127 25000
18 43 124 25000
18 44 130 25000
18 45 96 25000
18 46 126 25000
18 47 89 25000
18 48 117 25000
18 49 104 25000
18 50 102 25000
18 51 123 25000
19 20 136 25000
19 21 137 25000
19 22 119 25000
19 23 148 25000
19 24 133 25000
19 25 147 25000
19 26 134 25000
19 27 110 25000
19 28 146 25000
19 29 112 25000
19 30 130 25000
19 31 125 25000
19 32 108 25000
19 33 135 25000
19 34 131 25000
19 35 128 25000
19 36 136 25000
19 37 137 25000
19 38 112 25000
19 39 130 25000
19 40 138 25000
19 41 127 25000
19 42 154 25000
19 43 127 25000
19 44 133 25000
19 45 140 25000
19 46 153 25000
19 47 125 25000
19 48 119 25000
19 49 120 25000
19 50 148 25000
19 51 114 25000
20 21 132 25000
20 22 133 25000
20 23 131 25000
20 24 129 25000
20 25 131 25000
20 26 132 25000
20 27 114 25000
20 28 131 25000
20 29 123 25000
20 30 153 25000
20 31 144 25000
20 32 113 25000
20 33 114 25000
20 34 120 25000
20 35 96 25000
20 36 126 25000
20 37 140 25000
20 38 123 25000
20 39 138 25000
20 40 127 25000
20 41 121 25000
20 42 139 25000
20 43 128 25000
20 44 161 25000
20 45 128 25000
20 46 119 25000
20 47 125 25000
20 48 120 25000
20 49 110 25000
20 50 121 25000
20 51 130 25000
21 22 157 25000
21 23 122 25000
21 24 116 25000
21 25 135 25000
21 26 151 25000
21 27 120 25000
21 28 141 25000
21 29 134 25000
21 30 114 25000
21 31 123 25000
21 32 128 25000
21 33 123 25000
21 34 133 25000
21 35 115 25000
21 36 130 25000
21 37 129 25000
21 38 131 25000
21 39 137 25000
21 40 144 25000
21 41 126 25000
21 42 102 25000
21 43 123 25000
21 44 117 25000
21 45 136 25000
21 46 145 25000
21 47 113 25000
21 48 116 25000
21 49 104 25000
21 50 122 25000
21 51 139 25000
22 23 138 25000
22 24 135 25000
22 25 135 25000
22 26 128 25000
22 27 113 25000
22 28 133 25000
22 29 95 25000
22 30 129 25000
22 31 125 25000
22 32 130 25000
22 33 144 25000
22 34 120 25000
22 35 141 25000
22 36 128 25000
22 37 124 25000
22 38 118 25000
22 39 133 25000
22 40 119 25000
22 41 102 25000
22 42 125 25000
22 43 136 25000
22 44 127 25000
22 45 129 25000
22 46 142 25000
22 47 118 25000
22 48 132 25000
22 49 118 25000
22 50 124 25000
22 51 136 25000
23 24 142 25000
23 25 138 25000
23 26 143 25000
23 27 124 25000
23 28 124 25000
23 29 122 25000
23 30 105 25000
23 31 131 25000
23 32 134 25000
23 33 131 25000
23 34 127 25000
23 35 130 25000
23 36 132 25000
23 37 133 25000
23 38 135 25000
23 39 109 25000
23 40 98 25000
23 41 122 25000
23 42 131 25000
23 43 131 25000
23 44 100 25000
23 45 116 25000
23 46 127 25000
23 47 128 25000
23 48 127 25000
23 49 125 25000
23 50 144 25000
23 51 127 25000
24 25 142 25000
24 26 115 25000
24 27 116 25000
24 28 123 25000
24 29 129 25000
24 30 133 25000
24 31 124 25000
24 32 134 25000
24 33 116 25000
24 34 124 25000
24 35 103 25000
24 36 136 25000
24 37 131 25000
24 38 119 25000
24 39 110 25000
24 40 133 25000
24 41 118 25000
24 42 113 25000
24 43 126 25000
24 44 105 25000
24 45 123 25000
24 46 120 25000
24 47 119 25000
24 48 117 25000
24 49 125 25000
24 50 131 25000
24 51 117 25000
25 26 133 25000
25 27 133 25000
25 28 126 25000
25 29 141 25000
25 30 127 25000
25 31 123 25000
25 32 127 25000
25 33 118 25000
25 34 122 25000
25 35 125 25000
25 36 134 25000
25 37 109 25000
25 38 125 25000
25 39 132 25000
25 40 131 25000
25 41 142 25000
25 42 138 25000
25 43 128 25000
25 44 129 25000
25 45 111 25000
25 46 132 25000
25 47 107 25000
25 48 125 25000
25 49 121 25000
25 50 130 25000
25 51 110 25000
26 27 138 25000
26 28 151 25000
26 29 137 25000
26 30 139 25000
26 31 156 25000
26 32 148 25000
26 33 140 25000
26 34 133 25000
26 35 122 25000
26 36 132 25000
26 37 128 25000
26 38 147 25000
26 39 131 25000
26 40 122 25000
26 41 116 25000
26 42 134 25000
26 43 143 25000
26 44 122 25000
26 45 117 25000
26 46 128 25000
26 47 129 25000
26 48 112 25000
26 49 120 25000
26 50 128 25000
26 51 123 25000
27 28 155 25000
27 29 133 25000
27 30 143 25000
27 31 149 25000
27 32 121 25000
27 33 107 25000
27 34 133 25000
27 35 142 25000
27 36 133 25000
27 37 138 25000
27 38 138 25000
27 39 119 25000
27 40 109 25000
27 41 104 25000
27 42 117 25000
27 43 120 25000
27 44 132 25000
27 45 107 25000
27 46 139 25000
27 47 110 25000
27 48 137 25000
27 49 113 25000
27 50 135 25000
27 51 113 25000
28 29 128 25000
28 30 136 25000
28 31 116 25000
28 32 124 25000
28 33 110 25000
28 34 148 25000
28 35 125 25000
28 36 144 25000
28 37 146 25000
28 38 135 25000
28 39 116 25000
28 40 138 25000
28 41 127 25000
28 42 108 25000
28 43 125 25000
28 44 123 25000
28 45 125 25000
28 46 139 25000
28 47 123 25000
28 48 132 25000
28 49 106 25000
28 50 129 25000
28 51 134 25000
29 30 125 25000
29 31 133 25000
29 32 135 25000
29 33 137 25000
29 34 112 25000
29 35 130 25000
29 36 136 25000
29 37 142 25000
29 38 127 25000
29 39 101 25000
29 40 123 25000
29 41 116 25000
29 42 124 25000
29 43 105 25000
29 44 123 25000
29 45 106 25000
29 46 131 25000
29 47 139 25000
29 48 108 25000
29 49 124 25000
29 50 151 25000
29 51 127 25000
30 31 127 25000
30 32 115 25000
30 33 132 25000
30 34 128 25000
30 35 138 25000
30 36 151 25000
30 37 134 25000
30 38 115 25000
30 39 116 25000
30 40 143 25000
30 41 118 25000
30 42 117 25000
30 43 128 25000
30 44 131 25000
30 45 141 25000
30 46 132 25000
30 47 139 25000
30 48 133 25000
30 49 133 25000
30 50 100 25000
30 51 118 25000
31 32 123 25000
31 33 151 25000
31 34 135 25000
31 35 141 25000
31 36 131 25000
31 37 134 25000
31 38 126 25000
31 39 124 25000
31 40 132 25000
31 41 117 25000
31 42 112 25000
31 43 105 25000
31 44 126 25000
31 45 108 25000
31 46 126 25000
31 47 114 25000
31 48 125 25000
31 49 152 25000
31 50 132 25000
31 51 120 25000
32 33 138 25000
32 34 152 25000
32 35 116 25000
32 36 133 25000
32 37 124 25000
32 38 119 25000
32 39 145 25000
32 40 126 25000
32 41 93 25000
32 42 121 25000
32 43 132 25000
32 44 124 25000
32 45 120 25000
32 46 115 25000
32 47 145 25000
32 48 103 25000
32 49 120 25000
32 50 120 25000
32 51 127 25000
33 34 135 25000
33 35 123 25000
33 36 132 25000
33 37 137 25000
33 38 129 25000
33 39 129 25000
33 40 117 25000
33 41 130 25000
33 42 132 25000
33 43 144 25000
33 44 129 25000
33 45 110 25000
33 46 136 25000
33 47 130 25000
33 48 112 25000
33 49 133 25000
33 50 131 25000
33 51 124 25000
34 35 110 25000
34 36 151 25000
34 37 152 25000
34 38 113 25000
34 39 141 25000
34 40 135 25000
34 41 130 25000
34 42 112 25000
34 43 125 25000
34 44 137 25000
34 45 103 25000
34 46 115 25000
34 47 122 25000
34 48 107 25000
34 49 110 25000
34 50 137 25000
34 51 116 25000
35 36 111 25000
35 37 128 25000
35 38 125 25000
35 39 136 25000
35 40 129 25000
35 41 136 25000
35 42 116 25000
35 43 136 25000
35 44 123 25000
35 45 112 25000
35 46 125 25000
35 47 102 25000
35 48 140 25000
35 49 112 25000
35 50 133 25000
35 51 119 25000
36 37 129 25000
36 38 136 25000
36 39 120 25000
36 40 120 25000
36 41 120 25000
36 42 147 25000
36 43 141 25000
36 44 147 25000
36 45 110 25000
36 46 115 25000
36 47 119 25000
36 48 127 25000
36 49 120 25000
36 50 134 25000
36 51 130 25000
37 38 135 25000
37 39 116 25000
37 40 124 25000
37 41 110 25000
37 42 121 25000
37 43 143 25000
37 44 133 25000
37 45 119 25000
37 46 136 25000
37 47 149 25000
37 48 126 25000
37 49 111 25000
37 50 102 25000
37 51 133 25000
38 39 138 25000
38 40 109 25000
38 41 111 25000
38 42 135 25000
38 43 112 25000
38 44 123 25000
38 45 114 25000
38 46 124 25000
38 47 126 25000
38 48 106 25000
38 49 122 25000
38 50 124 25000
38 51 128 25000
39 40 137 25000
39 41 133 25000
39 42 124 25000
39 43 114 25000
39 44 96 25000
39 45 122 25000
39 46 138 25000
39 47 129 25000
39 48 117 25000
39 49 126 25000
39 50 122 25000
39 51 137 25000
40 41 135 25000
40 42 122 25000
40 43 129 25000
40 44 128 25000
40 45 126 25000
40 46 137 25000
40 47 128 25000
40 48 160 25000
40 49 137 25000
40 50 119 25000
40 51 140 25000
41 42 114 25000
41 43 132 25000
41 44 104 25000
41 45 106 25000
41 46 135 25000
41 47 125 25000
41 48 123 25000
41 49 135 25000
41 50 118 25000
41 51 123 25000
42 43 115 25000
42 44 133 25000
42 45 129 25000
42 46 133 25000
42 47 133 25000
42 48 120 25000
42 49 141 25000
42 50 127 25000
42 51 133 25000
43 44 121 25000
43 45 122 25000
43 46 124 25000
43 47 133 25000
43 48 125 25000
43 49 121 25000
43 50 117 25000
43 51 158 25000
44 45 137 25000
44 46 123 25000
44 47 138 25000
44 48 124 25000
44 49 141 25000
44 50 115 25000
44 51 119 25000
45 46 129 25000
45 47 120 25000
45 48 112 25000
45 49 107 25000
45 50 135 25000
45 51 132 25000
46 47 138 25000
46 48 132 25000
46 49 126 25000
46 50 145 25000
46 51 154 25000
47 48 128 25000
47 49 115 25000
47 50 123 25000
47 51 107 25000
48 49 147 25000
48 50 130 25000
48 51 144 25000
49 50 136 25000
49 51 125 25000
50 51 137 25000
