0 1 137 25000
0 2 142 25000
0 3 122 25000
0 4 127 25000
0 5 141 25000
0 6 106 25000
0 7 126 25000
0 8 129 25000
0 9 121 25000
0 10 143 25000
0 11 130 25000
0 12 145 25000
0 13 131 25000
0 14 103 25000
0 15 127 25000
0 16 127 25000
0 17 134 25000
0 18 135 25000
0 19 113 25000
0 20 140 25000
0 21 137 25000
0 22 118 25000
0 23 134 25000
0 24 139 25000
0 25 104 25000
0 26 117 25000
0 27 130 25000
0 28 143 25000
0 29 124 25000
0 30 132 25000
0 31 147 25000
0 32 123 25000
0 33 115 25000
0 34 142 25000
0 35 123 25000
0 36 135 25000
0 37 115 25000
0 38 124 25000
0 39 126 25000
0 40 130 25000
0 41 139 25000
0 42 128 25000
0 43 121 25000
0 44 113 25000
0 45 121 25000
0 46 122 25000
0 47 99 25000
0 48 110 25000
0 49 120 25000
0 50 145 25000
0 51 121 25000
1 2 149 25000
1 3 118 25000
1 4 144 25000
1 5 145 25000
1 6 139 25000
1 7 126 25000
1 8 125 25000
1 9 133 25000
1 10 125 25000
1 11 153 25000
1 12 155 25000
1 13 117 25000
1 14 138 25000
1 15 127 25000
1 16 120 25000
1 17 123 25000
1 18 140 25000
1 19 138 25000
1 20 126 25000
1 21 144 25000
1 22 147 25000
1 23 124 25000
1 24 127 25000
1 25 111 25000
1 26 121 25000
1 27 137 25000
1 28 135 25000
1 29 140 25000
1 30 127 25000
1 31 123 25000
1 32 103 25000
1 33 127 25000
1 34 139 25000
1 35 122 25000
1 36 102 25000
1 37 125 25000
1 38 121 25000
1 39 119 25000
1 40 118 25000
1 41 132 25000
1 42 144 25000
1 43 128 25000
1 44 134 25000
1 45 137 25000
1 46 120 25000
1 47 126 25000
1 48 118 25000
1 49 122 25000
1 50 127 25000
1 51 126 25000
2 3 142 25000
2 4 114 25000
2 5 124 25000
2 6 127 25000
2 7 119 25000
2 8 130 25000
2 9 126 25000
2 10 130 25000
2 11 140 25000
2 12 142 25000
2 13 131 25000
2 14 133 25000
2 15 119 25000
2 16 127 25000
2 17 115 25000
2 18 144 25000
2 19 116 25000
2 20 103 25000
2 21 121 25000
2 22 116 25000
2 23 122 25000
2 24 126 25000
2 25 122 25000
2 26 145 25000
2 27 120 25000
2 28 138 25000
2 29 139 25000
2 30 101 25000
2 31 119 25000
2 32 113 25000
2 33 117 25000
2 34 117 25000
2 35 127 25000
2 36 139 25000
2 37 116 25000
2 38 127 25000
2 39 136 25000
2 40 126 25000
2 41 133 25000
2 42 128 25000
2 43 135 25000
2 44 112 25000
2 45 143 25000
2 46 127 25000
2 47 109 25000
2 48 135 25000
2 49 136 25000
2 50 117 25000
2 51 120 25000
3 4 145 25000
3 5 144 25000
3 6 118 25000
3 7 133 25000
3 8 121 25000
3 9 122 25000
3 10 138 25000
3 11 109 25000
3 12 144 25000
3 13 121 25000
3 14 134 25000
3 15 119 25000
3 16 122 25000
3 17 120 25000
3 18 126 25000
3 19 119 25000
3 20 115 25000
3 21 125 25000
3 22 113 25000
3 23 121 25000
3 24 133 25000
3 25 112 25000
3 26 124 25000
3 27 123 25000
3 28 119 25000
3 29 128 25000
3 30 140 25000
3 31 125 25000
3 32 101 25000
3 33 125 25000
3 34 119 25000
3 35 117 25000
3 36 123 25000
3 37 108 25000
3 38 127 25000
3 39 123 25000
3 40 107 25000
3 41 146 25000
3 42 117 25000
3 43 114 25000
3 44 123 25000
3 45 105 25000
3 46 117 25000
3 47 127 25000
3 48 121 25000
3 49 119 25000
3 50 113 25000
3 51 114 25000
4 5 136 25000
4 6 113 25000
4 7 100 25000
4 8 139 25000
4 9 139 25000
4 10 129 25000
4 11 120 25000
4 12 143 25000
4 13 127 25000
4 14 130 25000
4 15 112 25000
4 16 126 25000
4 17 123 25000
4 18 123 25000
4 19 105 25000
4 20 125 25000
4 21 124 25000
4 22 132 25000
4 23 141 25000
4 24 114 25000
4 25 113 25000
4 26 137 25000
4 27 124 25000
4 28 123 25000
4 29 130 25000
4 30 135 25000
4 31 110 25000
4 32 108 25000
4 33 131 25000
4 34 119 25000
4 35 138 25000
4 36 127 25000
4 37 135 25000
4 38 120 25000
4 39 139 25000
4 40 136 25000
4 41 121 25000
4 42 114 25000
4 43 125 25000
4 44 137 25000
4 45 126 25000
4 46 126 25000
4 47 139 25000
4 48 122 25000
4 49 133 25000
4 50 135 25000
4 51 136 25000
5 6 130 25000
5 7 131 25000
5 8 120 25000
5 9 131 25000
5 10 122 25000
5 11 118 25000
5 12 147 25000
5 13 120 25000
5 14 121 25000
5 15 132 25000
5 16 120 25000
5 17 121 25000
5 18 123 25000
5 19 141 25000
5 20 136 25000
5 21 138 25000
5 22 119 25000
5 23 132 25000
5 24 120 25000
5 25 128 25000
5 26 125 25000
5 27 134 25000
5 28 132 25000
5 29 128 25000
5 30 124 25000
5 31 131 25000
5 32 135 25000
5 33 121 25000
5 34 138 25000
5 35 115 25000
5 36 136 25000
5 37 121 25000
5 38 123 25000
5 39 121 25000
5 40 139 25000
5 41 120 25000
5 42 136 25000
5 43 118 25000
5 44 115 25000
5 45 143 25000
5 46 128 25000
5 47 137 25000
5 48 146 25000
5 49 132 25000
5 50 125 25000
5 51 121 25000
6 7 127 25000
6 8 120 25000
6 9 115 25000
6 10 137 25000
6 11 147 25000
6 12 128 25000
6 13 139 25000
6 14 122 25000
6 15 119 25000
6 16 114 25000
6 17 119 25000
6 18 125 25000
6 19 128 25000
6 20 119 25000
6 21 140 25000
6 22 116 25000
6 23 107 25000
6 24 129 25000
6 25 120 25000
6 26 123 25000
6 27 104 25000
6 28 121 25000
6 29 115 25000
6 30 103 25000
6 31 129 25000
6 32 125 25000
6 33 117 25000
6 34 136 25000
6 35 128 25000
6 36 131 25000
6 37 124 25000
6 38 117 25000
6 39 126 25000
6 40 121 25000
6 41 105 25000
6 42 126 25000
6 43 126 25000
6 44 102 25000
6 45 118 25000
6 46 112 25000
6 47 115 25000
6 48 107 25000
6 49 129 25000
6 50 114 25000
6 51 151 25000
7 8 137 25000
7 9 135 25000
7 10 143 25000
7 11 131 25000
7 12 144 25000
7 13 114 25000
7 14 117 25000
7 15 110 25000
7 16 128 25000
7 17 130 25000
7 18 127 25000
7 19 105 25000
7 20 122 25000
7 21 110 25000
7 22 120 25000
7 23 113 25000
7 24 117 25000
7 25 114 25000
7 26 121 25000
7 27 127 25000
7 28 122 25000
7 29 126 25000
7 30 135 25000
7 31 128 25000
7 32 122 25000
7 33 118 25000
7 34 134 25000
7 35 116 25000
7 36 127 25000
7 37 123 25000
7 38 139 25000
7 39 126 25000
7 40 119 25000
7 41 116 25000
7 42 148 25000
7 43 132 25000
7 44 122 25000
7 45 125 25000
7 46 139 25000
7 47 143 25000
7 48 114 25000
7 49 125 25000
7 50 120 25000
7 51 124 25000
8 9 137 25000
8 10 115 25000
8 11 123 25000
8 12 132 25000
8 13 107 25000
8 14 131 25000
8 15 151 25000
8 16 108 25000
8 17 125 25000
8 18 123 25000
8 19 121 25000
8 20 130 25000
8 21 87 25000
8 22 128 25000
8 23 121 25000
8 24 138 25000
8 25 113 25000
8 26 117 25000
8 27 143 25000
8 28 119 25000
8 29 120 25000
8 30 125 25000
8 31 115 25000
8 32 125 25000
8 33 123 25000
8 34 120 25000
8 35 117 25000
8 36 115 25000
8 37 140 25000
8 38 111 25000
8 39 128 25000
8 40 124 25000
8 41 126 25000
8 42 128 25000
8 43 101 25000
8 44 147 25000
8 45 131 25000
8 46 113 25000
8 47 133 25000
8 48 121 25000
8 49 135 25000
8 50 115 25000
8 51 124 25000
9 10 140 25000
9 11 140 25000
9 12 143 25000
9 13 114 25000
9 14 126 25000
9 15 144 25000
9 16 118 25000
9 17 122 25000
9 18 125 25000
9 19 139 25000
9 20 135 25000
9 21 138 25000
9 22 125 25000
9 23 134 25000
9 24 118 25000
9 25 131 25000
9 26 106 25000
9 27 133 25000
9 28 119 25000
9 29 140 25000
9 30 119 25000
9 31 113 25000
9 32 136 25000
9 33 132 25000
9 34 153 25000
9 35 151 25000
9 36 127 25000
9 37 98 25000
9 38 127 25000
9 39 137 25000
9 40 124 25000
9 41 148 25000
9 42 128 25000
9 43 112 25000
9 44 109 25000
9 45 127 25000
9 46 139 25000
9 47 141 25000
9 48 139 25000
9 49 140 25000
9 50 147 25000
9 51 133 25000
10 11 138 25000
10 12 145 25000
10 13 110 25000
10 14 139 25000
10 15 109 25000
10 16 131 25000
10 17 112 25000
10 18 144 25000
10 19 137 25000
10 20 112 25000
10 21 135 25000
10 22 130 25000
10 23 121 25000
10 24 148 25000
10 25 127 25000
10 26 134 25000
10 27 105 25000
10 28 136 25000
10 29 118 25000
10 30 113 25000
10 31 135 25000
10 32 128 25000
10 33 121 25000
10 34 130 25000
10 35 120 25000
10 36 131 25000
10 37 120 25000
10 38 123 25000
10 39 117 25000
10 40 114 25000
10 41 124 25000
10 42 97 25000
10 43 134 25000
10 44 120 25000
10 45 130 25000
10 46 135 25000
10 47 94 25000
10 48 120 25000
10 49 123 25000
10 50 124 25000
10 51 132 25000
11 12 144 25000
11 13 134 25000
11 14 109 25000
11 15 121 25000
11 16 123 25000
11 17 104 25000
11 18 107 25000
11 19 114 25000
11 20 123 25000
11 21 146 25000
11 22 119 25000
11 23 118 25000
11 24 127 25000
11 25 123 25000
11 26 117 25000
11 27 121 25000
11 28 143 25000
11 29 100 25000
11 30 126 25000
11 31 125 25000
11 32 123 25000
11 33 132 25000
11 34 126 25000
11 35 114 25000
11 36 129 25000
11 37 115 25000
11 38 133 25000
11 39 141 25000
11 40 125 25000
11 41 117 25000
11 42 137 25000
11 43 124 25000
11 44 116 25000
11 45 136 25000
11 46 118 25000
11 47 132 25000
11 48 134 25000
11 49 133 25000
11 50 144 25000
11 51 116 25000
12 13 118 25000
12 14 134 25000
12 15 140 25000
12 16 136 25000
12 17 136 25000
12 18 152 25000
12 19 132 25000
12 20 141 25000
12 21 147 25000
12 22 148 25000
12 23 145 25000
12 24 145 25000
12 25 140 25000
12 26 125 25000
12 27 150 25000
12 28 125 25000
12 29 132 25000
12 30 136 25000
12 31 135 25000
12 32 130 25000
12 33 167 25000
12 34 148 25000
12 35 143 25000
12 36 145 25000
12 37 126 25000
12 38 145 25000
12 39 175 25000
12 40 140 25000
12 41 135 25000
12 42 130 25000
12 43 146 25000
12 44 156 25000
12 45 150 25000
12 46 133 25000
12 47 138 25000
12 48 136 25000
12 49 128 25000
12 50 129 25000
12 51 137 25000
13 14 140 25000
13 15 114 25000
13 16 112 25000
13 17 127 25000
13 18 122 25000
13 19 112 25000
13 20 120 25000
13 21 116 25000
13 22 131 25000
13 23 139 25000
13 24 160 25000
13 25 141 25000
13 26 134 25000
13 27 119 25000
13 28 125 25000
13 29 126 25000
13 30 107 25000
13 31 126 25000
13 32 112 25000
13 33 145 25000
13 34 124 25000
13 35 107 25000
13 36 130 25000
13 37 137 25000
13 38 138 25000
13 39 130 25000
13 40 105 25000
13 41 115 25000
13 42 120 25000
13 43 126 25000
13 44 108 25000
13 45 110 25000
13 46 122 25000
13 47 124 25000
13 48 128 25000
13 49 124 25000
13 50 119 25000
13 51 128 25000
14 15 121 25000
14 16 127 25000
14 17 129 25000
14 18 123 25000
14 19 123 25000
14 20 131 25000
14 21 132 25000
14 22 128 25000
14 23 123 25000
14 24 137 25000
14 25 124 25000
14 26 123 25000
14 27 123 25000
14 28 118 25000
14 29 126 25000
14 30 111 25000
14 31 137 25000
14 32 118 25000
14 33 137 25000
14 34 130 25000
14 35 130 25000
14 36 117 25000
14 37 123 25000
14 38 130 25000
14 39 125 25000
14 40 123 25000
14 41 125 25000
14 42 117 25000
14 43 136 25000
14 44 133 25000
14 45 126 25000
14 46 125 25000
14 47 127 25000
14 48 121 25000
14 49 114 25000
14 50 128 25000
14 51 128 25000
15 16 128 25000
15 17 121 25000
15 18 141 25000
15 19 133 25000
15 20 120 25000
15 21 158 25000
15 22 125 25000
15 23 134 25000
15 24 133 25000
15 25 143 25000
15 26 120 25000
15 27 124 25000
15 28 122 25000
15 29 114 25000
15 30 125 25000
15 31 104 25000
15 32 130 25000
15 33 125 25000
15 34 126 25000
15 35 127 25000
15 36 135 25000
15 37 109 25000
15 38 110 25000
15 39 129 25000
15 40 108 25000
15 41 152 25000
15 42 132 25000
15 43 117 25000
15 44 120 25000
15 45 129 25000
15 46 126 25000
15 47 103 25000
15 48 118 25000
15 49 124 25000
15 50 143 25000
15 51 132 25000
16 17 127 25000
16 18 133 25000
16 19 124 25000
16 20 132 25000
16 21 133 25000
16 22 135 25000
16 23 134 25000
16 24 140 25000
16 25 131 25000
16 26 120 25000
16 27 98 25000
16 28 128 25000
16 29 122 25000
16 30 135 25000
16 31 136 25000
16 32 118 25000
16 33 114 25000
16 34 132 25000
16 35 120 25000
16 36 152 25000
16 37 134 25000
16 38 125 25000
16 39 120 25000
16 40 152 25000
16 41 114 25000
16 42 125 25000
16 43 126 25000
16 44 133 25000
16 45 126 25000
16 46 105 25000
16 47 116 25000
16 48 123 25000
16 49 116 25000
16 50 117 25000
16 51 117 25000
17 18 139 25000
17 19 120 25000
17 20 136 25000
17 21 140 25000
17 22 121 25000
17 23 110 25000
17 24 131 25000
17 25 147 25000
17 26 129 25000
17 27 121 25000
17 28 115 25000
17 29 114 25000
17 30 119 25000
17 31 125 25000
17 32 126 25000
17 33 117 25000
17 34 117 25000
17 35 123 25000
17 36 126 25000
17 37 126 25000
17 38 119 25000
17 39 110 25000
17 40 118 25000
17 41 138 25000
17 42 108 25000
17 43 117 25000
17 44 108 25000
17 45 122 25000
17 46 105 25000
17 47 136 25000
17 48 131 25000
17 49 137 25000
17 50 167 25000
17 51 128 25000
18 19 143 25000
18 20 130 25000
18 21 133 25000
18 22 139 25000
18 23 126 25000
18 24 140 25000
18 25 117 25000
18 26 115 25000
18 27 115 25000
18 28 129 25000
18 29 120 25000
18 30 140 25000
18 31 130 25000
18 32 107 25000
18 33 112 25000
18 34 138 25000
18 35 128 25000
18 36 138 25000
18 37 108 25000
18 38 117 25000
18 39 129 25000
18 40 120 25000
18 41 139 25000
18 42 113 25000
18 43 109 25000
18 44 117 25000
18 45 136 25000
18 46 119 25000
18 47 125 25000
18 48 135 25000
18 49 135 25000
18 50 111 25000
18 51 121 25000
19 20 152 25000
19 21 126 25000
19 22 124 25000
19 23 118 25000
19 24 141 25000
19 25 117 25000
19 26 129 25000
19 27 123 25000
19 28 125 25000
19 29 120 25000
19 30 126 25000
19 31 122 25000
19 32 126 25000
19 33 125 25000
19 34 104 25000
19 35 128 25000
19 36 115 25000
19 37 123 25000
19 38 112 25000
19 39 122 25000
19 40 130 25000
19 41 134 25000
19 42 116 25000
19 43 125 25000
19 44 102 25000
19 45 141 25000
19 46 134 25000
19 47 133 25000
19 48 119 25000
19 49 113 25000
19 50 130 25000
19 51 116 25000
20 21 139 25000
20 22 122 25000
20 23 148 25000
20 24 119 25000
20 25 133 25000
20 26 127 25000
20 27 119 25000
20 28 108 25000
20 29 126 25000
20 30 109 25000
20 31 118 25000
20 32 110 25000
20 33 122 25000
20 34 116 25000
20 35 143 25000
20 36 131 25000
20 37 146 25000
20 38 133 25000
20 39 134 25000
20 40 121 25000
20 41 121 25000
20 42 118 25000
20 43 148 25000
20 44 122 25000
20 45 124 25000
20 46 125 25000
20 47 134 25000
20 48 93 25000
20 49 128 25000
20 50 128 25000
20 51 122 25000
21 22 138 25000
21 23 125 25000
21 24 135 25000
21 25 120 25000
21 26 124 25000
21 27 104 25000
21 28 114 25000
21 29 115 25000
21 30 123 25000
21 31 153 25000
21 32 131 25000
21 33 121 25000
21 34 147 25000
21 35 115 25000
21 36 142 25000
21 37 132 25000
21 38 134 25000
21 39 141 25000
21 40 148 25000
21 41 131 25000
21 42 110 25000
21 43 111 25000
21 44 128 25000
21 45 141 25000
21 46 126 25000
21 47 132 25000
21 48 140 25000
21 49 118 25000
21 50 122 25000
21 51 127 25000
22 23 141 25000
22 24 144 25000
22 25 158 25000
22 26 124 25000
22 27 121 25000
22 28 127 25000
22 29 123 25000
22 30 118 25000
22 31 132 25000
22 32 142 25000
22 33 120 25000
22 34 101 25000
22 35 134 25000
22 36 142 25000
22 37 132 25000
22 38 125 25000
22 39 122 25000
22 40 128 25000
22 41 128 25000
22 42 136 25000
22 43 120 25000
22 44 126 25000
22 45 118 25000
22 46 133 25000
22 47 124 25000
22 48 119 25000
22 49 138 25000
22 50 122 25000
22 51 117 25000
23 24 149 25000
23 25 136 25000
23 26 133 25000
23 27 122 25000
23 28 117 25000
23 29 108 25000
23 30 134 25000
23 31 142 25000
23 32 119 25000
23 33 119 25000
23 34 130 25000
23 35 132 25000
23 36 117 25000
23 37 111 25000
23 38 128 25000
23 39 144 25000
23 40 111 25000
23 41 107 25000
23 42 130 25000
23 43 126 25000
23 44 126 25000
23 45 134 25000
23 46 125 25000
23 47 135 25000
23 48 139 25000
23 49 128 25000
23 50 133 25000
23 51 143 25000
24 25 141 25000
24 26 150 25000
24 27 126 25000
24 28 123 25000
24 29 110 25000
24 30 110 25000
24 31 149 25000
24 32 137 25000
24 33 111 25000
24 34 146 25000
24 35 140 25000
24 36 116 25000
24 37 131 25000
24 38 152 25000
24 39 123 25000
24 40 141 25000
24 41 130 25000
24 42 116 25000
24 43 127 25000
24 44 121 25000
24 45 135 25000
24 46 128 25000
24 47 144 25000
24 48 108 25000
24 49 118 25000
24 50 118 25000
24 51 131 25000
25 26 123 25000
25 27 132 25000
25 28 113 25000
25 29 115 25000
25 30 123 25000
25 31 104 25000
25 32 133 25000
25 33 107 25000
25 34 137 25000
25 35 122 25000
25 36 122 25000
25 37 115 25000
25 38 115 25000
25 39 129 25000
25 40 130 25000
25 41 111 25000
25 42 112 25000
25 43 108 25000
25 44 142 25000
25 45 123 25000
25 46 131 25000
25 47 108 25000
25 48 123 25000
25 49 117 25000
25 50 113 25000
25 51 122 25000
26 27 147 25000
26 28 119 25000
26 29 134 25000
26 30 156 25000
26 31 125 25000
26 32 124 25000
26 33 119 25000
26 34 139 25000
26 35 134 25000
26 36 116 25000
26 37 132 25000
26 38 128 25000
26 39 149 25000
26 40 120 25000
26 41 136 25000
26 42 122 25000
26 43 145 25000
26 44 113 25000
26 45 110 25000
26 46 113 25000
26 47 116 25000
26 48 122 25000
26 49 102 25000
26 50 118 25000
26 51 148 25000
27 28 135 25000
27 29 129 25000
27 30 123 25000
27 31 116 25000
27 32 137 25000
27 33 137 25000
27 34 128 25000
27 35 118 25000
27 36 113 25000
27 37 138 25000
27 38 135 25000
27 39 130 25000
27 40 133 25000
27 41 113 25000
27 42 101 25000
27 43 155 25000
27 44 141 25000
27 45 121 25000
27 46 155 25000
27 47 133 25000
27 48 107 25000
27 49 120 25000
27 50 96 25000
27 51 117 25000
28 29 141 25000
28 30 134 25000
28 31 126 25000
28 32 130 25000
28 33 107 25000
28 34 117 25000
28 35 133 25000
28 36 125 25000
28 37 118 25000
28 38 117 25000
28 39 136 25000
28 40 127 25000
28 41 125 25000
28 42 111 25000
28 43 125 25000
28 44 115 25000
28 45 143 25000
28 46 128 25000
28 47 117 25000
28 48 120 25000
28 49 129 25000
28 50 98 25000
28 51 125 25000
29 30 131 25000
29 31 119 25000
29 32 125 25000
29 33 139 25000
29 34 120 25000
29 35 132 25000
29 36 120 25000
29 37 133 25000
29 38 128 25000
29 39 120 25000
29 40 128 25000
29 41 125 25000
29 42 144 25000
29 43 127 25000
29 44 164 25000
29 45 130 25000
29 46 131 25000
29 47 130 25000
29 48 142 25000
29 49 126 25000
29 50 136 25000
29 51 114 25000
30 31 153 25000
30 32 113 25000
30 33 115 25000
30 34 116 25000
30 35 136 25000
30 36 130 25000
30 37 135 25000
30 38 102 25000
30 39 128 25000
30 40 143 25000
30 41 143 25000
30 42 139 25000
30 43 125 25000
30 44 127 25000
30 45 100 25000
30 46 126 25000
30 47 146 25000
30 48 132 25000
30 49 113 25000
30 50 125 25000
30 51 125 25000
31 32 108 25000
31 33 130 25000
31 34 128 25000
31 35 124 25000
31 36 137 25000
31 37 131 25000
31 38 153 25000
31 39 123 25000
31 40 140 25000
31 41 143 25000
31 42 111 25000
31 43 128 25000
31 44 150 25000
31 45 126 25000
31 46 113 25000
31 47 127 25000
31 48 124 25000
31 49 124 25000
31 50 115 25000
31 51 142 25000
32 33 135 25000
32 34 118 25000
32 35 122 25000
32 36 126 25000
32 37 136 25000
32 38 147 25000
32 39 98 25000
32 40 124 25000
32 41 123 25000
32 42 120 25000
32 43 128 25000
32 44 115 25000
32 45 114 25000
32 46 128 25000
32 47 122 25000
32 48 106 25000
32 49 142 25000
32 50 123 25000
32 51 128 25000
33 34 136 25000
33 35 109 25000
33 36 143 25000
33 37 132 25000
33 38 129 25000
33 39 114 25000
33 40 119 25000
33 41 112 25000
33 42 144 25000
33 43 124 25000
33 44 121 25000
33 45 112 25000
33 46 136 25000
33 47 125 25000
33 48 131 25000
33 49 125 25000
33 50 126 25000
33 51 132 25000
34 35 131 25000
34 36 130 25000
34 37 150 25000
34 38 118 25000
34 39 131 25000
34 40 137 25000
34 41 136 25000
34 42 119 25000
34 43 145 25000
34 44 127 25000
34 45 135 25000
34 46 145 25000
34 47 127 25000
34 48 123 25000
34 49 117 25000
34 50 138 25000
34 51 119 25000
35 36 132 25000
35 37 134 25000
35 38 145 25000
35 39 131 25000
35 40 124 25000
35 41 133 25000
35 42 125 25000
35 43 121 25000
35 44 137 25000
35 45 111 25000
35 46 112 25000
35 47 127 25000
35 48 131 25000
35 49 136 25000
35 50 112 25000
35 51 131 25000
36 37 136 25000
36 38 132 25000
36 39 129 25000
36 40 144 25000
36 41 127 25000
36 42 127 25000
36 43 119 25000
36 44 120 25000
36 45 134 25000
36 46 120 25000
36 47 121 25000
36 48 120 25000
36 49 120 25000
36 50 129 25000
36 51 141 25000
37 38 138 25000
37 39 131 25000
37 40 138 25000
37 41 120 25000
37 42 116 25000
37 43 121 25000
37 44 130 25000
37 45 127 25000
37 46 135 25000
37 47 138 25000
37 48 119 25000
37 49 132 25000
37 50 132 25000
37 51 115 25000
38 39 130 25000
38 40 143 25000
38 41 139 25000
38 42 123 25000
38 43 131 25000
38 44 118 25000
38 45 123 25000
38 46 110 25000
38 47 132 25000
38 48 115 25000
38 49 135 25000
38 50 131 25000
38 51 138 25000
39 40 124 25000
39 41 122 25000
39 42 131 25000
39 43 133 25000
39 44 138 25000
39 45 118 25000
39 46 116 25000
39 47 114 25000
39 48 130 25000
39 49 149 25000
39 50 110 25000
39 51 147 25000
40 41 135 25000
40 42 128 25000
40 43 123 25000
40 44 127 25000
40 45 125 25000
40 46 124 25000
40 47 130 25000
40 48 131 25000
40 49 139 25000
40 50 127 25000
40 51 156 25000
41 42 138 25000
41 43 144 25000
41 44 112 25000
41 45 138 25000
41 46 129 25000
41 47 121 25000
41 48 130 25000
41 49 136 25000
41 50 148 25000
41 51 143 25000
42 43 168 25000
42 44 143 25000
42 45 126 25000
42 46 145 25000
42 47 159 25000
42 48 145 25000
42 49 143 25000
42 50 131 25000
42 51 129 25000
43 44 122 25000
43 45 144 25000
43 46 138 25000
43 47 121 25000
43 48 145 25000
43 49 119 25000
43 50 105 25000
43 51 123 25000
44 45 120 25000
44 46 132 25000
44 47 134 25000
44 48 134 25000
44 49 145 25000
44 50 124 25000
44 51 115 25000
45 46 152 25000
45 47 132 25000
45 48 141 25000
45 49 124 25000
45 50 124 25000
45 51 126 25000
46 47 143 25000
46 48 145 25000
46 49 115 25000
46 50 112 25000
46 51 135 25000
47 48 128 25000
47 49 135 25000
47 50 129 25000
47 51 129 25000
48 49 120 25000
48 50 139 25000
48 51 117 25000
49 50 136 25000
49 51 142 25000
50 51 109 25000
