0 1 127 25000
0 2 126 25000
0 3 139 25000
0 4 113 25000
0 5 136 25000
0 6 132 25000
0 7 129 25000
0 8 120 25000
0 9 137 25000
0 10 126 25000
0 11 129 25000
0 12 138 25000
0 13 123 25000
0 14 134 25000
0 15 115 25000
0 16 120 25000
0 17 130 25000
0 18 112 25000
0 19 131 25000
0 20 131 25000
0 21 132 25000
0 22 117 25000
0 23 110 25000
0 24 123 25000
0 25 102 25000
0 26 101 25000
0 27 119 25000
0 28 146 25000
0 29 105 25000
0 30 148 25000
0 31 137 25000
0 32 120 25000
0 33 115 25000
0 34 123 25000
0 35 110 25000
0 36 124 25000
0 37 118 25000
0 38 115 25000
0 39 114 25000
0 40 110 25000
0 41 122 25000
0 42 130 25000
0 43 131 25000
0 44 135 25000
0 45 133 25000
0 46 122 25000
0 47 140 25000
0 48 122 25000
0 49 120 25000
0 50 128 25000
0 51 113 25000
1 2 126 25000
1 3 131 25000
1 4 114 25000
1 5 130 25000
1 6 112 25000
1 7 119 25000
1 8 124 25000
1 9 131 25000
1 10 117 25000
1 11 131 25000
1 12 158 25000
1 13 129 25000
1 14 133 25000
1 15 119 25000
1 16 140 25000
1 17 144 25000
1 18 121 25000
1 19 117 25000
1 20 125 25000
1 21 131 25000
1 22 123 25000
1 23 122 25000
1 24 120 25000
1 25 104 25000
1 26 109 25000
1 27 126 25000
1 28 124 25000
1 29 128 25000
1 30 133 25000
1 31 108 25000
1 32 136 25000
1 33 119 25000
1 34 129 25000
1 35 131 25000
1 36 123 25000
1 37 106 25000
1 38 123 25000
1 39 104 25000
1 40 118 25000
1 41 126 25000
1 42 106 25000
1 43 134 25000
1 44 118 25000
1 45 122 25000
1 46 122 25000
1 47 126 25000
1 48 134 25000
1 49 114 25000
1 50 123 25000
1 51 104 25000
2 3 124 25000
2 4 128 25000
2 5 136 25000
2 6 140 25000
2 7 135 25000
2 8 138 25000
2 9 126 25000
2 10 120 25000
2 11 138 25000
2 12 139 25000
2 13 126 25000
2 14 132 25000
2 15 138 25000
2 16 138 25000
2 17 135 25000
2 18 141 25000
2 19 121 25000
2 20 133 25000
2 21 119 25000
2 22 122 25000
2 23 113 25000
2 24 110 25000
2 25 133 25000
2 26 113 25000
2 27 108 25000
2 28 137 25000
2 29 119 25000
2 30 138 25000
2 31 133 25000
2 32 123 25000
2 33 137 25000
2 34 118 25000
2 35 124 25000
2 36 143 25000
2 37 139 25000
2 38 116 25000
2 39 142 25000
2 40 123 25000
2 41 119 25000
2 42 143 25000
2 43 125 25000
2 44 136 25000
2 45 130 25000
2 46 136 25000
2 47 133 25000
2 48 121 25000
2 49 121 25000
2 50 128 25000
2 51 130 25000
3 4 116 25000
3 5 128 25000
3 6 140 25000
3 7 120 25000
3 8 116 25000
3 9 131 25000
3 10 128 25000
3 11 130 25000
3 12 145 25000
3 13 129 25000
3 14 130 25000
3 15 138 25000
3 16 116 25000
3 17 144 25000
3 18 138 25000
3 19 123 25000
3 20 127 25000
3 21 132 25000
3 22 140 25000
3 23 136 25000
3 24 126 25000
3 25 129 25000
3 26 127 25000
3 27 126 25000
3 28 127 25000
3 29 134 25000
3 30 123 25000
3 31 133 25000
3 32 134 25000
3 33 135 25000
3 34 126 25000
3 35 142 25000
3 36 134 25000
3 37 141 25000
3 38 126 25000
3 39 104 25000
3 40 120 25000
3 41 138 25000
3 42 124 25000
3 43 122 25000
3 44 119 25000
3 45 123 25000
3 46 126 25000
3 47 112 25000
3 48 119 25000
3 49 131 25000
3 50 118 25000
3 51 131 25000
4 5 140 25000
4 6 111 25000
4 7 119 25000
4 8 130 25000
4 9 144 25000
4 10 127 25000
4 11 142 25000
4 12 146 25000
4 13 135 25000
4 14 115 25000
4 15 130 25000
4 16 120 25000
4 17 124 25000
4 18 120 25000
4 19 137 25000
4 20 123 25000
4 21 131 25000
4 22 118 25000
4 23 128 25000
4 24 142 25000
4 25 106 25000
4 26 131 25000
4 27 116 25000
4 28 114 25000
4 29 124 25000
4 30 126 25000
4 31 128 25000
4 32 113 25000
4 33 107 25000
4 34 130 25000
4 35 122 25000
4 36 108 25000
4 37 118 25000
4 38 112 25000
4 39 143 25000
4 40 119 25000
4 41 120 25000
4 42 139 25000
4 43 136 25000
4 44 119 25000
4 45 127 25000
4 46 102 25000
4 47 121 25000
4 48 146 25000
4 49 132 25000
4 50 114 25000
4 51 117 25000
5 6 130 25000
5 7 126 25000
5 8 117 25000
5 9 115 25000
5 10 111 25000
5 11 106 25000
5 12 158 25000
5 13 131 25000
5 14 128 25000
5 15 162 25000
5 16 126 25000
5 17 105 25000
5 18 132 25000
5 19 131 25000
5 20 127 25000
5 21 118 25000
5 22 124 25000
5 23 131 25000
5 24 144 25000
5 25 134 25000
5 26 122 25000
5 27 127 25000
5 28 126 25000
5 29 115 25000
5 30 123 25000
5 31 135 25000
5 32 138 25000
5 33 130 25000
5 34 128 25000
5 35 156 25000
5 36 130 25000
5 37 147 25000
5 38 131 25000
5 39 116 25000
5 40 125 25000
5 41 111 25000
5 42 142 25000
5 43 110 25000
5 44 123 25000
5 45 112 25000
5 46 129 25000
5 47 106 25000
5 48 137 25000
5 49 122 25000
5 50 125 25000
5 51 128 25000
6 7 151 25000
6 8 115 25000
6 9 136 25000
6 10 113 25000
6 11 137 25000
6 12 174 25000
6 13 127 25000
6 14 131 25000
6 15 135 25000
6 16 134 25000
6 17 116 25000
6 18 135 25000
6 19 116 25000
6 20 120 25000
6 21 134 25000
6 22 141 25000
6 23 120 25000
6 24 124 25000
6 25 127 25000
6 26 133 25000
6 27 144 25000
6 28 139 25000
6 29 136 25000
6 30 130 25000
6 31 118 25000
6 32 107 25000
6 33 110 25000
6 34 126 25000
6 35 134 25000
6 36 121 25000
6 37 124 25000
6 38 117 25000
6 39 117 25000
6 40 128 25000
6 41 131 25000
6 42 128 25000
6 43 134 25000
6 44 140 25000
6 45 121 25000
6 46 113 25000
6 47 137 25000
6 48 130 25000
6 49 112 25000
6 50 107 25000
6 51 135 25000
7 8 136 25000
7 9 116 25000
7 10 117 25000
7 11 105 25000
7 12 154 25000
7 13 129 25000
7 14 128 25000
7 15 110 25000
7 16 142 25000
7 17 120 25000
7 18 116 25000
7 19 124 25000
7 20 124 25000
7 21 124 25000
7 22 128 25000
7 23 130 25000
7 24 115 25000
7 25 128 25000
7 26 116 25000
7 27 123 25000
7 28 116 25000
7 29 122 25000
7 30 104 25000
7 31 115 25000
7 32 121 25000
7 33 116 25000
7 34 125 25000
7 35 118 25000
7 36 128 25000
7 37 127 25000
7 38 123 25000
7 39 141 25000
7 40 119 25000
7 41 132 25000
7 42 117 25000
7 43 111 25000
7 44 151 25000
7 45 139 25000
7 46 123 25000
7 47 129 25000
7 48 117 25000
7 49 114 25000
7 50 127 25000
7 51 122 25000
8 9 134 25000
8 10 115 25000
8 11 133 25000
8 12 127 25000
8 13 114 25000
8 14 105 25000
8 15 126 25000
8 16 118 25000
8 17 115 25000
8 18 135 25000
8 19 140 25000
8 20 127 25000
8 21 117 25000
8 22 127 25000
8 23 107 25000
8 24 126 25000
8 25 132 25000
8 26 123 25000
8 27 115 25000
8 28 128 25000
8 29 125 25000
8 30 125 25000
8 31 124 25000
8 32 126 25000
8 33 102 25000
8 34 128 25000
8 35 126 25000
8 36 123 25000
8 37 131 25000
8 38 121 25000
8 39 115 25000
8 40 113 25000
8 41 139 25000
8 42 112 25000
8 43 129 25000
8 44 132 25000
8 45 135 25000
8 46 111 25000
8 47 121 25000
8 48 120 25000
8 49 103 25000
8 50 137 25000
8 51 149 25000
9 10 132 25000
9 11 142 25000
9 12 130 25000
9 13 157 25000
9 14 147 25000
9 15 139 25000
9 16 131 25000
9 17 143 25000
9 18 121 25000
9 19 129 25000
9 20 114 25000
9 21 131 25000
9 22 137 25000
9 23 136 25000
9 24 135 25000
9 25 123 25000
9 26 157 25000
9 27 139 25000
9 28 129 25000
9 29 152 25000
9 30 118 25000
9 31 137 25000
9 32 118 25000
9 33 107 25000
9 34 123 25000
9 35 136 25000
9 36 130 25000
9 37 124 25000
9 38 113 25000
9 39 136 25000
9 40 121 25000
9 41 126 25000
9 42 116 25000
9 43 123 25000
9 44 137 25000
9 45 106 25000
9 46 104 25000
9 47 134 25000
9 48 123 25000
9 49 147 25000
9 50 123 25000
9 51 122 25000
10 11 124 25000
10 12 151 25000
10 13 117 25000
10 14 116 25000
10 15 148 25000
10 16 120 25000
10 17 104 25000
10 18 116 25000
10 19 127 25000
10 20 135 25000
10 21 127 25000
10 22 113 25000
10 23 118 25000
10 24 135 25000
10 25 127 25000
10 26 135 25000
10 27 116 25000
10 28 141 25000
10 29 123 25000
10 30 131 25000
10 31 119 25000
10 32 120 25000
10 33 136 25000
10 34 128 25000
10 35 101 25000
10 36 116 25000
10 37 141 25000
10 38 121 25000
10 39 115 25000
10 40 116 25000
10 41 130 25000
10 42 123 25000
10 43 122 25000
10 44 131 25000
10 45 126 25000
10 46 107 25000
10 47 129 25000
10 48 134 25000
10 49 122 25000
10 50 125 25000
10 51 114 25000
11 12 156 25000
11 13 112 25000
11 14 133 25000
11 15 124 25000
11 16 106 25000
11 17 121 25000
11 18 126 25000
11 19 127 25000
11 20 111 25000
11 21 119 25000
11 22 126 25000
11 23 128 25000
11 24 117 25000
11 25 108 25000
11 26 116 25000
11 27 125 25000
11 28 122 25000
11 29 140 25000
11 30 119 25000
11 31 122 25000
11 32 121 25000
11 33 127 25000
11 34 131 25000
11 35 121 25000
11 36 123 25000
11 37 119 25000
11 38 116 25000
11 39 122 25000
11 40 132 25000
11 41 133 25000
11 42 115 25000
11 43 117 25000
11 44 114 25000
11 45 111 25000
11 46 134 25000
11 47 150 25000
11 48 123 25000
11 49 114 25000
11 50 114 25000
11 51 119 25000
12 13 143 25000
12 14 137 25000
12 15 152 25000
12 16 144 25000
12 17 137 25000
12 18 129 25000
12 19 145 25000
12 20 143 25000
12 21 160 25000
12 22 140 25000
12 23 135 25000
12 24 137 25000
12 25 132 25000
12 26 132 25000
12 27 153 25000
12 28 124 25000
12 29 143 25000
12 30 144 25000
12 31 140 25000
12 32 122 25000
12 33 130 25000
12 34 154 25000
12 35 123 25000
12 36 122 25000
12 37 127 25000
12 38 146 25000
12 39 134 25000
12 40 124 25000
12 41 159 25000
12 42 138 25000
12 43 159 25000
12 44 131 25000
12 45 167 25000
12 46 136 25000
12 47 125 25000
12 48 147 25000
12 49 153 25000
12 50 149 25000
12 51 120 25000
13 14 119 25000
13 15 126 25000
13 16 113 25000
13 17 118 25000
13 18 135 25000
13 19 147 25000
13 20 122 25000
13 21 148 25000
13 22 130 25000
13 23 138 25000
13 24 124 25000
13 25 118 25000
13 26 112 25000
13 27 115 25000
13 28 140 25000
13 29 139 25000
13 30 141 25000
13 31 114 25000
13 32 118 25000
13 33 131 25000
13 34 130 25000
13 35 129 25000
13 36 125 25000
13 37 126 25000
13 38 124 25000
13 39 111 25000
13 40 126 25000
13 41 127 25000
13 42 119 25000
13 43 115 25000
13 44 121 25000
13 45 120 25000
13 46 128 25000
13 47 131 25000
13 48 105 25000
13 49 117 25000
13 50 121 25000
13 51 124 25000
14 15 143 25000
14 16 135 25000
14 17 136 25000
14 18 134 25000
14 19 111 25000
14 20 115 25000
14 21 143 25000
14 22 129 25000
14 23 115 25000
14 24 121 25000
14 25 130 25000
14 26 109 25000
14 27 138 25000
14 28 146 25000
14 29 121 25000
14 30 135 25000
14 31 113 25000
14 32 123 25000
14 33 146 25000
14 34 121 25000
14 35 126 25000
14 36 149 25000
14 37 123 25000
14 38 138 25000
14 39 127 25000
14 40 117 25000
14 41 132 25000
14 42 112 25000
14 43 134 25000
14 44 129 25000
14 45 125 25000
14 46 126 25000
14 47 129 25000
14 48 143 25000
14 49 125 25000
14 50 120 25000
14 51 142 25000
15 16 125 25000
15 17 137 25000
15 18 149 25000
15 19 136 25000
15 20 114 25000
15 21 136 25000
15 22 115 25000
15 23 109 25000
15 24 123 25000
15 25 128 25000
15 26 132 25000
15 27 117 25000
15 28 145 25000
15 29 139 25000
15 30 121 25000
15 31 121 25000
15 32 131 25000
15 33 132 25000
15 34 115 25000
15 35 133 25000
15 36 142 25000
15 37 121 25000
15 38 124 25000
15 39 124 25000
15 40 129 25000
15 41 129 25000
15 42 126 25000
15 43 127 25000
15 44 125 25000
15 45 159 25000
15 46 114 25000
15 47 129 25000
15 48 136 25000
15 49 134 25000
15 50 128 25000
15 51 140 25000
16 17 154 25000
16 18 144 25000
16 19 120 25000
16 20 125 25000
16 21 123 25000
16 22 126 25000
16 23 102 25000
16 24 152 25000
16 25 139 25000
16 26 142 25000
16 27 141 25000
16 28 101 25000
16 29 142 25000
16 30 130 25000
16 31 138 25000
16 32 122 25000
16 33 121 25000
16 34 133 25000
16 35 129 25000
16 36 125 25000
16 37 109 25000
16 38 115 25000
16 39 113 25000
16 40 127 25000
16 41 151 25000
16 42 113 25000
16 43 117 25000
16 44 144 25000
16 45 142 25000
16 46 113 25000
16 47 104 25000
16 48 126 25000
16 49 139 25000
16 50 112 25000
16 51 146 25000
17 18 149 25000
17 19 130 25000
17 20 138 25000
17 21 142 25000
17 22 142 25000
17 23 134 25000
17 24 122 25000
17 25 118 25000
17 26 116 25000
17 27 115 25000
17 28 134 25000
17 29 121 25000
17 30 133 25000
17 31 139 25000
17 32 120 25000
17 33 146 25000
17 34 136 25000
17 35 128 25000
17 36 131 25000
17 37 129 25000
17 38 142 25000
17 39 119 25000
17 40 136 25000
17 41 145 25000
17 42 109 25000
17 43 116 25000
17 44 143 25000
17 45 136 25000
17 46 125 25000
17 47 136 25000
17 48 143 25000
17 49 121 25000
17 50 114 25000
17 51 121 25000
18 19 137 25000
18 20 124 25000
18 21 136 25000
18 22 133 25000
18 23 120 25000
18 24 153 25000
18 25 127 25000
18 26 125 25000
18 27 136 25000
18 28 121 25000
18 29 142 25000
18 30 118 25000
18 31 119 25000
18 32 141 25000
18 33 141 25000
18 34 117 25000
18 35 123 25000
18 36 133 25000
18 37 115 25000
18 38 131 25000
18 39 121 25000
18 40 136 25000
18 41 127 25000
18 42 112 25000
18 43 121 25000
18 44 126 25000
18 45 120 25000
18 46 135 25000
18 47 134 25000
18 48 124 25000
18 49 118 25000
18 50 147 25000
18 51 144 25000
19 20 153 25000
19 21 141 25000
19 22 101 25000
19 23 130 25000
19 24 128 25000
19 25 102 25000
19 26 127 25000
19 27 100 25000
19 28 131 25000
19 29 122 25000
19 30 110 25000
19 31 114 25000
19 32 121 25000
19 33 129 25000
19 34 121 25000
19 35 108 25000
19 36 104 25000
19 37 125 25000
19 38 114 25000
19 39 121 25000
19 40 113 25000
19 41 125 25000
19 42 111 25000
19 43 101 25000
19 44 112 25000
19 45 120 25000
19 46 138 25000
19 47 117 25000
19 48 128 25000
19 49 124 25000
19 50 135 25000
19 51 124 25000
20 21 111 25000
20 22 127 25000
20 23 115 25000
20 24 124 25000
20 25 117 25000
20 26 151 25000
20 27 116 25000
20 28 143 25000
20 29 110 25000
20 30 139 25000
20 31 132 25000
20 32 116 25000
20 33 132 25000
20 34 122 25000
20 35 111 25000
20 36 122 25000
20 37 134 25000
20 38 114 25000
20 39 119 25000
20 40 119 25000
20 41 131 25000
20 42 127 25000
20 43 115 25000
20 44 133 25000
20 45 114 25000
20 46 143 25000
20 47 120 25000
20 48 118 25000
20 49 135 25000
20 50 128 25000
20 51 128 25000
21 22 136 25000
21 23 130 25000
21 24 122 25000
21 25 132 25000
21 26 120 25000
21 27 126 25000
21 28 123 25000
21 29 130 25000
21 30 121 25000
21 31 120 25000
21 32 126 25000
21 33 112 25000
21 34 121 25000
21 35 135 25000
21 36 120 25000
21 37 120 25000
21 38 130 25000
21 39 143 25000
21 40 128 25000
21 41 144 25000
21 42 114 25000
21 43 121 25000
21 44 97 25000
21 45 131 25000
21 46 127 25000
21 47 112 25000
21 48 133 25000
21 49 114 25000
21 50 143 25000
21 51 126 25000
22 23 132 25000
22 24 121 25000
22 25 140 25000
22 26 123 25000
22 27 147 25000
22 28 132 25000
22 29 131 25000
22 30 128 25000
22 31 111 25000
22 32 126 25000
22 33 130 25000
22 34 103 25000
22 35 138 25000
22 36 129 25000
22 37 131 25000
22 38 127 25000
22 39 134 25000
22 40 132 25000
22 41 103 25000
22 42 102 25000
22 43 137 25000
22 44 120 25000
22 45 149 25000
22 46 123 25000
22 47 149 25000
22 48 140 25000
22 49 136 25000
22 50 120 25000
22 51 120 25000
23 24 134 25000
23 25 139 25000
23 26 126 25000
23 27 122 25000
23 28 120 25000
23 29 118 25000
23 30 121 25000
23 31 105 25000
23 32 131 25000
23 33 139 25000
23 34 107 25000
23 35 139 25000
23 36 123 25000
23 37 115 25000
23 38 130 25000
23 39 134 25000
23 40 116 25000
23 41 106 25000
23 42 127 25000
23 43 118 25000
23 44 122 25000
23 45 123 25000
23 46 138 25000
23 47 117 25000
23 48 126 25000
23 49 129 25000
23 50 126 25000
23 51 120 25000
24 25 140 25000
24 26 102 25000
24 27 127 25000
24 28 126 25000
24 29 129 25000
24 30 129 25000
24 31 122 25000
24 32 139 25000
24 33 125 25000
24 34 137 25000
24 35 119 25000
24 36 143 25000
24 37 120 25000
24 38 147 25000
24 39 122 25000
24 40 130 25000
24 41 135 25000
24 42 114 25000
24 43 105 25000
24 44 116 25000
24 45 122 25000
24 46 146 25000
24 47 128 25000
24 48 117 25000
24 49 127 25000
24 50 121 25000
24 51 105 25000
25 26 113 25000
25 27 118 25000
25 28 125 25000
25 29 117 25000
25 30 137 25000
25 31 141 25000
25 32 111 25000
25 33 138 25000
25 34 121 25000
25 35 116 25000
25 36 108 25000
25 37 132 25000
25 38 123 25000
25 39 117 25000
25 40 131 25000
25 41 139 25000
25 42 116 25000
25 43 121 25000
25 44 136 25000
25 45 115 25000
25 46 121 25000
25 47 111 25000
25 48 138 25000
25 49 108 25000
25 50 131 25000
25 51 110 25000
26 27 117 25000
26 28 129 25000
26 29 126 25000
26 30 120 25000
26 31 115 25000
26 32 113 25000
26 33 124 25000
26 34 137 25000
26 35 152 25000
26 36 129 25000
26 37 154 25000
26 38 120 25000
26 39 123 25000
26 40 131 25000
26 41 134 25000
26 42 110 25000
26 43 133 25000
26 44 129 25000
26 45 129 25000
26 46 94 25000
26 47 118 25000
26 48 155 25000
26 49 128 25000
26 50 108 25000
26 51 133 25000
27 28 131 25000
27 29 145 25000
27 30 134 25000
27 31 131 25000
27 32 116 25000
27 33 122 25000
27 34 121 25000
27 35 128 25000
27 36 109 25000
27 37 118 25000
27 38 143 25000
27 39 124 25000
27 40 120 25000
27 41 118 25000
27 42 116 25000
27 43 131 25000
27 44 127 25000
27 45 106 25000
27 46 116 25000
27 47 127 25000
27 48 116 25000
27 49 142 25000
27 50 127 25000
27 51 113 25000
28 29 131 25000
28 30 127 25000
28 31 119 25000
28 32 139 25000
28 33 141 25000
28 34 143 25000
28 35 110 25000
28 36 128 25000
28 37 140 25000
28 38 134 25000
28 39 131 25000
28 40 120 25000
28 41 134 25000
28 42 118 25000
28 43 133 25000
28 44 128 25000
28 45 127 25000
28 46 118 25000
28 47 117 25000
28 48 143 25000
28 49 123 25000
28 50 100 25000
28 51 125 25000
29 30 143 25000
29 31 132 25000
29 32 119 25000
29 33 139 25000
29 34 119 25000
29 35 109 25000
29 36 120 25000
29 37 148 25000
29 38 128 25000
29 39 113 25000
29 40 141 25000
29 41 117 25000
29 42 147 25000
29 43 125 25000
29 44 125 25000
29 45 120 25000
29 46 128 25000
29 47 127 25000
29 48 137 25000
29 49 133 25000
29 50 120 25000
29 51 135 25000
30 31 158 25000
30 32 136 25000
30 33 134 25000
30 34 105 25000
30 35 122 25000
30 36 121 25000
30 37 118 25000
30 38 135 25000
30 39 133 25000
30 40 130 25000
30 41 137 25000
30 42 143 25000
30 43 116 25000
30 44 119 25000
30 45 126 25000
30 46 139 25000
30 47 119 25000
30 48 136 25000
30 49 129 25000
30 50 141 25000
30 51 126 25000
31 32 116 25000
31 33 110 25000
31 34 131 25000
31 35 125 25000
31 36 108 25000
31 37 145 25000
31 38 138 25000
31 39 122 25000
31 40 128 25000
31 41 117 25000
31 42 136 25000
31 43 132 25000
31 44 107 25000
31 45 126 25000
31 46 119 25000
31 47 124 25000
31 48 126 25000
31 49 131 25000
31 50 120 25000
31 51 121 25000
32 33 124 25000
32 34 122 25000
32 35 115 25000
32 36 128 25000
32 37 131 25000
32 38 137 25000
32 39 121 25000
32 40 110 25000
32 41 127 25000
32 42 124 25000
32 43 118 25000
32 44 127 25000
32 45 136 25000
32 46 125 25000
32 47 142 25000
32 48 113 25000
32 49 114 25000
32 50 117 25000
32 51 111 25000
33 34 144 25000
33 35 133 25000
33 36 138 25000
33 37 129 25000
33 38 122 25000
33 39 136 25000
33 40 134 25000
33 41 133 25000
33 42 135 25000
33 43 126 25000
33 44 135 25000
33 45 122 25000
33 46 111 25000
33 47 110 25000
33 48 133 25000
33 49 132 25000
33 50 123 25000
33 51 118 25000
34 35 130 25000
34 36 127 25000
34 37 138 25000
34 38 124 25000
34 39 106 25000
34 40 120 25000
34 41 147 25000
34 42 113 25000
34 43 130 25000
34 44 117 25000
34 45 110 25000
34 46 112 25000
34 47 127 25000
34 48 125 25000
34 49 129 25000
34 50 145 25000
34 51 150 25000
35 36 118 25000
35 37 133 25000
35 38 130 25000
35 39 121 25000
35 40 127 25000
35 41 102 25000
35 42 105 25000
35 43 131 25000
35 44 123 25000
35 45 113 25000
35 46 133 25000
35 47 134 25000
35 48 128 25000
35 49 115 25000
35 50 134 25000
35 51 119 25000
36 37 138 25000
36 38 124 25000
36 39 127 25000
36 40 134 25000
36 41 116 25000
36 42 131 25000
36 43 141 25000
36 44 122 25000
36 45 120 25000
36 46 132 25000
36 47 111 25000
36 48 134 25000
36 49 116 25000
36 50 135 25000
36 51 133 25000
37 38 133 25000
37 39 111 25000
37 40 136 25000
37 41 132 25000
37 42 119 25000
37 43 125 25000
37 44 118 25000
37 45 126 25000
37 46 130 25000
37 47 123 25000
37 48 131 25000
37 49 122 25000
37 50 130 25000
37 51 127 25000
38 39 108 25000
38 40 130 25000
38 41 142 25000
38 42 122 25000
38 43 121 25000
38 44 122 25000
38 45 125 25000
38 46 142 25000
38 47 120 25000
38 48 138 25000
38 49 124 25000
38 50 132 25000
38 51 114 25000
39 40 128 25000
39 41 121 25000
39 42 130 25000
39 43 118 25000
39 44 124 25000
39 45 122 25000
39 46 140 25000
39 47 118 25000
39 48 134 25000
39 49 119 25000
39 50 119 25000
39 51 136 25000
40 41 133 25000
40 42 131 25000
40 43 138 25000
40 44 136 25000
40 45 109 25000
40 46 120 25000
40 47 129 25000
40 48 127 25000
40 49 119 25000
40 50 116 25000
40 51 125 25000
41 42 120 25000
41 43 131 25000
41 44 122 25000
41 45 126 25000
41 46 113 25000
41 47 123 25000
41 48 138 25000
41 49 132 25000
41 50 110 25000
41 51 134 25000
42 43 107 25000
42 44 113 25000
42 45 124 25000
42 46 115 25000
42 47 122 25000
42 48 115 25000
42 49 119 25000
42 50 137 25000
42 51 123 25000
43 44 130 25000
43 45 145 25000
43 46 127 25000
43 47 121 25000
43 48 120 25000
43 49 125 25000
43 50 135 25000
43 51 127 25000
44 45 129 25000
44 46 124 25000
44 47 105 25000
44 48 153 25000
44 49 113 25000
44 50 111 25000
44 51 137 25000
45 46 121 25000
45 47 123 25000
45 48 140 25000
45 49 143 25000
45 50 133 25000
45 51 135 25000
46 47 126 25000
46 48 127 25000
46 49 141 25000
46 50 131 25000
46 51 125 25000
47 48 143 25000
47 49 138 25000
47 50 114 25000
47 51 126 25000
48 49 131 25000
48 50 139 25000
48 51 143 25000
49 50 130 25000
49 51 143 25000
50 51 131 25000
