0 1 125 25000
0 2 142 25000
0 3 126 25000
0 4 113 25000
0 5 140 25000
0 6 121 25000
0 7 123 25000
0 8 120 25000
0 9 127 25000
0 10 123 25000
0 11 127 25000
0 12 188 25000
0 13 119 25000
0 14 110 25000
0 15 114 25000
0 16 126 25000
0 17 120 25000
0 18 126 25000
0 19 120 25000
0 20 137 25000
0 21 137 25000
0 22 121 25000
0 23 119 25000
0 24 116 25000
0 25 105 25000
0 26 124 25000
0 27 120 25000
0 28 131 25000
0 29 109 25000
0 30 124 25000
0 31 130 25000
0 32 117 25000
0 33 115 25000
0 34 124 25000
0 35 131 25000
0 36 119 25000
0 37 119 25000
0 38 121 25000
0 39 124 25000
0 40 123 25000
0 41 129 25000
0 42 112 25000
0 43 111 25000
0 44 112 25000
0 45 112 25000
0 46 109 25000
0 47 117 25000
0 48 103 25000
0 49 113 25000
0 50 120 25000
0 51 128 25000
1 2 122 25000
1 3 118 25000
1 4 135 25000
1 5 139 25000
1 6 147 25000
1 7 125 25000
1 8 119 25000
1 9 117 25000
1 10 107 25000
1 11 129 25000
1 12 156 25000
1 13 101 25000
1 14 117 25000
1 15 107 25000
1 16 109 25000
1 17 131 25000
1 18 143 25000
1 19 119 25000
1 20 104 25000
1 21 122 25000
1 22 143 25000
1 23 100 25000
1 24 119 25000
1 25 110 25000
1 26 141 25000
1 27 130 25000
1 28 119 25000
1 29 118 25000
1 30 140 25000
1 31 133 25000
1 32 114 25000
1 33 120 25000
1 34 134 25000
1 35 114 25000
1 36 103 25000
1 37 113 25000
1 38 111 25000
1 39 111 25000
1 40 98 25000
1 41 119 25000
1 42 140 25000
1 43 137 25000
1 44 134 25000
1 45 126 25000
1 46 118 25000
1 47 119 25000
1 48 122 25000
1 49 117 25000
1 50 132 25000
1 51 132 25000
2 3 142 25000
2 4 129 25000
2 5 112 25000
2 6 116 25000
2 7 110 25000
2 8 96 25000
2 9 121 25000
2 10 128 25000
2 11 130 25000
2 12 137 25000
2 13 131 25000
2 14 144 25000
2 15 123 25000
2 16 122 25000
2 17 109 25000
2 18 124 25000
2 19 122 25000
2 20 112 25000
2 21 99 25000
2 22 119 25000
2 23 113 25000
2 24 119 25000
2 25 121 25000
2 26 130 25000
2 27 115 25000
2 28 138 25000
2 29 128 25000
2 30 99 25000
2 31 108 25000
2 32 114 25000
2 33 120 25000
2 34 113 25000
2 35 115 25000
2 36 132 25000
2 37 105 25000
2 38 119 25000
2 39 138 25000
2 40 118 25000
2 41 138 25000
2 42 119 25000
2 43 119 25000
2 44 94 25000
2 45 131 25000
2 46 139 25000
2 47 117 25000
2 48 130 25000
2 49 133 25000
2 50 116 25000
2 51 123 25000
3 4 110 25000
3 5 151 25000
3 6 112 25000
3 7 130 25000
3 8 132 25000
3 9 135 25000
3 10 129 25000
3 11 102 25000
3 12 136 25000
3 13 128 25000
3 14 120 25000
3 15 110 25000
3 16 114 25000
3 17 109 25000
3 18 134 25000
3 19 107 25000
3 20 106 25000
3 21 118 25000
3 22 125 25000
3 23 117 25000
3 24 114 25000
3 25 120 25000
3 26 124 25000
3 27 105 25000
3 28 126 25000
3 29 114 25000
3 30 119 25000
3 31 108 25000
3 32 93 25000
3 33 134 25000
3 34 117 25000
3 35 117 25000
3 36 119 25000
3 37 105 25000
3 38 125 25000
3 39 121 25000
3 40 99 25000
3 41 144 25000
3 42 119 25000
3 43 119 25000
3 44 124 25000
3 45 113 25000
3 46 117 25000
3 47 124 25000
3 48 105 25000
3 49 114 25000
3 50 102 25000
3 51 128 25000
4 5 122 25000
4 6 108 25000
4 7 109 25000
4 8 110 25000
4 9 130 25000
4 10 124 25000
4 11 111 25000
4 12 143 25000
4 13 114 25000
4 14 125 25000
4 15 109 25000
4 16 107 25000
4 17 113 25000
4 18 126 25000
4 19 105 25000
4 20 128 25000
4 21 120 25000
4 22 133 25000
4 23 114 25000
4 24 105 25000
4 25 123 25000
4 26 138 25000
4 27 119 25000
4 28 119 25000
4 29 131 25000
4 30 124 25000
4 31 108 25000
4 32 115 25000
4 33 128 25000
4 34 122 25000
4 35 130 25000
4 36 117 25000
4 37 115 25000
4 38 121 25000
4 39 145 25000
4 40 113 25000
4 41 108 25000
4 42 106 25000
4 43 120 25000
4 44 119 25000
4 45 119 25000
4 46 130 25000
4 47 133 25000
4 48 126 25000
4 49 116 25000
4 50 115 25000
4 51 121 25000
5 6 122 25000
5 7 128 25000
5 8 111 25000
5 9 137 25000
5 10 122 25000
5 11 114 25000
5 12 131 25000
5 13 123 25000
5 14 123 25000
5 15 123 25000
5 16 125 25000
5 17 105 25000
5 18 120 25000
5 19 134 25000
5 20 123 25000
5 21 126 25000
5 22 118 25000
5 23 114 25000
5 24 106 25000
5 25 122 25000
5 26 124 25000
5 27 147 25000
5 28 123 25000
5 29 134 25000
5 30 125 25000
5 31 125 25000
5 32 135 25000
5 33 119 25000
5 34 123 25000
5 35 107 25000
5 36 124 25000
5 37 135 25000
5 38 116 25000
5 39 102 25000
5 40 119 25000
5 41 116 25000
5 42 118 25000
5 43 111 25000
5 44 119 25000
5 45 131 25000
5 46 129 25000
5 47 133 25000
5 48 136 25000
5 49 120 25000
5 50 133 25000
5 51 123 25000
6 7 115 25000
6 8 112 25000
6 9 117 25000
6 10 127 25000
6 11 126 25000
6 12 126 25000
6 13 151 25000
6 14 127 25000
6 15 112 25000
6 16 119 25000
6 17 106 25000
6 18 108 25000
6 19 117 25000
6 20 109 25000
6 21 133 25000
6 22 117 25000
6 23 120 25000
6 24 114 25000
6 25 121 25000
6 26 124 25000
6 27 108 25000
6 28 129 25000
6 29 105 25000
6 30 114 25000
6 31 113 25000
6 32 122 25000
6 33 108 25000
6 34 134 25000
6 35 121 25000
6 36 133 25000
6 37 112 25000
6 38 125 25000
6 39 121 25000
6 40 117 25000
6 41 119 25000
6 42 143 25000
6 43 130 25000
6 44 96 25000
6 45 114 25000
6 46 102 25000
6 47 118 25000
6 48 105 25000
6 49 123 25000
6 50 108 25000
6 51 138 25000
7 8 122 25000
7 9 128 25000
7 10 130 25000
7 11 135 25000
7 12 127 25000
7 13 124 25000
7 14 116 25000
7 15 106 25000
7 16 123 25000
7 17 119 25000
7 18 115 25000
7 19 128 25000
7 20 123 25000
7 21 104 25000
7 22 123 25000
7 23 111 25000
7 24 112 25000
7 25 115 25000
7 26 115 25000
7 27 118 25000
7 28 120 25000
7 29 127 25000
7 30 130 25000
7 31 129 25000
7 32 115 25000
7 33 104 25000
7 34 135 25000
7 35 111 25000
7 36 128 25000
7 37 129 25000
7 38 122 25000
7 39 113 25000
7 40 111 25000
7 41 118 25000
7 42 127 25000
7 43 114 25000
7 44 108 25000
7 45 116 25000
7 46 131 25000
7 47 124 25000
7 48 106 25000
7 49 103 25000
7 50 120 25000
7 51 111 25000
8 9 129 25000
8 10 112 25000
8 11 104 25000
8 12 127 25000
8 13 99 25000
8 14 132 25000
8 15 150 25000
8 16 91 25000
8 17 117 25000
8 18 115 25000
8 19 124 25000
8 20 111 25000
8 21 92 25000
8 22 115 25000
8 23 115 25000
8 24 129 25000
8 25 98 25000
8 26 119 25000
8 27 128 25000
8 28 106 25000
8 29 121 25000
8 30 109 25000
8 31 111 25000
8 32 126 25000
8 33 140 25000
8 34 121 25000
8 35 116 25000
8 36 121 25000
8 37 128 25000
8 38 109 25000
8 39 106 25000
8 40 139 25000
8 41 112 25000
8 42 115 25000
8 43 94 25000
8 44 115 25000
8 45 122 25000
8 46 104 25000
8 47 114 25000
8 48 97 25000
8 49 115 25000
8 50 123 25000
8 51 123 25000
9 10 130 25000
9 11 119 25000
9 12 136 25000
9 13 115 25000
9 14 111 25000
9 15 128 25000
9 16 125 25000
9 17 116 25000
9 18 123 25000
9 19 131 25000
9 20 130 25000
9 21 138 25000
9 22 101 25000
9 23 137 25000
9 24 111 25000
9 25 120 25000
9 26 102 25000
9 27 126 25000
9 28 133 25000
9 29 124 25000
9 30 122 25000
9 31 98 25000
9 32 139 25000
9 33 123 25000
9 34 140 25000
9 35 141 25000
9 36 128 25000
9 37 90 25000
9 38 128 25000
9 39 144 25000
9 40 111 25000
9 41 139 25000
9 42 120 25000
9 43 115 25000
9 44 108 25000
9 45 105 25000
9 46 140 25000
9 47 137 25000
9 48 144 25000
9 49 128 25000
9 50 120 25000
9 51 136 25000
10 11 131 25000
10 12 127 25000
10 13 122 25000
10 14 123 25000
10 15 104 25000
10 16 127 25000
10 17 108 25000
10 18 143 25000
10 19 126 25000
10 20 103 25000
10 21 119 25000
10 22 136 25000
10 23 127 25000
10 24 130 25000
10 25 111 25000
10 26 123 25000
10 27 106 25000
10 28 138 25000
10 29 116 25000
10 30 120 25000
10 31 133 25000
10 32 116 25000
10 33 125 25000
10 34 119 25000
10 35 120 25000
10 36 114 25000
10 37 116 25000
10 38 109 25000
10 39 118 25000
10 40 109 25000
10 41 124 25000
10 42 95 25000
10 43 123 25000
10 44 114 25000
10 45 129 25000
10 46 138 25000
10 47 98 25000
10 48 110 25000
10 49 109 25000
10 50 122 25000
10 51 120 25000
11 12 147 25000
11 13 112 25000
11 14 121 25000
11 15 116 25000
11 16 108 25000
11 17 117 25000
11 18 114 25000
11 19 126 25000
11 20 127 25000
11 21 114 25000
11 22 115 25000
11 23 135 25000
11 24 124 25000
11 25 118 25000
11 26 129 25000
11 27 115 25000
11 28 135 25000
11 29 126 25000
11 30 126 25000
11 31 116 25000
11 32 122 25000
11 33 132 25000
11 34 117 25000
11 35 119 25000
11 36 121 25000
11 37 114 25000
11 38 114 25000
11 39 134 25000
11 40 123 25000
11 41 112 25000
11 42 129 25000
11 43 116 25000
11 44 105 25000
11 45 114 25000
11 46 123 25000
11 47 129 25000
11 48 127 25000
11 49 115 25000
11 50 124 25000
11 51 99 25000
12 13 123 25000
12 14 147 25000
12 15 137 25000
12 16 125 25000
12 17 131 25000
12 18 144 25000
12 19 137 25000
12 20 136 25000
12 21 138 25000
12 22 145 25000
12 23 142 25000
12 24 134 25000
12 25 145 25000
12 26 124 25000
12 27 128 25000
12 28 127 25000
12 29 119 25000
12 30 146 25000
12 31 132 25000
12 32 135 25000
12 33 151 25000
12 34 153 25000
12 35 148 25000
12 36 142 25000
12 37 127 25000
12 38 143 25000
12 39 146 25000
12 40 123 25000
12 41 138 25000
12 42 137 25000
12 43 142 25000
12 44 155 25000
12 45 136 25000
12 46 137 25000
12 47 136 25000
12 48 137 25000
12 49 116 25000
12 50 135 25000
12 51 125 25000
13 14 127 25000
13 15 128 25000
13 16 105 25000
13 17 124 25000
13 18 104 25000
13 19 110 25000
13 20 122 25000
13 21 119 25000
13 22 129 25000
13 23 117 25000
13 24 149 25000
13 25 125 25000
13 26 115 25000
13 27 115 25000
13 28 129 25000
13 29 118 25000
13 30 122 25000
13 31 117 25000
13 32 115 25000
13 33 123 25000
13 34 122 25000
13 35 117 25000
13 36 121 25000
13 37 147 25000
13 38 127 25000
13 39 122 25000
13 40 112 25000
13 41 115 25000
13 42 112 25000
13 43 128 25000
13 44 104 25000
13 45 109 25000
13 46 118 25000
13 47 127 25000
13 48 120 25000
13 49 122 25000
13 50 113 25000
13 51 115 25000
14 15 110 25000
14 16 128 25000
14 17 125 25000
14 18 118 25000
14 19 125 25000
14 20 142 25000
14 21 131 25000
14 22 122 25000
14 23 123 25000
14 24 140 25000
14 25 114 25000
14 26 103 25000
14 27 126 25000
14 28 132 25000
14 29 131 25000
14 30 111 25000
14 31 127 25000
14 32 118 25000
14 33 134 25000
14 34 117 25000
14 35 130 25000
14 36 116 25000
14 37 113 25000
14 38 136 25000
14 39 123 25000
14 40 122 25000
14 41 127 25000
14 42 117 25000
14 43 124 25000
14 44 121 25000
14 45 128 25000
14 46 123 25000
14 47 110 25000
14 48 109 25000
14 49 105 25000
14 50 124 25000
14 51 118 25000
15 16 119 25000
15 17 104 25000
15 18 117 25000
15 19 132 25000
15 20 119 25000
15 21 142 25000
15 22 116 25000
15 23 114 25000
15 24 131 25000
15 25 136 25000
15 26 110 25000
15 27 127 25000
15 28 116 25000
15 29 102 25000
15 30 135 25000
15 31 111 25000
15 32 125 25000
15 33 135 25000
15 34 118 25000
15 35 134 25000
15 36 123 25000
15 37 103 25000
15 38 102 25000
15 39 126 25000
15 40 91 25000
15 41 141 25000
15 42 132 25000
15 43 107 25000
15 44 120 25000
15 45 127 25000
15 46 127 25000
15 47 106 25000
15 48 111 25000
15 49 129 25000
15 50 116 25000
15 51 124 25000
16 17 129 25000
16 18 130 25000
16 19 113 25000
16 20 138 25000
16 21 111 25000
16 22 128 25000
16 23 118 25000
16 24 124 25000
16 25 137 25000
16 26 113 25000
16 27 114 25000
16 28 125 25000
16 29 111 25000
16 30 131 25000
16 31 141 25000
16 32 117 25000
16 33 101 25000
16 34 122 25000
16 35 115 25000
16 36 144 25000
16 37 126 25000
16 38 128 25000
16 39 123 25000
16 40 138 25000
16 41 96 25000
16 42 124 25000
16 43 126 25000
16 44 124 25000
16 45 127 25000
16 46 105 25000
16 47 120 25000
16 48 129 25000
16 49 105 25000
16 50 94 25000
16 51 114 25000
17 18 136 25000
17 19 116 25000
17 20 126 25000
17 21 139 25000
17 22 146 25000
17 23 120 25000
17 24 130 25000
17 25 138 25000
17 26 139 25000
17 27 117 25000
17 28 113 25000
17 29 119 25000
17 30 107 25000
17 31 116 25000
17 32 109 25000
17 33 120 25000
17 34 107 25000
17 35 116 25000
17 36 138 25000
17 37 125 25000
17 38 115 25000
17 39 115 25000
17 40 113 25000
17 41 133 25000
17 42 122 25000
17 43 127 25000
17 44 105 25000
17 45 129 25000
17 46 103 25000
17 47 121 25000
17 48 120 25000
17 49 132 25000
17 50 141 25000
17 51 120 25000
18 19 113 25000
18 20 126 25000
18 21 132 25000
18 22 116 25000
18 23 119 25000
18 24 139 25000
18 25 125 25000
18 26 110 25000
18 27 121 25000
18 28 120 25000
18 29 114 25000
18 30 145 25000
18 31 126 25000
18 32 115 25000
18 33 106 25000
18 34 138 25000
18 35 124 25000
18 36 126 25000
18 37 104 25000
18 38 136 25000
18 39 126 25000
18 40 124 25000
18 41 147 25000
18 42 115 25000
18 43 102 25000
18 44 116 25000
18 45 130 25000
18 46 102 25000
18 47 130 25000
18 48 132 25000
18 49 125 25000
18 50 125 25000
18 51 122 25000
19 20 144 25000
19 21 128 25000
19 22 133 25000
19 23 121 25000
19 24 136 25000
19 25 111 25000
19 26 122 25000
19 27 109 25000
19 28 122 25000
19 29 100 25000
19 30 120 25000
19 31 115 25000
19 32 118 25000
19 33 117 25000
19 34 112 25000
19 35 123 25000
19 36 111 25000
19 37 116 25000
19 38 120 25000
19 39 125 25000
19 40 125 25000
19 41 136 25000
19 42 119 25000
19 43 114 25000
19 44 121 25000
19 45 123 25000
19 46 118 25000
19 47 128 25000
19 48 115 25000
19 49 131 25000
19 50 138 25000
19 51 116 25000
20 21 127 25000
20 22 104 25000
20 23 141 25000
20 24 112 25000
20 25 123 25000
20 26 99 25000
20 27 126 25000
20 28 96 25000
20 29 117 25000
20 30 102 25000
20 31 126 25000
20 32 111 25000
20 33 108 25000
20 34 117 25000
20 35 117 25000
20 36 128 25000
20 37 114 25000
20 38 114 25000
20 39 124 25000
20 40 129 25000
20 41 108 25000
20 42 130 25000
20 43 135 25000
20 44 108 25000
20 45 112 25000
20 46 121 25000
20 47 135 25000
20 48 99 25000
20 49 121 25000
20 50 151 25000
20 51 114 25000
21 22 132 25000
21 23 107 25000
21 24 133 25000
21 25 113 25000
21 26 93 25000
21 27 116 25000
21 28 113 25000
21 29 112 25000
21 30 120 25000
21 31 130 25000
21 32 116 25000
21 33 120 25000
21 34 118 25000
21 35 117 25000
21 36 133 25000
21 37 107 25000
21 38 131 25000
21 39 118 25000
21 40 127 25000
21 41 119 25000
21 42 119 25000
21 43 123 25000
21 44 134 25000
21 45 140 25000
21 46 122 25000
21 47 133 25000
21 48 103 25000
21 49 120 25000
21 50 130 25000
21 51 109 25000
22 23 136 25000
22 24 132 25000
22 25 129 25000
22 26 130 25000
22 27 118 25000
22 28 114 25000
22 29 131 25000
22 30 137 25000
22 31 115 25000
22 32 134 25000
22 33 121 25000
22 34 109 25000
22 35 125 25000
22 36 139 25000
22 37 124 25000
22 38 131 25000
22 39 116 25000
22 40 125 25000
22 41 120 25000
22 42 120 25000
22 43 120 25000
22 44 126 25000
22 45 121 25000
22 46 134 25000
22 47 124 25000
22 48 120 25000
22 49 127 25000
22 50 118 25000
22 51 121 25000
23 24 131 25000
23 25 139 25000
23 26 102 25000
23 27 115 25000
23 28 114 25000
23 29 110 25000
23 30 141 25000
23 31 118 25000
23 32 116 25000
23 33 122 25000
23 34 117 25000
23 35 132 25000
23 36 129 25000
23 37 120 25000
23 38 137 25000
23 39 116 25000
23 40 101 25000
23 41 103 25000
23 42 107 25000
23 43 107 25000
23 44 111 25000
23 45 133 25000
23 46 117 25000
23 47 121 25000
23 48 131 25000
23 49 134 25000
23 50 109 25000
23 51 148 25000
24 25 131 25000
24 26 124 25000
24 27 125 25000
24 28 109 25000
24 29 116 25000
24 30 134 25000
24 31 139 25000
24 32 134 25000
24 33 114 25000
24 34 128 25000
24 35 121 25000
24 36 124 25000
24 37 113 25000
24 38 144 25000
24 39 103 25000
24 40 120 25000
24 41 125 25000
24 42 119 25000
24 43 122 25000
24 44 123 25000
24 45 121 25000
24 46 114 25000
24 47 114 25000
24 48 124 25000
24 49 130 25000
24 50 108 25000
24 51 126 25000
25 26 120 25000
25 27 116 25000
25 28 108 25000
25 29 100 25000
25 30 117 25000
25 31 104 25000
25 32 136 25000
25 33 107 25000
25 34 131 25000
25 35 121 25000
25 36 115 25000
25 37 110 25000
25 38 108 25000
25 39 118 25000
25 40 112 25000
25 41 115 25000
25 42 115 25000
25 43 112 25000
25 44 120 25000
25 45 108 25000
25 46 130 25000
25 47 133 25000
25 48 119 25000
25 49 124 25000
25 50 97 25000
25 51 110 25000
26 27 132 25000
26 28 127 25000
26 29 126 25000
26 30 134 25000
26 31 132 25000
26 32 119 25000
26 33 118 25000
26 34 148 25000
26 35 140 25000
26 36 105 25000
26 37 133 25000
26 38 120 25000
26 39 141 25000
26 40 112 25000
26 41 133 25000
26 42 106 25000
26 43 124 25000
26 44 136 25000
26 45 110 25000
26 46 104 25000
26 47 113 25000
26 48 119 25000
26 49 117 25000
26 50 111 25000
26 51 128 25000
27 28 121 25000
27 29 109 25000
27 30 130 25000
27 31 116 25000
27 32 126 25000
27 33 121 25000
27 34 112 25000
27 35 110 25000
27 36 106 25000
27 37 145 25000
27 38 133 25000
27 39 140 25000
27 40 129 25000
27 41 111 25000
27 42 121 25000
27 43 144 25000
27 44 138 25000
27 45 108 25000
27 46 128 25000
27 47 129 25000
27 48 104 25000
27 49 114 25000
27 50 82 25000
27 51 119 25000
28 29 140 25000
28 30 129 25000
28 31 136 25000
28 32 109 25000
28 33 113 25000
28 34 115 25000
28 35 122 25000
28 36 129 25000
28 37 122 25000
28 38 119 25000
28 39 127 25000
28 40 130 25000
28 41 116 25000
28 42 111 25000
28 43 111 25000
28 44 132 25000
28 45 129 25000
28 46 123 25000
28 47 113 25000
28 48 125 25000
28 49 117 25000
28 50 130 25000
28 51 110 25000
29 30 135 25000
29 31 112 25000
29 32 124 25000
29 33 120 25000
29 34 120 25000
29 35 127 25000
29 36 120 25000
29 37 124 25000
29 38 139 25000
29 39 116 25000
29 40 126 25000
29 41 129 25000
29 42 138 25000
29 43 124 25000
29 44 138 25000
29 45 119 25000
29 46 131 25000
29 47 121 25000
29 48 127 25000
29 49 113 25000
29 50 107 25000
29 51 112 25000
30 31 138 25000
30 32 135 25000
30 33 108 25000
30 34 115 25000
30 35 121 25000
30 36 123 25000
30 37 122 25000
30 38 103 25000
30 39 135 25000
30 40 146 25000
30 41 138 25000
30 42 136 25000
30 43 129 25000
30 44 132 25000
30 45 107 25000
30 46 119 25000
30 47 130 25000
30 48 124 25000
30 49 110 25000
30 50 117 25000
30 51 120 25000
31 32 108 25000
31 33 95 25000
31 34 118 25000
31 35 118 25000
31 36 129 25000
31 37 121 25000
31 38 119 25000
31 39 109 25000
31 40 126 25000
31 41 126 25000
31 42 105 25000
31 43 136 25000
31 44 137 25000
31 45 125 25000
31 46 122 25000
31 47 119 25000
31 48 116 25000
31 49 105 25000
31 50 95 25000
31 51 131 25000
32 33 129 25000
32 34 121 25000
32 35 120 25000
32 36 116 25000
32 37 113 25000
32 38 139 25000
32 39 119 25000
32 40 123 25000
32 41 120 25000
32 42 103 25000
32 43 123 25000
32 44 117 25000
32 45 114 25000
32 46 110 25000
32 47 139 25000
32 48 108 25000
32 49 131 25000
32 50 127 25000
32 51 110 25000
33 34 123 25000
33 35 113 25000
33 36 136 25000
33 37 116 25000
33 38 115 25000
33 39 123 25000
33 40 120 25000
33 41 113 25000
33 42 132 25000
33 43 128 25000
33 44 122 25000
33 45 119 25000
33 46 125 25000
33 47 110 25000
33 48 135 25000
33 49 122 25000
33 50 124 25000
33 51 115 25000
34 35 128 25000
34 36 137 25000
34 37 147 25000
34 38 109 25000
34 39 120 25000
34 40 136 25000
34 41 125 25000
34 42 102 25000
34 43 125 25000
34 44 123 25000
34 45 121 25000
34 46 132 25000
34 47 136 25000
34 48 101 25000
34 49 119 25000
34 50 145 25000
34 51 130 25000
35 36 129 25000
35 37 123 25000
35 38 123 25000
35 39 134 25000
35 40 116 25000
35 41 122 25000
35 42 122 25000
35 43 103 25000
35 44 117 25000
35 45 120 25000
35 46 120 25000
35 47 120 25000
35 48 130 25000
35 49 118 25000
35 50 105 25000
35 51 134 25000
36 37 128 25000
36 38 134 25000
36 39 124 25000
36 40 142 25000
36 41 113 25000
36 42 120 25000
36 43 127 25000
36 44 115 25000
36 45 119 25000
36 46 122 25000
36 47 124 25000
36 48 114 25000
36 49 129 25000
36 50 111 25000
36 51 130 25000
37 38 143 25000
37 39 135 25000
37 40 119 25000
37 41 141 25000
37 42 99 25000
37 43 124 25000
37 44 142 25000
37 45 123 25000
37 46 128 25000
37 47 127 25000
37 48 98 25000
37 49 119 25000
37 50 111 25000
37 51 119 25000
38 39 130 25000
38 40 132 25000
38 41 128 25000
38 42 112 25000
38 43 131 25000
38 44 105 25000
38 45 122 25000
38 46 125 25000
38 47 113 25000
38 48 121 25000
38 49 128 25000
38 50 122 25000
38 51 114 25000
39 40 133 25000
39 41 125 25000
39 42 129 25000
39 43 133 25000
39 44 126 25000
39 45 102 25000
39 46 113 25000
39 47 120 25000
39 48 116 25000
39 49 150 25000
39 50 101 25000
39 51 131 25000
40 41 128 25000
40 42 123 25000
40 43 117 25000
40 44 120 25000
40 45 134 25000
40 46 123 25000
40 47 128 25000
40 48 121 25000
40 49 110 25000
40 50 123 25000
40 51 140 25000
41 42 123 25000
41 43 149 25000
41 44 115 25000
41 45 117 25000
41 46 118 25000
41 47 132 25000
41 48 141 25000
41 49 140 25000
41 50 119 25000
41 51 128 25000
42 43 163 25000
42 44 126 25000
42 45 113 25000
42 46 141 25000
42 47 122 25000
42 48 136 25000
42 49 149 25000
42 50 137 25000
42 51 129 25000
43 44 123 25000
43 45 145 25000
43 46 116 25000
43 47 131 25000
43 48 119 25000
43 49 109 25000
43 50 101 25000
43 51 127 25000
44 45 117 25000
44 46 140 25000
44 47 123 25000
44 48 117 25000
44 49 132 25000
44 50 122 25000
44 51 121 25000
45 46 123 25000
45 47 117 25000
45 48 137 25000
45 49 124 25000
45 50 117 25000
45 51 126 25000
46 47 144 25000
46 48 125 25000
46 49 121 25000
46 50 124 25000
46 51 126 25000
47 48 135 25000
47 49 129 25000
47 50 116 25000
47 51 133 25000
48 49 128 25000
48 50 130 25000
48 51 119 25000
49 50 126 25000
49 51 123 25000
50 51 104 25000
