0 1 147 25000
0 2 132 25000
0 3 131 25000
0 4 127 25000
0 5 128 25000
0 6 112 25000
0 7 104 25000
0 8 114 25000
0 9 111 25000
0 10 135 25000
0 11 126 25000
0 12 178 25000
0 13 109 25000
0 14 121 25000
0 15 135 25000
0 16 116 25000
0 17 117 25000
0 18 115 25000
0 19 134 25000
0 20 145 25000
0 21 133 25000
0 22 120 25000
0 23 116 25000
0 24 119 25000
0 25 109 25000
0 26 137 25000
0 27 115 25000
0 28 121 25000
0 29 132 25000
0 30 127 25000
0 31 117 25000
0 32 122 25000
0 33 139 25000
0 34 110 25000
0 35 98 25000
0 36 109 25000
0 37 132 25000
0 38 115 25000
0 39 101 25000
0 40 138 25000
0 41 127 25000
0 42 129 25000
0 43 119 25000
0 44 126 25000
0 45 130 25000
0 46 118 25000
0 47 124 25000
0 48 111 25000
0 49 107 25000
0 50 110 25000
0 51 119 25000
1 2 126 25000
1 3 105 25000
1 4 100 25000
1 5 120 25000
1 6 122 25000
1 7 121 25000
1 8 123 25000
1 9 107 25000
1 10 122 25000
1 11 122 25000
1 12 152 25000
1 13 137 25000
1 14 120 25000
1 15 126 25000
1 16 125 25000
1 17 136 25000
1 18 106 25000
1 19 115 25000
1 20 122 25000
1 21 128 25000
1 22 120 25000
1 23 108 25000
1 24 143 25000
1 25 119 25000
1 26 122 25000
1 27 134 25000
1 28 130 25000
1 29 137 25000
1 30 101 25000
1 31 105 25000
1 32 118 25000
1 33 115 25000
1 34 118 25000
1 35 121 25000
1 36 125 25000
1 37 127 25000
1 38 121 25000
1 39 119 25000
1 40 124 25000
1 41 125 25000
1 42 113 25000
1 43 99 25000
1 44 119 25000
1 45 122 25000
1 46 125 25000
1 47 120 25000
1 48 119 25000
1 49 122 25000
1 50 132 25000
1 51 133 25000
2 3 115 25000
2 4 128 25000
2 5 126 25000
2 6 143 25000
2 7 127 25000
2 8 105 25000
2 9 117 25000
2 10 127 25000
2 11 144 25000
2 12 131 25000
2 13 144 25000
2 14 121 25000
2 15 110 25000
2 16 118 25000
2 17 123 25000
2 18 116 25000
2 19 127 25000
2 20 116 25000
2 21 140 25000
2 22 119 25000
2 23 119 25000
2 24 99 25000
2 25 128 25000
2 26 134 25000
2 27 123 25000
2 28 121 25000
2 29 131 25000
2 30 121 25000
2 31 121 25000
2 32 120 25000
2 33 133 25000
2 34 107 25000
2 35 99 25000
2 36 115 25000
2 37 130 25000
2 38 126 25000
2 39 121 25000
2 40 128 25000
2 41 116 25000
2 42 115 25000
2 43 116 25000
2 44 124 25000
2 45 103 25000
2 46 105 25000
2 47 110 25000
2 48 116 25000
2 49 123 25000
2 50 130 25000
2 51 140 25000
3 4 126 25000
3 5 123 25000
3 6 104 25000
3 7 120 25000
3 8 137 25000
3 9 130 25000
3 10 126 25000
3 11 128 25000
3 12 124 25000
3 13 122 25000
3 14 105 25000
3 15 122 25000
3 16 120 25000
3 17 103 25000
3 18 117 25000
3 19 114 25000
3 20 101 25000
3 21 133 25000
3 22 132 25000
3 23 142 25000
3 24 126 25000
3 25 107 25000
3 26 121 25000
3 27 122 25000
3 28 127 25000
3 29 119 25000
3 30 112 25000
3 31 111 25000
3 32 109 25000
3 33 123 25000
3 34 114 25000
3 35 113 25000
3 36 108 25000
3 37 114 25000
3 38 97 25000
3 39 131 25000
3 40 116 25000
3 41 123 25000
3 42 103 25000
3 43 110 25000
3 44 112 25000
3 45 111 25000
3 46 116 25000
3 47 124 25000
3 48 128 25000
3 49 104 25000
3 50 113 25000
3 51 121 25000
4 5 109 25000
4 6 130 25000
4 7 135 25000
4 8 133 25000
4 9 134 25000
4 10 117 25000
4 11 136 25000
4 12 139 25000
4 13 118 25000
4 14 118 25000
4 15 121 25000
4 16 111 25000
4 17 136 25000
4 18 113 25000
4 19 101 25000
4 20 119 25000
4 21 124 25000
4 22 134 25000
4 23 124 25000
4 24 129 25000
4 25 113 25000
4 26 133 25000
4 27 135 25000
4 28 127 25000
4 29 122 25000
4 30 108 25000
4 31 121 25000
4 32 110 25000
4 33 107 25000
4 34 135 25000
4 35 132 25000
4 36 126 25000
4 37 139 25000
4 38 131 25000
4 39 128 25000
4 40 111 25000
4 41 137 25000
4 42 116 25000
4 43 108 25000
4 44 144 25000
4 45 117 25000
4 46 124 25000
4 47 131 25000
4 48 116 25000
4 49 117 25000
4 50 113 25000
4 51 127 25000
5 6 114 25000
5 7 136 25000
5 8 118 25000
5 9 118 25000
5 10 104 25000
5 11 125 25000
5 12 167 25000
5 13 127 25000
5 14 127 25000
5 15 112 25000
5 16 107 25000
5 17 115 25000
5 18 121 25000
5 19 115 25000
5 20 123 25000
5 21 120 25000
5 22 127 25000
5 23 139 25000
5 24 120 25000
5 25 130 25000
5 26 118 25000
5 27 130 25000
5 28 119 25000
5 29 99 25000
5 30 128 25000
5 31 104 25000
5 32 121 25000
5 33 138 25000
5 34 120 25000
5 35 105 25000
5 36 124 25000
5 37 105 25000
5 38 133 25000
5 39 136 25000
5 40 124 25000
5 41 117 25000
5 42 126 25000
5 43 123 25000
5 44 111 25000
5 45 107 25000
5 46 112 25000
5 47 117 25000
5 48 118 25000
5 49 121 25000
5 50 143 25000
5 51 127 25000
6 7 122 25000
6 8 139 25000
6 9 115 25000
6 10 140 25000
6 11 151 25000
6 12 151 25000
6 13 122 25000
6 14 125 25000
6 15 129 25000
6 16 119 25000
6 17 125 25000
6 18 125 25000
6 19 120 25000
6 20 120 25000
6 21 116 25000
6 22 137 25000
6 23 130 25000
6 24 114 25000
6 25 129 25000
6 26 122 25000
6 27 157 25000
6 28 121 25000
6 29 123 25000
6 30 101 25000
6 31 121 25000
6 32 120 25000
6 33 130 25000
6 34 120 25000
6 35 111 25000
6 36 113 25000
6 37 137 25000
6 38 124 25000
6 39 122 25000
6 40 122 25000
6 41 117 25000
6 42 114 25000
6 43 107 25000
6 44 116 25000
6 45 135 25000
6 46 147 25000
6 47 132 25000
6 48 119 25000
6 49 120 25000
6 50 107 25000
6 51 125 25000
7 8 123 25000
7 9 104 25000
7 10 111 25000
7 11 124 25000
7 12 137 25000
7 13 133 25000
7 14 117 25000
7 15 116 25000
7 16 124 25000
7 17 110 25000
7 18 121 25000
7 19 122 25000
7 20 125 25000
7 21 113 25000
7 22 119 25000
7 23 114 25000
7 24 119 25000
7 25 105 25000
7 26 106 25000
7 27 135 25000
7 28 106 25000
7 29 125 25000
7 30 109 25000
7 31 114 25000
7 32 117 25000
7 33 136 25000
7 34 86 25000
7 35 108 25000
7 36 120 25000
7 37 131 25000
7 38 116 25000
7 39 110 25000
7 40 117 25000
7 41 130 25000
7 42 104 25000
7 43 139 25000
7 44 128 25000
7 45 131 25000
7 46 110 25000
7 47 132 25000
7 48 128 25000
7 49 109 25000
7 50 105 25000
7 51 131 25000
8 9 108 25000
8 10 136 25000
8 11 98 25000
8 12 140 25000
8 13 135 25000
8 14 105 25000
8 15 120 25000
8 16 120 25000
8 17 121 25000
8 18 117 25000
8 19 124 25000
8 20 108 25000
8 21 136 25000
8 22 133 25000
8 23 145 25000
8 24 127 25000
8 25 113 25000
8 26 124 25000
8 27 127 25000
8 28 114 25000
8 29 116 25000
8 30 132 25000
8 31 132 25000
8 32 107 25000
8 33 96 25000
8 34 114 25000
8 35 110 25000
8 36 113 25000
8 37 137 25000
8 38 115 25000
8 39 122 25000
8 40 120 25000
8 41 116 25000
8 42 110 25000
8 43 115 25000
8 44 133 25000
8 45 113 25000
8 46 148 25000
8 47 123 25000
8 48 119 25000
8 49 101 25000
8 50 139 25000
8 51 125 25000
9 10 117 25000
9 11 129 25000
9 12 157 25000
9 13 128 25000
9 14 123 25000
9 15 138 25000
9 16 102 25000
9 17 138 25000
9 18 130 25000
9 19 106 25000
9 20 120 25000
9 21 127 25000
9 22 113 25000
9 23 119 25000
9 24 113 25000
9 25 114 25000
9 26 122 25000
9 27 118 25000
9 28 108 25000
9 29 110 25000
9 30 110 25000
9 31 105 25000
9 32 134 25000
9 33 118 25000
9 34 118 25000
9 35 111 25000
9 36 113 25000
9 37 121 25000
9 38 109 25000
9 39 135 25000
9 40 117 25000
9 41 111 25000
9 42 114 25000
9 43 127 25000
9 44 127 25000
9 45 110 25000
9 46 128 25000
9 47 136 25000
9 48 104 25000
9 49 121 25000
9 50 117 25000
9 51 124 25000
10 11 130 25000
10 12 158 25000
10 13 126 25000
10 14 111 25000
10 15 119 25000
10 16 118 25000
10 17 124 25000
10 18 109 25000
10 19 132 25000
10 20 118 25000
10 21 116 25000
10 22 118 25000
10 23 120 25000
10 24 137 25000
10 25 110 25000
10 26 106 25000
10 27 116 25000
10 28 115 25000
10 29 114 25000
10 30 129 25000
10 31 111 25000
10 32 126 25000
10 33 125 25000
10 34 125 25000
10 35 117 25000
10 36 107 25000
10 37 98 25000
10 38 89 25000
10 39 117 25000
10 40 105 25000
10 41 110 25000
10 42 109 25000
10 43 118 25000
10 44 122 25000
10 45 103 25000
10 46 120 25000
10 47 119 25000
10 48 115 25000
10 49 143 25000
10 50 113 25000
10 51 123 25000
11 12 138 25000
11 13 113 25000
11 14 127 25000
11 15 125 25000
11 16 118 25000
11 17 116 25000
11 18 146 25000
11 19 135 25000
11 20 129 25000
11 21 103 25000
11 22 122 25000
11 23 134 25000
11 24 122 25000
11 25 118 25000
11 26 136 25000
11 27 117 25000
11 28 130 25000
11 29 119 25000
11 30 110 25000
11 31 134 25000
11 32 118 25000
11 33 122 25000
11 34 130 25000
11 35 135 25000
11 36 121 25000
11 37 130 25000
11 38 123 25000
11 39 122 25000
11 40 100 25000
11 41 112 25000
11 42 106 25000
11 43 126 25000
11 44 152 25000
11 45 123 25000
11 46 110 25000
11 47 115 25000
11 48 129 25000
11 49 120 25000
11 50 126 25000
11 51 123 25000
12 13 130 25000
12 14 153 25000
12 15 127 25000
12 16 153 25000
12 17 141 25000
12 18 114 25000
12 19 129 25000
12 20 141 25000
12 21 132 25000
12 22 150 25000
12 23 131 25000
12 24 141 25000
12 25 142 25000
12 26 144 25000
12 27 122 25000
12 28 122 25000
12 29 139 25000
12 30 126 25000
12 31 123 25000
12 32 117 25000
12 33 139 25000
12 34 170 25000
12 35 135 25000
12 36 142 25000
12 37 144 25000
12 38 130 25000
12 39 160 25000
12 40 125 25000
12 41 113 25000
12 42 135 25000
12 43 140 25000
12 44 128 25000
12 45 144 25000
12 46 147 25000
12 47 146 25000
12 48 146 25000
12 49 135 25000
12 50 152 25000
12 51 115 25000
13 14 141 25000
13 15 129 25000
13 16 116 25000
13 17 124 25000
13 18 137 25000
13 19 133 25000
13 20 125 25000
13 21 121 25000
13 22 128 25000
13 23 100 25000
13 24 122 25000
13 25 122 25000
13 26 111 25000
13 27 107 25000
13 28 113 25000
13 29 123 25000
13 30 129 25000
13 31 117 25000
13 32 115 25000
13 33 122 25000
13 34 133 25000
13 35 124 25000
13 36 112 25000
13 37 123 25000
13 38 127 25000
13 39 118 25000
13 40 107 25000
13 41 110 25000
13 42 119 25000
13 43 116 25000
13 44 118 25000
13 45 112 25000
13 46 123 25000
13 47 108 25000
13 48 120 25000
13 49 126 25000
13 50 93 25000
13 51 114 25000
14 15 116 25000
14 16 124 25000
14 17 142 25000
14 18 108 25000
14 19 137 25000
14 20 108 25000
14 21 121 25000
14 22 137 25000
14 23 143 25000
14 24 124 25000
14 25 100 25000
14 26 114 25000
14 27 113 25000
14 28 127 25000
14 29 134 25000
14 30 114 25000
14 31 112 25000
14 32 127 25000
14 33 133 25000
14 34 129 25000
14 35 115 25000
14 36 114 25000
14 37 123 25000
14 38 114 25000
14 39 118 25000
14 40 89 25000
14 41 112 25000
14 42 120 25000
14 43 117 25000
14 44 123 25000
14 45 125 25000
14 46 130 25000
14 47 119 25000
14 48 123 25000
14 49 114 25000
14 50 123 25000
14 51 117 25000
15 16 122 25000
15 17 131 25000
15 18 140 25000
15 19 139 25000
15 20 145 25000
15 21 122 25000
15 22 132 25000
15 23 142 25000
15 24 144 25000
15 25 101 25000
15 26 116 25000
15 27 113 25000
15 28 119 25000
15 29 110 25000
15 30 115 25000
15 31 124 25000
15 32 141 25000
15 33 134 25000
15 34 120 25000
15 35 114 25000
15 36 107 25000
15 37 114 25000
15 38 117 25000
15 39 120 25000
15 40 131 25000
15 41 117 25000
15 42 116 25000
15 43 127 25000
15 44 121 25000
15 45 131 25000
15 46 116 25000
15 47 116 25000
15 48 108 25000
15 49 120 25000
15 50 130 25000
15 51 106 25000
16 17 138 25000
16 18 110 25000
16 19 112 25000
16 20 120 25000
16 21 114 25000
16 22 147 25000
16 23 117 25000
16 24 119 25000
16 25 113 25000
16 26 118 25000
16 27 109 25000
16 28 118 25000
16 29 118 25000
16 30 113 25000
16 31 112 25000
16 32 134 25000
16 33 113 25000
16 34 116 25000
16 35 125 25000
16 36 107 25000
16 37 118 25000
16 38 121 25000
16 39 118 25000
16 40 113 25000
16 41 120 25000
16 42 129 25000
16 43 111 25000
16 44 120 25000
16 45 103 25000
16 46 146 25000
16 47 120 25000
16 48 131 25000
16 49 119 25000
16 50 119 25000
16 51 138 25000
17 18 133 25000
17 19 142 25000
17 20 127 25000
17 21 138 25000
17 22 124 25000
17 23 105 25000
17 24 134 25000
17 25 123 25000
17 26 116 25000
17 27 114 25000
17 28 110 25000
17 29 127 25000
17 30 123 25000
17 31 129 25000
17 32 121 25000
17 33 108 25000
17 34 105 25000
17 35 133 25000
17 36 121 25000
17 37 133 25000
17 38 132 25000
17 39 141 25000
17 40 147 25000
17 41 121 25000
17 42 133 25000
17 43 129 25000
17 44 134 25000
17 45 124 25000
17 46 143 25000
17 47 132 25000
17 48 114 25000
17 49 136 25000
17 50 115 25000
17 51 130 25000
18 19 140 25000
18 20 124 25000
18 21 126 25000
18 22 113 25000
18 23 123 25000
18 24 138 25000
18 25 114 25000
18 26 138 25000
18 27 126 25000
18 28 115 25000
18 29 108 25000
18 30 121 25000
18 31 121 25000
18 32 123 25000
18 33 118 25000
18 34 144 25000
18 35 117 25000
18 36 118 25000
18 37 121 25000
18 38 125 25000
18 39 133 25000
18 40 112 25000
18 41 111 25000
18 42 131 25000
18 43 129 25000
18 44 104 25000
18 45 105 25000
18 46 134 25000
18 47 106 25000
18 48 114 25000
18 49 142 25000
18 50 116 25000
18 51 122 25000
19 20 130 25000
19 21 126 25000
19 22 125 25000
19 23 152 25000
19 24 135 25000
19 25 124 25000
19 26 127 25000
19 27 125 25000
19 28 127 25000
19 29 126 25000
19 30 120 25000
19 31 143 25000
19 32 130 25000
19 33 117 25000
19 34 120 25000
19 35 99 25000
19 36 107 25000
19 37 151 25000
19 38 120 25000
19 39 132 25000
19 40 103 25000
19 41 139 25000
19 42 126 25000
19 43 124 25000
19 44 114 25000
19 45 122 25000
19 46 129 25000
19 47 121 25000
19 48 119 25000
19 49 116 25000
19 50 106 25000
19 51 122 25000
20 21 155 25000
20 22 114 25000
20 23 126 25000
20 24 106 25000
20 25 102 25000
20 26 131 25000
20 27 112 25000
20 28 119 25000
20 29 111 25000
20 30 120 25000
20 31 132 25000
20 32 127 25000
20 33 142 25000
20 34 124 25000
20 35 109 25000
20 36 108 25000
20 37 122 25000
20 38 119 25000
20 39 119 25000
20 40 123 25000
20 41 122 25000
20 42 125 25000
20 43 120 25000
20 44 124 25000
20 45 135 25000
20 46 111 25000
20 47 123 25000
20 48 134 25000
20 49 140 25000
20 50 122 25000
20 51 114 25000
21 22 137 25000
21 23 134 25000
21 24 108 25000
21 25 121 25000
21 26 142 25000
21 27 126 25000
21 28 127 25000
21 29 100 25000
21 30 139 25000
21 31 112 25000
21 32 142 25000
21 33 134 25000
21 34 124 25000
21 35 122 25000
21 36 116 25000
21 37 114 25000
21 38 114 25000
21 39 126 25000
21 40 134 25000
21 41 107 25000
21 42 114 25000
21 43 120 25000
21 44 119 25000
21 45 105 25000
21 46 145 25000
21 47 126 25000
21 48 113 25000
21 49 111 25000
21 50 117 25000
21 51 126 25000
22 23 130 25000
22 24 115 25000
22 25 110 25000
22 26 118 25000
22 27 91 25000
22 28 131 25000
22 29 128 25000
22 30 121 25000
22 31 108 25000
22 32 131 25000
22 33 126 25000
22 34 112 25000
22 35 107 25000
22 36 141 25000
22 37 119 25000
22 38 118 25000
22 39 135 25000
22 40 124 25000
22 41 104 25000
22 42 115 25000
22 43 126 25000
22 44 114 25000
22 45 118 25000
22 46 138 25000
22 47 116 25000
22 48 127 25000
22 49 140 25000
22 50 115 25000
22 51 145 25000
23 24 151 25000
23 25 118 25000
23 26 124 25000
23 27 104 25000
23 28 133 25000
23 29 120 25000
23 30 120 25000
23 31 123 25000
23 32 123 25000
23 33 115 25000
23 34 122 25000
23 35 104 25000
23 36 117 25000
23 37 109 25000
23 38 132 25000
23 39 131 25000
23 40 125 25000
23 41 119 25000
23 42 126 25000
23 43 114 25000
23 44 125 25000
23 45 120 25000
23 46 123 25000
23 47 128 25000
23 48 124 25000
23 49 139 25000
23 50 110 25000
23 51 131 25000
24 25 132 25000
24 26 113 25000
24 27 112 25000
24 28 127 25000
24 29 118 25000
24 30 134 25000
24 31 112 25000
24 32 125 25000
24 33 115 25000
24 34 106 25000
24 35 107 25000
24 36 107 25000
24 37 135 25000
24 38 120 25000
24 39 118 25000
24 40 121 25000
24 41 126 25000
24 42 124 25000
24 43 117 25000
24 44 112 25000
24 45 122 25000
24 46 111 25000
24 47 139 25000
24 48 111 25000
24 49 124 25000
24 50 107 25000
24 51 112 25000
25 26 88 25000
25 27 98 25000
25 28 124 25000
25 29 129 25000
25 30 123 25000
25 31 94 25000
25 32 105 25000
25 33 112 25000
25 34 118 25000
25 35 123 25000
25 36 108 25000
25 37 95 25000
25 38 123 25000
25 39 123 25000
25 40 112 25000
25 41 103 25000
25 42 112 25000
25 43 127 25000
25 44 101 25000
25 45 119 25000
25 46 126 25000
25 47 113 25000
25 48 123 25000
25 49 141 25000
25 50 114 25000
25 51 115 25000
26 27 130 25000
26 28 128 25000
26 29 123 25000
26 30 119 25000
26 31 129 25000
26 32 112 25000
26 33 136 25000
26 34 133 25000
26 35 112 25000
26 36 135 25000
26 37 108 25000
26 38 117 25000
26 39 122 25000
26 40 117 25000
26 41 103 25000
26 42 123 25000
26 43 118 25000
26 44 112 25000
26 45 98 25000
26 46 111 25000
26 47 121 25000
26 48 148 25000
26 49 141 25000
26 50 127 25000
26 51 124 25000
27 28 109 25000
27 29 126 25000
27 30 127 25000
27 31 148 25000
27 32 135 25000
27 33 121 25000
27 34 138 25000
27 35 144 25000
27 36 131 25000
27 37 112 25000
27 38 116 25000
27 39 132 25000
27 40 108 25000
27 41 130 25000
27 42 119 25000
27 43 127 25000
27 44 103 25000
27 45 105 25000
27 46 102 25000
27 47 144 25000
27 48 108 25000
27 49 123 25000
27 50 119 25000
27 51 110 25000
28 29 113 25000
28 30 118 25000
28 31 135 25000
28 32 115 25000
28 33 121 25000
28 34 114 25000
28 35 119 25000
28 36 127 25000
28 37 120 25000
28 38 127 25000
28 39 133 25000
28 40 116 25000
28 41 114 25000
28 42 109 25000
28 43 131 25000
28 44 119 25000
28 45 124 25000
28 46 125 25000
28 47 137 25000
28 48 132 25000
28 49 116 25000
28 50 112 25000
28 51 104 25000
29 30 138 25000
29 31 138 25000
29 32 128 25000
29 33 136 25000
29 34 126 25000
29 35 118 25000
29 36 110 25000
29 37 119 25000
29 38 133 25000
29 39 118 25000
29 40 118 25000
29 41 110 25000
29 42 110 25000
29 43 119 25000
29 44 111 25000
29 45 123 25000
29 46 131 25000
29 47 129 25000
29 48 134 25000
29 49 109 25000
29 50 124 25000
29 51 121 25000
30 31 120 25000
30 32 128 25000
30 33 136 25000
30 34 126 25000
30 35 132 25000
30 36 105 25000
30 37 121 25000
30 38 119 25000
30 39 115 25000
30 40 109 25000
30 41 132 25000
30 42 122 25000
30 43 118 25000
30 44 109 25000
30 45 101 25000
30 46 106 25000
30 47 122 25000
30 48 114 25000
30 49 119 25000
30 50 118 25000
30 51 128 25000
31 32 112 25000
31 33 131 25000
31 34 119 25000
31 35 117 25000
31 36 122 25000
31 37 149 25000
31 38 113 25000
31 39 140 25000
31 40 136 25000
31 41 105 25000
31 42 121 25000
31 43 120 25000
31 44 113 25000
31 45 111 25000
31 46 140 25000
31 47 112 25000
31 48 123 25000
31 49 120 25000
31 50 113 25000
31 51 132 25000
32 33 124 25000
32 34 137 25000
32 35 116 25000
32 36 133 25000
32 37 130 25000
32 38 142 25000
32 39 126 25000
32 40 145 25000
32 41 129 25000
32 42 113 25000
32 43 131 25000
32 44 104 25000
32 45 123 25000
32 46 122 25000
32 47 141 25000
32 48 121 25000
32 49 123 25000
32 50 126 25000
32 51 131 25000
33 34 106 25000
33 35 130 25000
33 36 120 25000
33 37 128 25000
33 38 117 25000
33 39 128 25000
33 40 106 25000
33 41 109 25000
33 42 114 25000
33 43 115 25000
33 44 110 25000
33 45 109 25000
33 46 125 25000
33 47 130 25000
33 48 144 25000
33 49 116 25000
33 50 126 25000
33 51 137 25000
34 35 109 25000
34 36 121 25000
34 37 122 25000
34 38 120 25000
34 39 123 25000
34 40 110 25000
34 41 116 25000
34 42 118 25000
34 43 130 25000
34 44 112 25000
34 45 134 25000
34 46 118 25000
34 47 128 25000
34 48 139 25000
34 49 118 25000
34 50 116 25000
34 51 128 25000
35 36 122 25000
35 37 113 25000
35 38 121 25000
35 39 119 25000
35 40 116 25000
35 41 129 25000
35 42 118 25000
35 43 126 25000
35 44 88 25000
35 45 96 25000
35 46 103 25000
35 47 120 25000
35 48 122 25000
35 49 106 25000
35 50 142 25000
35 51 134 25000
36 37 123 25000
36 38 117 25000
36 39 134 25000
36 40 101 25000
36 41 103 25000
36 42 116 25000
36 43 121 25000
36 44 116 25000
36 45 114 25000
36 46 110 25000
36 47 116 25000
36 48 116 25000
36 49 97 25000
36 50 122 25000
36 51 105 25000
37 38 154 25000
37 39 141 25000
37 40 131 25000
37 41 113 25000
37 42 115 25000
37 43 130 25000
37 44 120 25000
37 45 129 25000
37 46 124 25000
37 47 108 25000
37 48 130 25000
37 49 114 25000
37 50 121 25000
37 51 115 25000
38 39 117 25000
38 40 115 25000
38 41 120 25000
38 42 113 25000
38 43 144 25000
38 44 125 25000
38 45 133 25000
38 46 107 25000
38 47 112 25000
38 48 120 25000
38 49 125 25000
38 50 108 25000
38 51 130 25000
39 40 131 25000
39 41 122 25000
39 42 132 25000
39 43 130 25000
39 44 124 25000
39 45 140 25000
39 46 127 25000
39 47 115 25000
39 48 129 25000
39 49 123 25000
39 50 113 25000
39 51 148 25000
40 41 137 25000
40 42 123 25000
40 43 114 25000
40 44 116 25000
40 45 112 25000
40 46 131 25000
40 47 101 25000
40 48 131 25000
40 49 129 25000
40 50 132 25000
40 51 126 25000
41 42 115 25000
41 43 117 25000
41 44 122 25000
41 45 120 25000
41 46 120 25000
41 47 109 25000
41 48 117 25000
41 49 136 25000
41 50 102 25000
41 51 141 25000
42 43 134 25000
42 44 113 25000
42 45 131 25000
42 46 96 25000
42 47 129 25000
42 48 111 25000
42 49 128 25000
42 50 124 25000
42 51 103 25000
43 44 130 25000
43 45 122 25000
43 46 113 25000
43 47 124 25000
43 48 105 25000
43 49 115 25000
43 50 96 25000
43 51 133 25000
44 45 105 25000
44 46 125 25000
44 47 113 25000
44 48 118 25000
44 49 125 25000
44 50 120 25000
44 51 124 25000
45 46 123 25000
45 47 125 25000
45 48 114 25000
45 49 143 25000
45 50 115 25000
45 51 128 25000
46 47 126 25000
46 48 119 25000
46 49 136 25000
46 50 125 25000
46 51 118 25000
47 48 123 25000
47 49 128 25000
47 50 132 25000
47 51 142 25000
48 49 135 25000
48 50 120 25000
48 51 107 25000
49 50 112 25000
49 51 125 25000
50 51 131 25000
