0 1 150 25000
0 2 119 25000
0 3 136 25000
0 4 122 25000
0 5 125 25000
0 6 140 25000
0 7 121 25000
0 8 117 25000
0 9 148 25000
0 10 125 25000
0 11 142 25000
0 12 218 25000
0 13 109 25000
0 14 116 25000
0 15 117 25000
0 16 104 25000
0 17 123 25000
0 18 114 25000
0 19 121 25000
0 20 114 25000
0 21 132 25000
0 22 131 25000
0 23 127 25000
0 24 114 25000
0 25 130 25000
0 26 130 25000
0 27 119 25000
0 28 120 25000
0 29 132 25000
0 30 117 25000
0 31 128 25000
0 32 147 25000
0 33 134 25000
0 34 124 25000
0 35 138 25000
0 36 139 25000
0 37 107 25000
0 38 123 25000
0 39 127 25000
0 40 115 25000
0 41 119 25000
0 42 129 25000
0 43 106 25000
0 44 129 25000
0 45 142 25000
0 46 138 25000
0 47 136 25000
0 48 119 25000
0 49 95 25000
0 50 138 25000
0 51 127 25000
1 2 136 25000
1 3 110 25000
1 4 122 25000
1 5 112 25000
1 6 115 25000
1 7 121 25000
1 8 110 25000
1 9 113 25000
1 10 122 25000
1 11 128 25000
1 12 153 25000
1 13 127 25000
1 14 106 25000
1 15 142 25000
1 16 119 25000
1 17 117 25000
1 18 137 25000
1 19 137 25000
1 20 124 25000
1 21 118 25000
1 22 110 25000
1 23 137 25000
1 24 129 25000
1 25 133 25000
1 26 120 25000
1 27 133 25000
1 28 126 25000
1 29 116 25000
1 30 119 25000
1 31 143 25000
1 32 101 25000
1 33 109 25000
1 34 126 25000
1 35 136 25000
1 36 126 25000
1 37 129 25000
1 38 117 25000
1 39 137 25000
1 40 124 25000
1 41 139 25000
1 42 113 25000
1 43 133 25000
1 44 116 25000
1 45 115 25000
1 46 127 25000
1 47 140 25000
1 48 141 25000
1 49 142 25000
1 50 122 25000
1 51 111 25000
2 3 125 25000
2 4 122 25000
2 5 117 25000
2 6 107 25000
2 7 132 25000
2 8 116 25000
2 9 113 25000
2 10 124 25000
2 11 130 25000
2 12 123 25000
2 13 110 25000
2 14 114 25000
2 15 113 25000
2 16 123 25000
2 17 127 25000
2 18 123 25000
2 19 98 25000
2 20 107 25000
2 21 120 25000
2 22 117 25000
2 23 136 25000
2 24 122 25000
2 25 107 25000
2 26 110 25000
2 27 115 25000
2 28 120 25000
2 29 120 25000
2 30 127 25000
2 31 123 25000
2 32 126 25000
2 33 123 25000
2 34 110 25000
2 35 100 25000
2 36 118 25000
2 37 122 25000
2 38 133 25000
2 39 115 25000
2 40 128 25000
2 41 126 25000
2 42 103 25000
2 43 127 25000
2 44 125 25000
2 45 143 25000
2 46 96 25000
2 47 126 25000
2 48 118 25000
2 49 135 25000
2 50 140 25000
2 51 111 25000
3 4 132 25000
3 5 129 25000
3 6 139 25000
3 7 113 25000
3 8 140 25000
3 9 104 25000
3 10 133 25000
3 11 129 25000
3 12 134 25000
3 13 131 25000
3 14 107 25000
3 15 129 25000
3 16 118 25000
3 17 132 25000
3 18 119 25000
3 19 115 25000
3 20 119 25000
3 21 127 25000
3 22 125 25000
3 23 122 25000
3 24 116 25000
3 25 133 25000
3 26 120 25000
3 27 114 25000
3 28 114 25000
3 29 119 25000
3 30 123 25000
3 31 114 25000
3 32 133 25000
3 33 135 25000
3 34 107 25000
3 35 106 25000
3 36 107 25000
3 37 113 25000
3 38 104 25000
3 39 116 25000
3 40 114 25000
3 41 121 25000
3 42 110 25000
3 43 124 25000
3 44 112 25000
3 45 116 25000
3 46 123 25000
3 47 106 25000
3 48 140 25000
3 49 101 25000
3 50 125 25000
3 51 108 25000
4 5 122 25000
4 6 128 25000
4 7 110 25000
4 8 141 25000
4 9 114 25000
4 10 137 25000
4 11 125 25000
4 12 135 25000
4 13 112 25000
4 14 114 25000
4 15 123 25000
4 16 119 25000
4 17 123 25000
4 18 127 25000
4 19 115 25000
4 20 144 25000
4 21 116 25000
4 22 126 25000
4 23 109 25000
4 24 122 25000
4 25 145 25000
4 26 137 25000
4 27 105 25000
4 28 117 25000
4 29 125 25000
4 30 120 25000
4 31 120 25000
4 32 147 25000
4 33 108 25000
4 34 119 25000
4 35 123 25000
4 36 116 25000
4 37 120 25000
4 38 117 25000
4 39 120 25000
4 40 111 25000
4 41 115 25000
4 42 127 25000
4 43 112 25000
4 44 135 25000
4 45 140 25000
4 46 129 25000
4 47 131 25000
4 48 116 25000
4 49 124 25000
4 50 117 25000
4 51 105 25000
5 6 134 25000
5 7 125 25000
5 8 131 25000
5 9 125 25000
5 10 115 25000
5 11 125 25000
5 12 144 25000
5 13 124 25000
5 14 103 25000
5 15 105 25000
5 16 116 25000
5 17 116 25000
5 18 136 25000
5 19 106 25000
5 20 128 25000
5 21 111 25000
5 22 128 25000
5 23 114 25000
5 24 114 25000
5 25 118 25000
5 26 123 25000
5 27 113 25000
5 28 121 25000
5 29 131 25000
5 30 113 25000
5 31 128 25000
5 32 136 25000
5 33 126 25000
5 34 121 25000
5 35 99 25000
5 36 118 25000
5 37 118 25000
5 38 122 25000
5 39 113 25000
5 40 134 25000
5 41 108 25000
5 42 142 25000
5 43 115 25000
5 44 128 25000
5 45 128 25000
5 46 126 25000
5 47 121 25000
5 48 130 25000
5 49 99 25000
5 50 126 25000
5 51 99 25000
6 7 131 25000
6 8 122 25000
6 9 135 25000
6 10 113 25000
6 11 132 25000
6 12 129 25000
6 13 131 25000
6 14 127 25000
6 15 124 25000
6 16 123 25000
6 17 137 25000
6 18 119 25000
6 19 121 25000
6 20 135 25000
6 21 111 25000
6 22 128 25000
6 23 124 25000
6 24 106 25000
6 25 121 25000
6 26 112 25000
6 27 107 25000
6 28 128 25000
6 29 126 25000
6 30 99 25000
6 31 117 25000
6 32 127 25000
6 33 113 25000
6 34 105 25000
6 35 110 25000
6 36 124 25000
6 37 100 25000
6 38 126 25000
6 39 128 25000
6 40 112 25000
6 41 131 25000
6 42 115 25000
6 43 121 25000
6 44 120 25000
6 45 123 25000
6 46 146 25000
6 47 130 25000
6 48 118 25000
6 49 109 25000
6 50 125 25000
6 51 119 25000
7 8 124 25000
7 9 101 25000
7 10 122 25000
7 11 122 25000
7 12 135 25000
7 13 113 25000
7 14 126 25000
7 15 109 25000
7 16 115 25000
7 17 124 25000
7 18 114 25000
7 19 102 25000
7 20 126 25000
7 21 115 25000
7 22 110 25000
7 23 120 25000
7 24 134 25000
7 25 117 25000
7 26 106 25000
7 27 112 25000
7 28 113 25000
7 29 116 25000
7 30 105 25000
7 31 124 25000
7 32 115 25000
7 33 113 25000
7 34 148 25000
7 35 108 25000
7 36 135 25000
7 37 116 25000
7 38 119 25000
7 39 137 25000
7 40 130 25000
7 41 94 25000
7 42 114 25000
7 43 103 25000
7 44 129 25000
7 45 140 25000
7 46 115 25000
7 47 106 25000
7 48 120 25000
7 49 110 25000
7 50 113 25000
7 51 113 25000
8 9 128 25000
8 10 120 25000
8 11 139 25000
8 12 140 25000
8 13 149 25000
8 14 136 25000
8 15 123 25000
8 16 115 25000
8 17 109 25000
8 18 119 25000
8 19 107 25000
8 20 147 25000
8 21 118 25000
8 22 128 25000
8 23 145 25000
8 24 142 25000
8 25 133 25000
8 26 103 25000
8 27 141 25000
8 28 105 25000
8 29 124 25000
8 30 111 25000
8 31 130 25000
8 32 125 25000
8 33 140 25000
8 34 124 25000
8 35 159 25000
8 36 120 25000
8 37 126 25000
8 38 132 25000
8 39 122 25000
8 40 137 25000
8 41 119 25000
8 42 141 25000
8 43 119 25000
8 44 113 25000
8 45 145 25000
8 46 132 25000
8 47 113 25000
8 48 119 25000
8 49 133 25000
8 50 121 25000
8 51 115 25000
9 10 120 25000
9 11 122 25000
9 12 135 25000
9 13 119 25000
9 14 122 25000
9 15 118 25000
9 16 144 25000
9 17 119 25000
9 18 108 25000
9 19 121 25000
9 20 120 25000
9 21 96 25000
9 22 138 25000
9 23 112 25000
9 24 143 25000
9 25 122 25000
9 26 106 25000
9 27 110 25000
9 28 101 25000
9 29 108 25000
9 30 122 25000
9 31 120 25000
9 32 125 25000
9 33 109 25000
9 34 120 25000
9 35 107 25000
9 36 107 25000
9 37 121 25000
9 38 124 25000
9 39 109 25000
9 40 122 25000
9 41 125 25000
9 42 104 25000
9 43 116 25000
9 44 108 25000
9 45 101 25000
9 46 114 25000
9 47 123 25000
9 48 113 25000
9 49 94 25000
9 50 116 25000
9 51 131 25000
10 11 131 25000
10 12 156 25000
10 13 102 25000
10 14 115 25000
10 15 119 25000
10 16 124 25000
10 17 114 25000
10 18 118 25000
10 19 115 25000
10 20 134 25000
10 21 140 25000
10 22 127 25000
10 23 109 25000
10 24 121 25000
10 25 115 25000
10 26 136 25000
10 27 111 25000
10 28 122 25000
10 29 128 25000
10 30 132 25000
10 31 127 25000
10 32 120 25000
10 33 119 25000
10 34 98 25000
10 35 116 25000
10 36 127 25000
10 37 121 25000
10 38 114 25000
10 39 109 25000
10 40 132 25000
10 41 133 25000
10 42 145 25000
10 43 118 25000
10 44 138 25000
10 45 125 25000
10 46 123 25000
10 47 115 25000
10 48 118 25000
10 49 112 25000
10 50 122 25000
10 51 114 25000
11 12 159 25000
11 13 122 25000
11 14 131 25000
11 15 113 25000
11 16 111 25000
11 17 111 25000
11 18 134 25000
11 19 105 25000
11 20 137 25000
11 21 126 25000
11 22 133 25000
11 23 111 25000
11 24 105 25000
11 25 140 25000
11 26 125 25000
11 27 110 25000
11 28 96 25000
11 29 147 25000
11 30 141 25000
11 31 116 25000
11 32 129 25000
11 33 128 25000
11 34 131 25000
11 35 115 25000
11 36 106 25000
11 37 104 25000
11 38 118 25000
11 39 108 25000
11 40 156 25000
11 41 124 25000
11 42 152 25000
11 43 124 25000
11 44 107 25000
11 45 116 25000
11 46 126 25000
11 47 129 25000
11 48 117 25000
11 49 116 25000
11 50 147 25000
11 51 120 25000
12 13 132 25000
12 14 149 25000
12 15 133 25000
12 16 136 25000
12 17 148 25000
12 18 134 25000
12 19 145 25000
12 20 134 25000
12 21 129 25000
12 22 149 25000
12 23 143 25000
12 24 140 25000
12 25 131 25000
12 26 139 25000
12 27 138 25000
12 28 141 25000
12 29 124 25000
12 30 149 25000
12 31 139 25000
12 32 122 25000
12 33 128 25000
12 34 141 25000
12 35 136 25000
12 36 145 25000
12 37 147 25000
12 38 142 25000
12 39 137 25000
12 40 137 25000
12 41 154 25000
12 42 139 25000
12 43 146 25000
12 44 157 25000
12 45 137 25000
12 46 144 25000
12 47 140 25000
12 48 145 25000
12 49 123 25000
12 50 123 25000
12 51 148 25000
13 14 112 25000
13 15 104 25000
13 16 125 25000
13 17 114 25000
13 18 120 25000
13 19 117 25000
13 20 133 25000
13 21 123 25000
13 22 106 25000
13 23 138 25000
13 24 121 25000
13 25 122 25000
13 26 105 25000
13 27 123 25000
13 28 133 25000
13 29 155 25000
13 30 108 25000
13 31 122 25000
13 32 120 25000
13 33 127 25000
13 34 134 25000
13 35 99 25000
13 36 120 25000
13 37 141 25000
13 38 97 25000
13 39 113 25000
13 40 132 25000
13 41 127 25000
13 42 134 25000
13 43 124 25000
13 44 124 25000
13 45 111 25000
13 46 122 25000
13 47 114 25000
13 48 106 25000
13 49 126 25000
13 50 121 25000
13 51 113 25000
14 15 137 25000
14 16 112 25000
14 17 118 25000
14 18 137 25000
14 19 92 25000
14 20 120 25000
14 21 105 25000
14 22 112 25000
14 23 142 25000
14 24 113 25000
14 25 135 25000
14 26 111 25000
14 27 107 25000
14 28 111 25000
14 29 118 25000
14 30 118 25000
14 31 121 25000
14 32 127 25000
14 33 123 25000
14 34 124 25000
14 35 108 25000
14 36 110 25000
14 37 111 25000
14 38 106 25000
14 39 110 25000
14 40 118 25000
14 41 118 25000
14 42 119 25000
14 43 96 25000
14 44 121 25000
14 45 115 25000
14 46 114 25000
14 47 131 25000
14 48 133 25000
14 49 122 25000
14 50 108 25000
14 51 110 25000
15 16 118 25000
15 17 139 25000
15 18 106 25000
15 19 127 25000
15 20 116 25000
15 21 144 25000
15 22 126 25000
15 23 138 25000
15 24 130 25000
15 25 122 25000
15 26 117 25000
15 27 107 25000
15 28 103 25000
15 29 118 25000
15 30 114 25000
15 31 103 25000
15 32 117 25000
15 33 109 25000
15 34 140 25000
15 35 117 25000
15 36 113 25000
15 37 132 25000
15 38 129 25000
15 39 126 25000
15 40 116 25000
15 41 112 25000
15 42 123 25000
15 43 115 25000
15 44 129 25000
15 45 124 25000
15 46 102 25000
15 47 129 25000
15 48 115 25000
15 49 107 25000
15 50 136 25000
15 51 109 25000
16 17 127 25000
16 18 118 25000
16 19 103 25000
16 20 115 25000
16 21 101 25000
16 22 128 25000
16 23 118 25000
16 24 121 25000
16 25 117 25000
16 26 117 25000
16 27 113 25000
16 28 118 25000
16 29 119 25000
16 30 118 25000
16 31 103 25000
16 32 128 25000
16 33 129 25000
16 34 108 25000
16 35 142 25000
16 36 115 25000
16 37 131 25000
16 38 102 25000
16 39 132 25000
16 40 143 25000
16 41 111 25000
16 42 115 25000
16 43 116 25000
16 44 120 25000
16 45 118 25000
16 46 112 25000
16 47 100 25000
16 48 98 25000
16 49 106 25000
16 50 120 25000
16 51 124 25000
17 18 125 25000
17 19 114 25000
17 20 110 25000
17 21 119 25000
17 22 109 25000
17 23 128 25000
17 24 117 25000
17 25 123 25000
17 26 117 25000
17 27 114 25000
17 28 102 25000
17 29 108 25000
17 30 120 25000
17 31 123 25000
17 32 114 25000
17 33 123 25000
17 34 125 25000
17 35 109 25000
17 36 120 25000
17 37 119 25000
17 38 115 25000
17 39 119 25000
17 40 113 25000
17 41 117 25000
17 42 136 25000
17 43 117 25000
17 44 122 25000
17 45 122 25000
17 46 116 25000
17 47 106 25000
17 48 110 25000
17 49 110 25000
17 50 126 25000
17 51 126 25000
18 19 113 25000
18 20 141 25000
18 21 131 25000
18 22 123 25000
18 23 114 25000
18 24 142 25000
18 25 149 25000
18 26 135 25000
18 27 130 25000
18 28 119 25000
18 29 119 25000
18 30 123 25000
18 31 102 25000
18 32 123 25000
18 33 120 25000
18 34 108 25000
18 35 107 25000
18 36 120 25000
18 37 136 25000
18 38 120 25000
18 39 120 25000
18 40 117 25000
18 41 133 25000
18 42 127 25000
18 43 111 25000
18 44 99 25000
18 45 110 25000
18 46 138 25000
18 47 133 25000
18 48 110 25000
18 49 129 25000
18 50 106 25000
18 51 121 25000
19 20 136 25000
19 21 134 25000
19 22 124 25000
19 23 133 25000
19 24 99 25000
19 25 106 25000
19 26 118 25000
19 27 116 25000
19 28 114 25000
19 29 121 25000
19 30 111 25000
19 31 118 25000
19 32 120 25000
19 33 121 25000
19 34 95 25000
19 35 122 25000
19 36 108 25000
19 37 111 25000
19 38 96 25000
19 39 112 25000
19 40 116 25000
19 41 131 25000
19 42 103 25000
19 43 104 25000
19 44 103 25000
19 45 116 25000
19 46 124 25000
19 47 119 25000
19 48 131 25000
19 49 106 25000
19 50 120 25000
19 51 124 25000
20 21 133 25000
20 22 124 25000
20 23 120 25000
20 24 130 25000
20 25 130 25000
20 26 123 25000
20 27 137 25000
20 28 117 25000
20 29 142 25000
20 30 111 25000
20 31 109 25000
20 32 120 25000
20 33 121 25000
20 34 162 25000
20 35 115 25000
20 36 119 25000
20 37 127 25000
20 38 111 25000
20 39 128 25000
20 40 140 25000
20 41 120 25000
20 42 133 25000
20 43 116 25000
20 44 127 25000
20 45 131 25000
20 46 122 25000
20 47 134 25000
20 48 113 25000
20 49 104 25000
20 50 118 25000
20 51 121 25000
21 22 115 25000
21 23 126 25000
21 24 138 25000
21 25 115 25000
21 26 116 25000
21 27 145 25000
21 28 98 25000
21 29 138 25000
21 30 145 25000
21 31 115 25000
21 32 117 25000
21 33 112 25000
21 34 108 25000
21 35 113 25000
21 36 125 25000
21 37 119 25000
21 38 106 25000
21 39 118 25000
21 40 146 25000
21 41 128 25000
21 42 129 25000
21 43 117 25000
21 44 135 25000
21 45 124 25000
21 46 111 25000
21 47 139 25000
21 48 118 25000
21 49 94 25000
21 50 138 25000
21 51 134 25000
22 23 135 25000
22 24 140 25000
22 25 133 25000
22 26 119 25000
22 27 124 25000
22 28 114 25000
22 29 123 25000
22 30 110 25000
22 31 120 25000
22 32 115 25000
22 33 129 25000
22 34 110 25000
22 35 109 25000
22 36 122 25000
22 37 136 25000
22 38 127 25000
22 39 109 25000
22 40 132 25000
22 41 105 25000
22 42 128 25000
22 43 107 25000
22 44 132 25000
22 45 115 25000
22 46 123 25000
22 47 129 25000
22 48 122 25000
22 49 131 25000
22 50 124 25000
22 51 118 25000
23 24 152 25000
23 25 132 25000
23 26 141 25000
23 27 97 25000
23 28 111 25000
23 29 123 25000
23 30 133 25000
23 31 111 25000
23 32 112 25000
23 33 136 25000
23 34 117 25000
23 35 121 25000
23 36 125 25000
23 37 115 25000
23 38 120 25000
23 39 124 25000
23 40 135 25000
23 41 138 25000
23 42 133 25000
23 43 136 25000
23 44 142 25000
23 45 141 25000
23 46 125 25000
23 47 134 25000
23 48 127 25000
23 49 114 25000
23 50 135 25000
23 51 123 25000
24 25 123 25000
24 26 138 25000
24 27 105 25000
24 28 112 25000
24 29 127 25000
24 30 116 25000
24 31 117 25000
24 32 111 25000
24 33 114 25000
24 34 130 25000
24 35 118 25000
24 36 131 25000
24 37 131 25000
24 38 115 25000
24 39 117 25000
24 40 120 25000
24 41 115 25000
24 42 135 25000
24 43 128 25000
24 44 130 25000
24 45 115 25000
24 46 127 25000
24 47 129 25000
24 48 120 25000
24 49 110 25000
24 50 113 25000
24 51 119 25000
25 26 110 25000
25 27 111 25000
25 28 126 25000
25 29 143 25000
25 30 110 25000
25 31 115 25000
25 32 122 25000
25 33 122 25000
25 34 118 25000
25 35 129 25000
25 36 126 25000
25 37 121 25000
25 38 123 25000
25 39 106 25000
25 40 130 25000
25 41 104 25000
25 42 117 25000
25 43 119 25000
25 44 127 25000
25 45 141 25000
25 46 131 25000
25 47 144 25000
25 48 126 25000
25 49 103 25000
25 50 128 25000
25 51 120 25000
26 27 124 25000
26 28 132 25000
26 29 135 25000
26 30 115 25000
26 31 118 25000
26 32 108 25000
26 33 117 25000
26 34 115 25000
26 35 117 25000
26 36 127 25000
26 37 116 25000
26 38 129 25000
26 39 107 25000
26 40 108 25000
26 41 124 25000
26 42 117 25000
26 43 129 25000
26 44 118 25000
26 45 126 25000
26 46 129 25000
26 47 125 25000
26 48 120 25000
26 49 105 25000
26 50 106 25000
26 51 109 25000
27 28 125 25000
27 29 115 25000
27 30 118 25000
27 31 112 25000
27 32 128 25000
27 33 128 25000
27 34 119 25000
27 35 119 25000
27 36 122 25000
27 37 125 25000
27 38 108 25000
27 39 128 25000
27 40 123 25000
27 41 110 25000
27 42 108 25000
27 43 121 25000
27 44 123 25000
27 45 120 25000
27 46 114 25000
27 47 127 25000
27 48 119 25000
27 49 110 25000
27 50 130 25000
27 51 117 25000
28 29 117 25000
28 30 123 25000
28 31 128 25000
28 32 121 25000
28 33 123 25000
28 34 135 25000
28 35 108 25000
28 36 108 25000
28 37 114 25000
28 38 119 25000
28 39 102 25000
28 40 130 25000
28 41 124 25000
28 42 118 25000
28 43 106 25000
28 44 127 25000
28 45 122 25000
28 46 131 25000
28 47 105 25000
28 48 92 25000
28 49 117 25000
28 50 134 25000
28 51 119 25000
29 30 155 25000
29 31 134 25000
29 32 113 25000
29 33 124 25000
29 34 92 25000
29 35 128 25000
29 36 122 25000
29 37 129 25000
29 38 120 25000
29 39 134 25000
29 40 141 25000
29 41 102 25000
29 42 99 25000
29 43 122 25000
29 44 120 25000
29 45 133 25000
29 46 119 25000
29 47 118 25000
29 48 129 25000
29 49 112 25000
29 50 121 25000
29 51 106 25000
30 31 151 25000
30 32 119 25000
30 33 115 25000
30 34 141 25000
30 35 115 25000
30 36 112 25000
30 37 104 25000
30 38 109 25000
30 39 115 25000
30 40 133 25000
30 41 124 25000
30 42 119 25000
30 43 109 25000
30 44 124 25000
30 45 104 25000
30 46 121 25000
30 47 122 25000
30 48 112 25000
30 49 123 25000
30 50 126 25000
30 51 120 25000
31 32 135 25000
31 33 116 25000
31 34 133 25000
31 35 126 25000
31 36 128 25000
31 37 109 25000
31 38 135 25000
31 39 98 25000
31 40 105 25000
31 41 113 25000
31 42 138 25000
31 43 119 25000
31 44 124 25000
31 45 100 25000
31 46 122 25000
31 47 124 25000
31 48 111 25000
31 49 118 25000
31 50 133 25000
31 51 102 25000
32 33 136 25000
32 34 131 25000
32 35 123 25000
32 36 134 25000
32 37 131 25000
32 38 114 25000
32 39 117 25000
32 40 119 25000
32 41 104 25000
32 42 118 25000
32 43 116 25000
32 44 115 25000
32 45 116 25000
32 46 117 25000
32 47 132 25000
32 48 121 25000
32 49 116 25000
32 50 129 25000
32 51 118 25000
33 34 119 25000
33 35 112 25000
33 36 110 25000
33 37 124 25000
33 38 121 25000
33 39 116 25000
33 40 132 25000
33 41 105 25000
33 42 128 25000
33 43 98 25000
33 44 133 25000
33 45 129 25000
33 46 105 25000
33 47 125 25000
33 48 108 25000
33 49 117 25000
33 50 107 25000
33 51 115 25000
34 35 137 25000
34 36 134 25000
34 37 116 25000
34 38 128 25000
34 39 123 25000
34 40 104 25000
34 41 103 25000
34 42 110 25000
34 43 131 25000
34 44 112 25000
34 45 148 25000
34 46 109 25000
34 47 99 25000
34 48 116 25000
34 49 118 25000
34 50 116 25000
34 51 127 25000
35 36 131 25000
35 37 103 25000
35 38 119 25000
35 39 106 25000
35 40 131 25000
35 41 98 25000
35 42 119 25000
35 43 115 25000
35 44 124 25000
35 45 113 25000
35 46 123 25000
35 47 109 25000
35 48 113 25000
35 49 114 25000
35 50 105 25000
35 51 131 25000
36 37 136 25000
36 38 129 25000
36 39 128 25000
36 40 118 25000
36 41 114 25000
36 42 121 25000
36 43 104 25000
36 44 134 25000
36 45 131 25000
36 46 110 25000
36 47 136 25000
36 48 129 25000
36 49 112 25000
36 50 111 25000
36 51 124 25000
37 38 142 25000
37 39 111 25000
37 40 101 25000
37 41 117 25000
37 42 146 25000
37 43 107 25000
37 44 122 25000
37 45 138 25000
37 46 125 25000
37 47 114 25000
37 48 120 25000
37 49 112 25000
37 50 116 25000
37 51 112 25000
38 39 124 25000
38 40 121 25000
38 41 129 25000
38 42 123 25000
38 43 118 25000
38 44 117 25000
38 45 139 25000
38 46 119 25000
38 47 91 25000
38 48 125 25000
38 49 114 25000
38 50 142 25000
38 51 117 25000
39 40 115 25000
39 41 116 25000
39 42 122 25000
39 43 111 25000
39 44 115 25000
39 45 120 25000
39 46 112 25000
39 47 116 25000
39 48 148 25000
39 49 139 25000
39 50 136 25000
39 51 110 25000
40 41 132 25000
40 42 120 25000
40 43 123 25000
40 44 125 25000
40 45 122 25000
40 46 126 25000
40 47 112 25000
40 48 122 25000
40 49 116 25000
40 50 116 25000
40 51 105 25000
41 42 103 25000
41 43 137 25000
41 44 135 25000
41 45 136 25000
41 46 121 25000
41 47 132 25000
41 48 110 25000
41 49 108 25000
41 50 133 25000
41 51 120 25000
42 43 130 25000
42 44 145 25000
42 45 121 25000
42 46 120 25000
42 47 124 25000
42 48 130 25000
42 49 124 25000
42 50 120 25000
42 51 127 25000
43 44 135 25000
43 45 136 25000
43 46 142 25000
43 47 121 25000
43 48 150 25000
43 49 130 25000
43 50 128 25000
43 51 137 25000
44 45 153 25000
44 46 126 25000
44 47 131 25000
44 48 136 25000
44 49 135 25000
44 50 125 25000
44 51 119 25000
45 46 143 25000
45 47 157 25000
45 48 133 25000
45 49 128 25000
45 50 126 25000
45 51 134 25000
46 47 132 25000
46 48 142 25000
46 49 124 25000
46 50 115 25000
46 51 109 25000
47 48 117 25000
47 49 137 25000
47 50 127 25000
47 51 119 25000
48 49 114 25000
48 50 122 25000
48 51 128 25000
49 50 123 25000
49 51 124 25000
50 51 110 25000
