0 1 199 25000
0 2 166 25000
0 3 129 25000
0 4 119 25000
0 5 104 25000
0 6 110 25000
0 7 99 25000
0 8 95 25000
0 9 113 25000
0 10 134 25000
0 11 162 25000
0 12 231 25000
0 13 292 25000
0 14 205 25000
0 15 137 25000
0 16 122 25000
0 17 113 25000
0 18 96 25000
0 19 104 25000
0 20 120 25000
0 21 116 25000
0 22 121 25000
0 23 116 25000
0 24 151 25000
0 25 200 25000
0 26 241 25000
0 27 175 25000
0 28 164 25000
0 29 123 25000
0 30 108 25000
0 31 97 25000
0 32 94 25000
0 33 93 25000
0 34 102 25000
0 35 94 25000
0 36 120 25000
0 37 138 25000
0 38 173 25000
0 39 246 25000
0 40 185 25000
0 41 141 25000
0 42 125 25000
0 43 116 25000
0 44 112 25000
0 45 92 25000
0 46 103 25000
0 47 111 25000
0 48 89 25000
0 49 114 25000
0 50 122 25000
0 51 198 25000
1 2 201 25000
1 3 174 25000
1 4 114 25000
1 5 109 25000
1 6 89 25000
1 7 85 25000
1 8 96 25000
1 9 104 25000
1 10 114 25000
1 11 132 25000
1 12 192 25000
1 13 164 25000
1 14 257 25000
1 15 188 25000
1 16 143 25000
1 17 122 25000
1 18 102 25000
1 19 90 25000
1 20 88 25000
1 21 103 25000
1 22 101 25000
1 23 91 25000
1 24 125 25000
1 25 149 25000
1 26 171 25000
1 27 279 25000
1 28 156 25000
1 29 146 25000
1 30 129 25000
1 31 105 25000
1 32 105 25000
1 33 100 25000
1 34 91 25000
1 35 98 25000
1 36 117 25000
1 37 120 25000
1 38 149 25000
1 39 154 25000
1 40 242 25000
1 41 175 25000
1 42 148 25000
1 43 135 25000
1 44 100 25000
1 45 79 25000
1 46 99 25000
1 47 88 25000
1 48 95 25000
1 49 115 25000
1 50 136 25000
1 51 136 25000
2 3 217 25000
2 4 166 25000
2 5 131 25000
2 6 127 25000
2 7 107 25000
2 8 104 25000
2 9 107 25000
2 10 101 25000
2 11 132 25000
2 12 149 25000
2 13 155 25000
2 14 203 25000
2 15 276 25000
2 16 180 25000
2 17 149 25000
2 18 150 25000
2 19 103 25000
2 20 90 25000
2 21 107 25000
2 22 98 25000
2 23 92 25000
2 24 111 25000
2 25 134 25000
2 26 153 25000
2 27 165 25000
2 28 290 25000
2 29 171 25000
2 30 154 25000
2 31 121 25000
2 32 97 25000
2 33 119 25000
2 34 83 25000
2 35 82 25000
2 36 101 25000
2 37 106 25000
2 38 128 25000
2 39 167 25000
2 40 195 25000
2 41 280 25000
2 42 194 25000
2 43 155 25000
2 44 119 25000
2 45 121 25000
2 46 102 25000
2 47 94 25000
2 48 82 25000
2 49 87 25000
2 50 125 25000
2 51 140 25000
3 4 176 25000
3 5 148 25000
3 6 135 25000
3 7 96 25000
3 8 95 25000
3 9 112 25000
3 10 102 25000
3 11 103 25000
3 12 121 25000
3 13 117 25000
3 14 143 25000
3 15 172 25000
3 16 270 25000
3 17 186 25000
3 18 146 25000
3 19 122 25000
3 20 103 25000
3 21 103 25000
3 22 105 25000
3 23 89 25000
3 24 97 25000
3 25 119 25000
3 26 125 25000
3 27 144 25000
3 28 173 25000
3 29 282 25000
3 30 158 25000
3 31 134 25000
3 32 113 25000
3 33 108 25000
3 34 88 25000
3 35 96 25000
3 36 83 25000
3 37 112 25000
3 38 119 25000
3 39 131 25000
3 40 145 25000
3 41 177 25000
3 42 261 25000
3 43 183 25000
3 44 120 25000
3 45 127 25000
3 46 95 25000
3 47 76 25000
3 48 90 25000
3 49 87 25000
3 50 90 25000
3 51 130 25000
4 5 194 25000
4 6 150 25000
4 7 140 25000
4 8 113 25000
4 9 117 25000
4 10 89 25000
4 11 93 25000
4 12 112 25000
4 13 106 25000
4 14 112 25000
4 15 142 25000
4 16 179 25000
4 17 258 25000
4 18 161 25000
4 19 126 25000
4 20 113 25000
4 21 101 25000
4 22 94 25000
4 23 89 25000
4 24 114 25000
4 25 92 25000
4 26 105 25000
4 27 121 25000
4 28 128 25000
4 29 164 25000
4 30 243 25000
4 31 182 25000
4 32 144 25000
4 33 103 25000
4 34 98 25000
4 35 91 25000
4 36 88 25000
4 37 101 25000
4 38 107 25000
4 39 125 25000
4 40 106 25000
4 41 151 25000
4 42 162 25000
4 43 262 25000
4 44 177 25000
4 45 147 25000
4 46 99 25000
4 47 89 25000
4 48 97 25000
4 49 93 25000
4 50 116 25000
4 51 97 25000
5 6 190 25000
5 7 150 25000
5 8 118 25000
5 9 90 25000
5 10 95 25000
5 11 92 25000
5 12 118 25000
5 13 98 25000
5 14 119 25000
5 15 136 25000
5 16 158 25000
5 17 165 25000
5 18 292 25000
5 19 162 25000
5 20 141 25000
5 21 117 25000
5 22 100 25000
5 23 103 25000
5 24 99 25000
5 25 89 25000
5 26 94 25000
5 27 101 25000
5 28 137 25000
5 29 125 25000
5 30 180 25000
5 31 277 25000
5 32 190 25000
5 33 124 25000
5 34 125 25000
5 35 106 25000
5 36 99 25000
5 37 100 25000
5 38 93 25000
5 39 103 25000
5 40 107 25000
5 41 123 25000
5 42 143 25000
5 43 189 25000
5 44 273 25000
5 45 183 25000
5 46 136 25000
5 47 97 25000
5 48 101 25000
5 49 89 25000
5 50 93 25000
5 51 91 25000
6 7 196 25000
6 8 126 25000
6 9 128 25000
6 10 110 25000
6 11 102 25000
6 12 123 25000
6 13 117 25000
6 14 95 25000
6 15 109 25000
6 16 116 25000
6 17 130 25000
6 18 175 25000
6 19 256 25000
6 20 171 25000
6 21 149 25000
6 22 116 25000
6 23 99 25000
6 24 107 25000
6 25 84 25000
6 26 107 25000
6 27 99 25000
6 28 120 25000
6 29 134 25000
6 30 143 25000
6 31 177 25000
6 32 229 25000
6 33 178 25000
6 34 156 25000
6 35 112 25000
6 36 97 25000
6 37 89 25000
6 38 96 25000
6 39 99 25000
6 40 96 25000
6 41 132 25000
6 42 116 25000
6 43 152 25000
6 44 161 25000
6 45 262 25000
6 46 164 25000
6 47 148 25000
6 48 124 25000
6 49 105 25000
6 50 86 25000
6 51 101 25000
7 8 204 25000
7 9 137 25000
7 10 113 25000
7 11 87 25000
7 12 112 25000
7 13 107 25000
7 14 94 25000
7 15 108 25000
7 16 94 25000
7 17 114 25000
7 18 130 25000
7 19 168 25000
7 20 251 25000
7 21 188 25000
7 22 138 25000
7 23 123 25000
7 24 93 25000
7 25 89 25000
7 26 92 25000
7 27 84 25000
7 28 106 25000
7 29 98 25000
7 30 98 25000
7 31 131 25000
7 32 159 25000
7 33 224 25000
7 34 154 25000
7 35 116 25000
7 36 120 25000
7 37 106 25000
7 38 106 25000
7 39 103 25000
7 40 103 25000
7 41 117 25000
7 42 110 25000
7 43 93 25000
7 44 143 25000
7 45 184 25000
7 46 247 25000
7 47 179 25000
7 48 136 25000
7 49 99 25000
7 50 96 25000
7 51 95 25000
8 9 193 25000
8 10 137 25000
8 11 137 25000
8 12 107 25000
8 13 97 25000
8 14 96 25000
8 15 90 25000
8 16 97 25000
8 17 100 25000
8 18 107 25000
8 19 143 25000
8 20 164 25000
8 21 250 25000
8 22 173 25000
8 23 128 25000
8 24 120 25000
8 25 104 25000
8 26 104 25000
8 27 104 25000
8 28 96 25000
8 29 98 25000
8 30 106 25000
8 31 130 25000
8 32 135 25000
8 33 165 25000
8 34 263 25000
8 35 177 25000
8 36 128 25000
8 37 131 25000
8 38 100 25000
8 39 104 25000
8 40 86 25000
8 41 101 25000
8 42 81 25000
8 43 86 25000
8 44 113 25000
8 45 148 25000
8 46 173 25000
8 47 262 25000
8 48 179 25000
8 49 123 25000
8 50 114 25000
8 51 102 25000
9 10 171 25000
9 11 141 25000
9 12 149 25000
9 13 115 25000
9 14 115 25000
9 15 103 25000
9 16 97 25000
9 17 93 25000
9 18 93 25000
9 19 106 25000
9 20 122 25000
9 21 180 25000
9 22 265 25000
9 23 161 25000
9 24 141 25000
9 25 112 25000
9 26 118 25000
9 27 103 25000
9 28 103 25000
9 29 96 25000
9 30 86 25000
9 31 110 25000
9 32 116 25000
9 33 133 25000
9 34 175 25000
9 35 276 25000
9 36 188 25000
9 37 130 25000
9 38 104 25000
9 39 105 25000
9 40 105 25000
9 41 97 25000
9 42 82 25000
9 43 86 25000
9 44 101 25000
9 45 109 25000
9 46 141 25000
9 47 189 25000
9 48 273 25000
9 49 194 25000
9 50 133 25000
9 51 102 25000
10 11 175 25000
10 12 165 25000
10 13 125 25000
10 14 101 25000
10 15 115 25000
10 16 96 25000
10 17 84 25000
10 18 91 25000
10 19 106 25000
10 20 120 25000
10 21 146 25000
10 22 168 25000
10 23 256 25000
10 24 176 25000
10 25 135 25000
10 26 141 25000
10 27 101 25000
10 28 122 25000
10 29 84 25000
10 30 104 25000
10 31 87 25000
10 32 88 25000
10 33 128 25000
10 34 153 25000
10 35 185 25000
10 36 254 25000
10 37 187 25000
10 38 125 25000
10 39 119 25000
10 40 99 25000
10 41 92 25000
10 42 107 25000
10 43 78 25000
10 44 101 25000
10 45 103 25000
10 46 104 25000
10 47 133 25000
10 48 159 25000
10 49 244 25000
10 50 180 25000
10 51 133 25000
11 12 224 25000
11 13 151 25000
11 14 135 25000
11 15 113 25000
11 16 99 25000
11 17 104 25000
11 18 81 25000
11 19 95 25000
11 20 100 25000
11 21 102 25000
11 22 132 25000
11 23 191 25000
11 24 242 25000
11 25 175 25000
11 26 125 25000
11 27 117 25000
11 28 127 25000
11 29 124 25000
11 30 95 25000
11 31 88 25000
11 32 98 25000
11 33 110 25000
11 34 127 25000
11 35 129 25000
11 36 174 25000
11 37 278 25000
11 38 186 25000
11 39 154 25000
11 40 113 25000
11 41 135 25000
11 42 92 25000
11 43 104 25000
11 44 95 25000
11 45 96 25000
11 46 107 25000
11 47 112 25000
11 48 144 25000
11 49 161 25000
11 50 242 25000
11 51 168 25000
12 13 203 25000
12 14 176 25000
12 15 152 25000
12 16 133 25000
12 17 106 25000
12 18 101 25000
12 19 99 25000
12 20 112 25000
12 21 117 25000
12 22 107 25000
12 23 141 25000
12 24 226 25000
12 25 268 25000
12 26 235 25000
12 27 179 25000
12 28 126 25000
12 29 132 25000
12 30 117 25000
12 31 117 25000
12 32 84 25000
12 33 97 25000
12 34 151 25000
12 35 136 25000
12 36 137 25000
12 37 178 25000
12 38 282 25000
12 39 213 25000
12 40 152 25000
12 41 155 25000
12 42 119 25000
12 43 141 25000
12 44 104 25000
12 45 108 25000
12 46 100 25000
12 47 106 25000
12 48 144 25000
12 49 169 25000
12 50 177 25000
12 51 273 25000
13 14 191 25000
13 15 149 25000
13 16 126 25000
13 17 108 25000
13 18 100 25000
13 19 98 25000
13 20 116 25000
13 21 117 25000
13 22 127 25000
13 23 129 25000
13 24 171 25000
13 25 211 25000
13 26 236 25000
13 27 177 25000
13 28 157 25000
13 29 133 25000
13 30 116 25000
13 31 93 25000
13 32 90 25000
13 33 78 25000
13 34 98 25000
13 35 110 25000
13 36 135 25000
13 37 144 25000
13 38 175 25000
13 39 231 25000
13 40 190 25000
13 41 144 25000
13 42 123 25000
13 43 113 25000
13 44 92 25000
13 45 110 25000
13 46 85 25000
13 47 99 25000
13 48 96 25000
13 49 117 25000
13 50 122 25000
13 51 182 25000
14 15 202 25000
14 16 169 25000
14 17 136 25000
14 18 109 25000
14 19 89 25000
14 20 97 25000
14 21 106 25000
14 22 115 25000
14 23 106 25000
14 24 136 25000
14 25 191 25000
14 26 194 25000
14 27 257 25000
14 28 192 25000
14 29 155 25000
14 30 123 25000
14 31 97 25000
14 32 98 25000
14 33 99 25000
14 34 89 25000
14 35 103 25000
14 36 122 25000
14 37 152 25000
14 38 161 25000
14 39 200 25000
14 40 249 25000
14 41 181 25000
14 42 152 25000
14 43 114 25000
14 44 107 25000
14 45 98 25000
14 46 113 25000
14 47 98 25000
14 48 126 25000
14 49 107 25000
14 50 137 25000
14 51 160 25000
15 16 200 25000
15 17 140 25000
15 18 110 25000
15 19 95 25000
15 20 84 25000
15 21 107 25000
15 22 92 25000
15 23 93 25000
15 24 111 25000
15 25 164 25000
15 26 131 25000
15 27 194 25000
15 28 276 25000
15 29 181 25000
15 30 134 25000
15 31 131 25000
15 32 98 25000
15 33 117 25000
15 34 96 25000
15 35 94 25000
15 36 118 25000
15 37 120 25000
15 38 115 25000
15 39 141 25000
15 40 181 25000
15 41 248 25000
15 42 195 25000
15 43 140 25000
15 44 142 25000
15 45 137 25000
15 46 83 25000
15 47 85 25000
15 48 100 25000
15 49 107 25000
15 50 115 25000
15 51 116 25000
16 17 207 25000
16 18 170 25000
16 19 135 25000
16 20 109 25000
16 21 110 25000
16 22 94 25000
16 23 101 25000
16 24 125 25000
16 25 131 25000
16 26 120 25000
16 27 156 25000
16 28 166 25000
16 29 254 25000
16 30 190 25000
16 31 163 25000
16 32 112 25000
16 33 109 25000
16 34 88 25000
16 35 101 25000
16 36 95 25000
16 37 116 25000
16 38 105 25000
16 39 109 25000
16 40 152 25000
16 41 202 25000
16 42 260 25000
16 43 158 25000
16 44 135 25000
16 45 134 25000
16 46 85 25000
16 47 80 25000
16 48 85 25000
16 49 112 25000
16 50 93 25000
16 51 122 25000
17 18 229 25000
17 19 152 25000
17 20 128 25000
17 21 110 25000
17 22 117 25000
17 23 90 25000
17 24 101 25000
17 25 113 25000
17 26 125 25000
17 27 121 25000
17 28 144 25000
17 29 189 25000
17 30 271 25000
17 31 186 25000
17 32 139 25000
17 33 113 25000
17 34 105 25000
17 35 97 25000
17 36 108 25000
17 37 108 25000
17 38 108 25000
17 39 94 25000
17 40 146 25000
17 41 145 25000
17 42 183 25000
17 43 261 25000
17 44 180 25000
17 45 155 25000
17 46 130 25000
17 47 107 25000
17 48 104 25000
17 49 85 25000
17 50 91 25000
17 51 98 25000
18 19 174 25000
18 20 154 25000
18 21 136 25000
18 22 105 25000
18 23 85 25000
18 24 99 25000
18 25 96 25000
18 26 107 25000
18 27 87 25000
18 28 118 25000
18 29 158 25000
18 30 169 25000
18 31 250 25000
18 32 180 25000
18 33 120 25000
18 34 116 25000
18 35 97 25000
18 36 104 25000
18 37 87 25000
18 38 96 25000
18 39 101 25000
18 40 127 25000
18 41 125 25000
18 42 127 25000
18 43 180 25000
18 44 289 25000
18 45 163 25000
18 46 172 25000
18 47 111 25000
18 48 99 25000
18 49 86 25000
18 50 107 25000
18 51 91 25000
19 20 201 25000
19 21 152 25000
19 22 120 25000
19 23 113 25000
19 24 96 25000
19 25 92 25000
19 26 102 25000
19 27 98 25000
19 28 111 25000
19 29 125 25000
19 30 138 25000
19 31 163 25000
19 32 258 25000
19 33 175 25000
19 34 142 25000
19 35 120 25000
19 36 100 25000
19 37 83 25000
19 38 111 25000
19 39 83 25000
19 40 105 25000
19 41 100 25000
19 42 110 25000
19 43 128 25000
19 44 162 25000
19 45 277 25000
19 46 183 25000
19 47 116 25000
19 48 113 25000
19 49 83 25000
19 50 93 25000
19 51 87 25000
20 21 180 25000
20 22 131 25000
20 23 102 25000
20 24 111 25000
20 25 94 25000
20 26 99 25000
20 27 82 25000
20 28 120 25000
20 29 94 25000
20 30 127 25000
20 31 149 25000
20 32 169 25000
20 33 235 25000
20 34 182 25000
20 35 142 25000
20 36 108 25000
20 37 105 25000
20 38 85 25000
20 39 110 25000
20 40 92 25000
20 41 109 25000
20 42 107 25000
20 43 115 25000
20 44 131 25000
20 45 176 25000
20 46 270 25000
20 47 162 25000
20 48 133 25000
20 49 105 25000
20 50 100 25000
20 51 95 25000
21 22 200 25000
21 23 137 25000
21 24 120 25000
21 25 120 25000
21 26 110 25000
21 27 106 25000
21 28 108 25000
21 29 98 25000
21 30 95 25000
21 31 123 25000
21 32 125 25000
21 33 165 25000
21 34 233 25000
21 35 200 25000
21 36 150 25000
21 37 118 25000
21 38 114 25000
21 39 89 25000
21 40 103 25000
21 41 102 25000
21 42 87 25000
21 43 113 25000
21 44 99 25000
21 45 124 25000
21 46 170 25000
21 47 262 25000
21 48 184 25000
21 49 138 25000
21 50 131 25000
21 51 94 25000
22 23 205 25000
22 24 130 25000
22 25 143 25000
22 26 113 25000
22 27 117 25000
22 28 88 25000
22 29 86 25000
22 30 79 25000
22 31 116 25000
22 32 110 25000
22 33 124 25000
22 34 181 25000
22 35 281 25000
22 36 158 25000
22 37 141 25000
22 38 118 25000
22 39 103 25000
22 40 99 25000
22 41 73 25000
22 42 89 25000
22 43 97 25000
22 44 101 25000
22 45 124 25000
22 46 139 25000
22 47 184 25000
22 48 234 25000
22 49 187 25000
22 50 129 25000
22 51 108 25000
23 24 178 25000
23 25 135 25000
23 26 125 25000
23 27 108 25000
23 28 93 25000
23 29 99 25000
23 30 94 25000
23 31 70 25000
23 32 108 25000
23 33 119 25000
23 34 139 25000
23 35 170 25000
23 36 251 25000
23 37 152 25000
23 38 156 25000
23 39 122 25000
23 40 113 25000
23 41 92 25000
23 42 86 25000
23 43 84 25000
23 44 102 25000
23 45 95 25000
23 46 118 25000
23 47 119 25000
23 48 180 25000
23 49 248 25000
23 50 177 25000
23 51 134 25000
24 25 196 25000
24 26 125 25000
24 27 133 25000
24 28 101 25000
24 29 110 25000
24 30 93 25000
24 31 88 25000
24 32 91 25000
24 33 99 25000
24 34 135 25000
24 35 121 25000
24 36 194 25000
24 37 264 25000
24 38 194 25000
24 39 154 25000
24 40 128 25000
24 41 117 25000
24 42 99 25000
24 43 83 25000
24 44 115 25000
24 45 100 25000
24 46 125 25000
24 47 126 25000
24 48 116 25000
24 49 171 25000
24 50 268 25000
24 51 182 25000
25 26 187 25000
25 27 167 25000
25 28 146 25000
25 29 97 25000
25 30 129 25000
25 31 103 25000
25 32 86 25000
25 33 109 25000
25 34 110 25000
25 35 115 25000
25 36 127 25000
25 37 184 25000
25 38 260 25000
25 39 188 25000
25 40 159 25000
25 41 138 25000
25 42 113 25000
25 43 100 25000
25 44 93 25000
25 45 80 25000
25 46 104 25000
25 47 86 25000
25 48 112 25000
25 49 142 25000
25 50 197 25000
25 51 252 25000
26 27 190 25000
26 28 159 25000
26 29 145 25000
26 30 105 25000
26 31 98 25000
26 32 87 25000
26 33 104 25000
26 34 98 25000
26 35 138 25000
26 36 127 25000
26 37 176 25000
26 38 206 25000
26 39 248 25000
26 40 184 25000
26 41 151 25000
26 42 120 25000
26 43 111 25000
26 44 103 25000
26 45 111 25000
26 46 79 25000
26 47 98 25000
26 48 109 25000
26 49 137 25000
26 50 134 25000
26 51 205 25000
27 28 201 25000
27 29 167 25000
27 30 141 25000
27 31 115 25000
27 32 101 25000
27 33 116 25000
27 34 103 25000
27 35 109 25000
27 36 119 25000
27 37 137 25000
27 38 184 25000
27 39 199 25000
27 40 249 25000
27 41 179 25000
27 42 153 25000
27 43 123 25000
27 44 119 25000
27 45 91 25000
27 46 107 25000
27 47 95 25000
27 48 86 25000
27 49 121 25000
27 50 110 25000
27 51 155 25000
28 29 195 25000
28 30 147 25000
28 31 133 25000
28 32 113 25000
28 33 113 25000
28 34 105 25000
28 35 98 25000
28 36 104 25000
28 37 121 25000
28 38 155 25000
28 39 152 25000
28 40 202 25000
28 41 266 25000
28 42 195 25000
28 43 140 25000
28 44 111 25000
28 45 117 25000
28 46 97 25000
28 47 97 25000
28 48 91 25000
28 49 100 25000
28 50 100 25000
28 51 143 25000
29 30 216 25000
29 31 164 25000
29 32 120 25000
29 33 107 25000
29 34 102 25000
29 35 96 25000
29 36 93 25000
29 37 122 25000
29 38 127 25000
29 39 113 25000
29 40 164 25000
29 41 175 25000
29 42 275 25000
29 43 185 25000
29 44 150 25000
29 45 107 25000
29 46 104 25000
29 47 105 25000
29 48 91 25000
29 49 116 25000
29 50 110 25000
29 51 128 25000
30 31 211 25000
30 32 143 25000
30 33 148 25000
30 34 111 25000
30 35 101 25000
30 36 83 25000
30 37 103 25000
30 38 119 25000
30 39 114 25000
30 40 131 25000
30 41 139 25000
30 42 184 25000
30 43 255 25000
30 44 171 25000
30 45 147 25000
30 46 138 25000
30 47 101 25000
30 48 89 25000
30 49 88 25000
30 50 89 25000
30 51 124 25000
31 32 214 25000
31 33 146 25000
31 34 114 25000
31 35 107 25000
31 36 87 25000
31 37 109 25000
31 38 99 25000
31 39 96 25000
31 40 105 25000
31 41 125 25000
31 42 156 25000
31 43 168 25000
31 44 242 25000
31 45 154 25000
31 46 145 25000
31 47 129 25000
31 48 105 25000
31 49 80 25000
31 50 79 25000
31 51 102 25000
32 33 185 25000
32 34 149 25000
32 35 103 25000
32 36 103 25000
32 37 96 25000
32 38 114 25000
32 39 89 25000
32 40 79 25000
32 41 100 25000
32 42 126 25000
32 43 140 25000
32 44 161 25000
32 45 250 25000
32 46 172 25000
32 47 143 25000
32 48 117 25000
32 49 101 25000
32 50 99 25000
32 51 102 25000
33 34 200 25000
33 35 133 25000
33 36 132 25000
33 37 92 25000
33 38 108 25000
33 39 117 25000
33 40 95 25000
33 41 113 25000
33 42 105 25000
33 43 119 25000
33 44 150 25000
33 45 165 25000
33 46 265 25000
33 47 172 25000
33 48 141 25000
33 49 123 25000
33 50 113 25000
33 51 106 25000
34 35 168 25000
34 36 124 25000
34 37 111 25000
34 38 112 25000
34 39 91 25000
34 40 101 25000
34 41 112 25000
34 42 94 25000
34 43 114 25000
34 44 102 25000
34 45 116 25000
34 46 157 25000
34 47 263 25000
34 48 172 25000
34 49 145 25000
34 50 120 25000
34 51 112 25000
35 36 180 25000
35 37 137 25000
35 38 118 25000
35 39 97 25000
35 40 106 25000
35 41 86 25000
35 42 79 25000
35 43 109 25000
35 44 97 25000
35 45 107 25000
35 46 141 25000
35 47 197 25000
35 48 278 25000
35 49 145 25000
35 50 153 25000
35 51 108 25000
36 37 166 25000
36 38 145 25000
36 39 134 25000
36 40 123 25000
36 41 90 25000
36 42 78 25000
36 43 101 25000
36 44 93 25000
36 45 124 25000
36 46 116 25000
36 47 149 25000
36 48 189 25000
36 49 252 25000
36 50 183 25000
36 51 124 25000
37 38 220 25000
37 39 134 25000
37 40 138 25000
37 41 110 25000
37 42 107 25000
37 43 94 25000
37 44 92 25000
37 45 82 25000
37 46 94 25000
37 47 108 25000
37 48 139 25000
37 49 175 25000
37 50 235 25000
37 51 189 25000
38 39 176 25000
38 40 173 25000
38 41 126 25000
38 42 122 25000
38 43 120 25000
38 44 88 25000
38 45 110 25000
38 46 115 25000
38 47 107 25000
38 48 133 25000
38 49 134 25000
38 50 193 25000
38 51 256 25000
39 40 182 25000
39 41 164 25000
39 42 125 25000
39 43 102 25000
39 44 104 25000
39 45 90 25000
39 46 97 25000
39 47 96 25000
39 48 118 25000
39 49 108 25000
39 50 159 25000
39 51 214 25000
40 41 174 25000
40 42 156 25000
40 43 148 25000
40 44 112 25000
40 45 91 25000
40 46 91 25000
40 47 101 25000
40 48 109 25000
40 49 95 25000
40 50 115 25000
40 51 136 25000
41 42 191 25000
41 43 161 25000
41 44 137 25000
41 45 115 25000
41 46 94 25000
41 47 91 25000
41 48 104 25000
41 49 116 25000
41 50 87 25000
41 51 143 25000
42 43 175 25000
42 44 132 25000
42 45 104 25000
42 46 94 25000
42 47 111 25000
42 48 93 25000
42 49 93 25000
42 50 90 25000
42 51 121 25000
43 44 183 25000
43 45 139 25000
43 46 117 25000
43 47 97 25000
43 48 86 25000
43 49 98 25000
43 50 102 25000
43 51 108 25000
44 45 214 25000
44 46 149 25000
44 47 102 25000
44 48 126 25000
44 49 89 25000
44 50 97 25000
44 51 104 25000
45 46 179 25000
45 47 141 25000
45 48 121 25000
45 49 122 25000
45 50 94 25000
45 51 105 25000
46 47 202 25000
46 48 134 25000
46 49 123 25000
46 50 111 25000
46 51 94 25000
47 48 205 25000
47 49 150 25000
47 50 113 25000
47 51 113 25000
48 49 185 25000
48 50 165 25000
48 51 109 25000
49 50 162 25000
49 51 151 25000
50 51 190 25000
