0 1 135 25000
0 2 138 25000
0 3 117 25000
0 4 120 25000
0 5 147 25000
0 6 149 25000
0 7 128 25000
0 8 128 25000
0 9 125 25000
0 10 139 25000
0 11 125 25000
0 12 154 25000
0 13 132 25000
0 14 116 25000
0 15 124 25000
0 16 133 25000
0 17 139 25000
0 18 117 25000
0 19 112 25000
0 20 133 25000
0 21 124 25000
0 22 128 25000
0 23 117 25000
0 24 117 25000
0 25 140 25000
0 26 128 25000
0 27 115 25000
0 28 128 25000
0 29 131 25000
0 30 131 25000
0 31 119 25000
0 32 124 25000
0 33 133 25000
0 34 113 25000
0 35 126 25000
0 36 109 25000
0 37 123 25000
0 38 127 25000
0 39 115 25000
0 40 123 25000
0 41 132 25000
0 42 129 25000
0 43 117 25000
0 44 113 25000
0 45 128 25000
0 46 133 25000
0 47 109 25000
0 48 131 25000
0 49 132 25000
0 50 129 25000
0 51 129 25000
1 2 119 25000
1 3 124 25000
1 4 138 25000
1 5 145 25000
1 6 119 25000
1 7 135 25000
1 8 129 25000
1 9 135 25000
1 10 131 25000
1 11 124 25000
1 12 159 25000
1 13 126 25000
1 14 136 25000
1 15 124 25000
1 16 123 25000
1 17 123 25000
1 18 129 25000
1 19 107 25000
1 20 141 25000
1 21 116 25000
1 22 135 25000
1 23 118 25000
1 24 118 25000
1 25 132 25000
1 26 109 25000
1 27 104 25000
1 28 140 25000
1 29 116 25000
1 30 139 25000
1 31 125 25000
1 32 128 25000
1 33 117 25000
1 34 116 25000
1 35 129 25000
1 36 118 25000
1 37 120 25000
1 38 135 25000
1 39 126 25000
1 40 129 25000
1 41 111 25000
1 42 125 25000
1 43 113 25000
1 44 145 25000
1 45 131 25000
1 46 143 25000
1 47 119 25000
1 48 131 25000
1 49 132 25000
1 50 140 25000
1 51 129 25000
2 3 120 25000
2 4 148 25000
2 5 127 25000
2 6 126 25000
2 7 120 25000
2 8 134 25000
2 9 116 25000
2 10 132 25000
2 11 127 25000
2 12 139 25000
2 13 125 25000
2 14 112 25000
2 15 116 25000
2 16 124 25000
2 17 131 25000
2 18 110 25000
2 19 134 25000
2 20 142 25000
2 21 135 25000
2 22 136 25000
2 23 119 25000
2 24 114 25000
2 25 123 25000
2 26 139 25000
2 27 101 25000
2 28 151 25000
2 29 120 25000
2 30 134 25000
2 31 114 25000
2 32 120 25000
2 33 133 25000
2 34 122 25000
2 35 147 25000
2 36 118 25000
2 37 122 25000
2 38 97 25000
2 39 144 25000
2 40 118 25000
2 41 127 25000
2 42 120 25000
2 43 112 25000
2 44 126 25000
2 45 115 25000
2 46 115 25000
2 47 129 25000
2 48 130 25000
2 49 130 25000
2 50 112 25000
2 51 114 25000
3 4 135 25000
3 5 134 25000
3 6 123 25000
3 7 136 25000
3 8 122 25000
3 9 124 25000
3 10 120 25000
3 11 124 25000
3 12 143 25000
3 13 114 25000
3 14 105 25000
3 15 127 25000
3 16 119 25000
3 17 114 25000
3 18 115 25000
3 19 142 25000
3 20 132 25000
3 21 139 25000
3 22 119 25000
3 23 118 25000
3 24 110 25000
3 25 121 25000
3 26 134 25000
3 27 117 25000
3 28 130 25000
3 29 127 25000
3 30 114 25000
3 31 127 25000
3 32 107 25000
3 33 93 25000
3 34 120 25000
3 35 132 25000
3 36 117 25000
3 37 123 25000
3 38 110 25000
3 39 126 25000
3 40 136 25000
3 41 121 25000
3 42 115 25000
3 43 117 25000
3 44 141 25000
3 45 107 25000
3 46 112 25000
3 47 110 25000
3 48 121 25000
3 49 130 25000
3 50 127 25000
3 51 115 25000
4 5 141 25000
4 6 138 25000
4 7 128 25000
4 8 115 25000
4 9 127 25000
4 10 110 25000
4 11 145 25000
4 12 150 25000
4 13 126 25000
4 14 129 25000
4 15 126 25000
4 16 133 25000
4 17 128 25000
4 18 130 25000
4 19 140 25000
4 20 122 25000
4 21 132 25000
4 22 133 25000
4 23 127 25000
4 24 132 25000
4 25 98 25000
4 26 127 25000
4 27 135 25000
4 28 137 25000
4 29 132 25000
4 30 120 25000
4 31 116 25000
4 32 134 25000
4 33 126 25000
4 34 100 25000
4 35 145 25000
4 36 141 25000
4 37 128 25000
4 38 114 25000
4 39 137 25000
4 40 140 25000
4 41 113 25000
4 42 118 25000
4 43 127 25000
4 44 121 25000
4 45 120 25000
4 46 120 25000
4 47 132 25000
4 48 137 25000
4 49 131 25000
4 50 140 25000
4 51 122 25000
5 6 142 25000
5 7 127 25000
5 8 117 25000
5 9 134 25000
5 10 133 25000
5 11 115 25000
5 12 167 25000
5 13 130 25000
5 14 129 25000
5 15 127 25000
5 16 140 25000
5 17 128 25000
5 18 108 25000
5 19 128 25000
5 20 116 25000
5 21 147 25000
5 22 130 25000
5 23 120 25000
5 24 126 25000
5 25 112 25000
5 26 123 25000
5 27 135 25000
5 28 125 25000
5 29 115 25000
5 30 112 25000
5 31 119 25000
5 32 102 25000
5 33 129 25000
5 34 127 25000
5 35 123 25000
5 36 122 25000
5 37 134 25000
5 38 120 25000
5 39 128 25000
5 40 124 25000
5 41 124 25000
5 42 144 25000
5 43 125 25000
5 44 120 25000
5 45 117 25000
5 46 129 25000
5 47 127 25000
5 48 130 25000
5 49 124 25000
5 50 129 25000
5 51 117 25000
6 7 112 25000
6 8 123 25000
6 9 119 25000
6 10 140 25000
6 11 125 25000
6 12 161 25000
6 13 128 25000
6 14 162 25000
6 15 129 25000
6 16 140 25000
6 17 135 25000
6 18 123 25000
6 19 124 25000
6 20 140 25000
6 21 121 25000
6 22 137 25000
6 23 119 25000
6 24 127 25000
6 25 119 25000
6 26 133 25000
6 27 141 25000
6 28 138 25000
6 29 123 25000
6 30 117 25000
6 31 105 25000
6 32 108 25000
6 33 130 25000
6 34 118 25000
6 35 107 25000
6 36 137 25000
6 37 132 25000
6 38 141 25000
6 39 105 25000
6 40 142 25000
6 41 122 25000
6 42 112 25000
6 43 108 25000
6 44 116 25000
6 45 82 25000
6 46 137 25000
6 47 130 25000
6 48 119 25000
6 49 98 25000
6 50 138 25000
6 51 129 25000
7 8 139 25000
7 9 136 25000
7 10 138 25000
7 11 141 25000
7 12 137 25000
7 13 120 25000
7 14 128 25000
7 15 126 25000
7 16 129 25000
7 17 130 25000
7 18 114 25000
7 19 135 25000
7 20 121 25000
7 21 138 25000
7 22 124 25000
7 23 114 25000
7 24 117 25000
7 25 121 25000
7 26 119 25000
7 27 135 25000
7 28 124 25000
7 29 121 25000
7 30 104 25000
7 31 135 25000
7 32 121 25000
7 33 123 25000
7 34 118 25000
7 35 122 25000
7 36 145 25000
7 37 122 25000
7 38 130 25000
7 39 129 25000
7 40 109 25000
7 41 121 25000
7 42 135 25000
7 43 114 25000
7 44 124 25000
7 45 113 25000
7 46 113 25000
7 47 123 25000
7 48 128 25000
7 49 107 25000
7 50 124 25000
7 51 116 25000
8 9 147 25000
8 10 115 25000
8 11 107 25000
8 12 164 25000
8 13 96 25000
8 14 135 25000
8 15 120 25000
8 16 119 25000
8 17 128 25000
8 18 130 25000
8 19 104 25000
8 20 146 25000
8 21 122 25000
8 22 116 25000
8 23 124 25000
8 24 129 25000
8 25 116 25000
8 26 113 25000
8 27 140 25000
8 28 137 25000
8 29 131 25000
8 30 114 25000
8 31 137 25000
8 32 134 25000
8 33 119 25000
8 34 117 25000
8 35 142 25000
8 36 119 25000
8 37 105 25000
8 38 123 25000
8 39 121 25000
8 40 130 25000
8 41 128 25000
8 42 122 25000
8 43 138 25000
8 44 126 25000
8 45 107 25000
8 46 112 25000
8 47 131 25000
8 48 118 25000
8 49 127 25000
8 50 112 25000
8 51 111 25000
9 10 151 25000
9 11 157 25000
9 12 135 25000
9 13 123 25000
9 14 123 25000
9 15 125 25000
9 16 147 25000
9 17 134 25000
9 18 113 25000
9 19 107 25000
9 20 127 25000
9 21 109 25000
9 22 138 25000
9 23 101 25000
9 24 141 25000
9 25 135 25000
9 26 122 25000
9 27 101 25000
9 28 127 25000
9 29 136 25000
9 30 120 25000
9 31 94 25000
9 32 125 25000
9 33 120 25000
9 34 114 25000
9 35 113 25000
9 36 128 25000
9 37 117 25000
9 38 129 25000
9 39 120 25000
9 40 154 25000
9 41 130 25000
9 42 105 25000
9 43 134 25000
9 44 126 25000
9 45 126 25000
9 46 135 25000
9 47 128 25000
9 48 113 25000
9 49 126 25000
9 50 141 25000
9 51 115 25000
10 11 135 25000
10 12 147 25000
10 13 103 25000
10 14 137 25000
10 15 135 25000
10 16 127 25000
10 17 136 25000
10 18 123 25000
10 19 121 25000
10 20 134 25000
10 21 128 25000
10 22 140 25000
10 23 123 25000
10 24 110 25000
10 25 127 25000
10 26 116 25000
10 27 136 25000
10 28 123 25000
10 29 133 25000
10 30 111 25000
10 31 117 25000
10 32 107 25000
10 33 150 25000
10 34 109 25000
10 35 115 25000
10 36 122 25000
10 37 113 25000
10 38 131 25000
10 39 120 25000
10 40 129 25000
10 41 119 25000
10 42 130 25000
10 43 130 25000
10 44 115 25000
10 45 143 25000
10 46 130 25000
10 47 121 25000
10 48 128 25000
10 49 130 25000
10 50 133 25000
10 51 120 25000
11 12 110 25000
11 13 134 25000
11 14 124 25000
11 15 144 25000
11 16 117 25000
11 17 138 25000
11 18 128 25000
11 19 135 25000
11 20 130 25000
11 21 132 25000
11 22 128 25000
11 23 128 25000
11 24 121 25000
11 25 134 25000
11 26 127 25000
11 27 132 25000
11 28 147 25000
11 29 129 25000
11 30 104 25000
11 31 123 25000
11 32 113 25000
11 33 120 25000
11 34 120 25000
11 35 117 25000
11 36 112 25000
11 37 133 25000
11 38 128 25000
11 39 131 25000
11 40 142 25000
11 41 133 25000
11 42 111 25000
11 43 146 25000
11 44 124 25000
11 45 122 25000
11 46 147 25000
11 47 113 25000
11 48 137 25000
11 49 155 25000
11 50 119 25000
11 51 115 25000
12 13 143 25000
12 14 147 25000
12 15 136 25000
12 16 134 25000
12 17 138 25000
12 18 119 25000
12 19 127 25000
12 20 151 25000
12 21 143 25000
12 22 141 25000
12 23 139 25000
12 24 133 25000
12 25 159 25000
12 26 134 25000
12 27 115 25000
12 28 166 25000
12 29 143 25000
12 30 135 25000
12 31 129 25000
12 32 127 25000
12 33 131 25000
12 34 127 25000
12 35 158 25000
12 36 128 25000
12 37 145 25000
12 38 133 25000
12 39 144 25000
12 40 130 25000
12 41 131 25000
12 42 124 25000
12 43 121 25000
12 44 145 25000
12 45 129 25000
12 46 113 25000
12 47 136 25000
12 48 141 25000
12 49 148 25000
12 50 137 25000
12 51 148 25000
13 14 146 25000
13 15 119 25000
13 16 128 25000
13 17 126 25000
13 18 121 25000
13 19 123 25000
13 20 126 25000
13 21 159 25000
13 22 136 25000
13 23 124 25000
13 24 144 25000
13 25 136 25000
13 26 117 25000
13 27 134 25000
13 28 120 25000
13 29 151 25000
13 30 126 25000
13 31 116 25000
13 32 119 25000
13 33 131 25000
13 34 132 25000
13 35 106 25000
13 36 126 25000
13 37 117 25000
13 38 97 25000
13 39 123 25000
13 40 133 25000
13 41 121 25000
13 42 144 25000
13 43 127 25000
13 44 128 25000
13 45 118 25000
13 46 120 25000
13 47 121 25000
13 48 107 25000
13 49 128 25000
13 50 122 25000
13 51 133 25000
14 15 112 25000
14 16 135 25000
14 17 133 25000
14 18 137 25000
14 19 131 25000
14 20 116 25000
14 21 122 25000
14 22 134 25000
14 23 123 25000
14 24 104 25000
14 25 131 25000
14 26 127 25000
14 27 117 25000
14 28 120 25000
14 29 124 25000
14 30 137 25000
14 31 140 25000
14 32 139 25000
14 33 124 25000
14 34 134 25000
14 35 121 25000
14 36 117 25000
14 37 118 25000
14 38 137 25000
14 39 122 25000
14 40 135 25000
14 41 111 25000
14 42 123 25000
14 43 142 25000
14 44 153 25000
14 45 113 25000
14 46 117 25000
14 47 113 25000
14 48 115 25000
14 49 115 25000
14 50 115 25000
14 51 115 25000
15 16 137 25000
15 17 145 25000
15 18 120 25000
15 19 119 25000
15 20 122 25000
15 21 118 25000
15 22 125 25000
15 23 129 25000
15 24 128 25000
15 25 120 25000
15 26 131 25000
15 27 138 25000
15 28 127 25000
15 29 123 25000
15 30 137 25000
15 31 100 25000
15 32 112 25000
15 33 123 25000
15 34 122 25000
15 35 124 25000
15 36 116 25000
15 37 122 25000
15 38 135 25000
15 39 132 25000
15 40 134 25000
15 41 100 25000
15 42 134 25000
15 43 133 25000
15 44 116 25000
15 45 129 25000
15 46 102 25000
15 47 118 25000
15 48 128 25000
15 49 141 25000
15 50 128 25000
15 51 109 25000
16 17 129 25000
16 18 113 25000
16 19 134 25000
16 20 141 25000
16 21 122 25000
16 22 139 25000
16 23 122 25000
16 24 142 25000
16 25 135 25000
16 26 135 25000
16 27 146 25000
16 28 131 25000
16 29 117 25000
16 30 118 25000
16 31 113 25000
16 32 128 25000
16 33 113 25000
16 34 108 25000
16 35 117 25000
16 36 130 25000
16 37 130 25000
16 38 114 25000
16 39 115 25000
16 40 131 25000
16 41 140 25000
16 42 130 25000
16 43 132 25000
16 44 130 25000
16 45 138 25000
16 46 136 25000
16 47 112 25000
16 48 137 25000
16 49 138 25000
16 50 129 25000
16 51 150 25000
17 18 133 25000
17 19 130 25000
17 20 119 25000
17 21 131 25000
17 22 117 25000
17 23 146 25000
17 24 121 25000
17 25 132 25000
17 26 125 25000
17 27 119 25000
17 28 121 25000
17 29 128 25000
17 30 126 25000
17 31 152 25000
17 32 146 25000
17 33 136 25000
17 34 133 25000
17 35 146 25000
17 36 123 25000
17 37 117 25000
17 38 144 25000
17 39 124 25000
17 40 132 25000
17 41 109 25000
17 42 134 25000
17 43 121 25000
17 44 117 25000
17 45 131 25000
17 46 108 25000
17 47 111 25000
17 48 129 25000
17 49 126 25000
17 50 133 25000
17 51 111 25000
18 19 125 25000
18 20 138 25000
18 21 136 25000
18 22 114 25000
18 23 121 25000
18 24 152 25000
18 25 135 25000
18 26 102 25000
18 27 114 25000
18 28 135 25000
18 29 119 25000
18 30 107 25000
18 31 134 25000
18 32 118 25000
18 33 132 25000
18 34 121 25000
18 35 127 25000
18 36 124 25000
18 37 141 25000
18 38 140 25000
18 39 132 25000
18 40 121 25000
18 41 122 25000
18 42 120 25000
18 43 126 25000
18 44 127 25000
18 45 126 25000
18 46 120 25000
18 47 130 25000
18 48 136 25000
18 49 135 25000
18 50 114 25000
18 51 128 25000
19 20 125 25000
19 21 119 25000
19 22 120 25000
19 23 141 25000
19 24 127 25000
19 25 130 25000
19 26 130 25000
19 27 126 25000
19 28 131 25000
19 29 122 25000
19 30 129 25000
19 31 123 25000
19 32 135 25000
19 33 128 25000
19 34 128 25000
19 35 122 25000
19 36 117 25000
19 37 129 25000
19 38 128 25000
19 39 113 25000
19 40 119 25000
19 41 115 25000
19 42 114 25000
19 43 124 25000
19 44 122 25000
19 45 111 25000
19 46 132 25000
19 47 127 25000
19 48 110 25000
19 49 112 25000
19 50 127 25000
19 51 119 25000
20 21 154 25000
20 22 132 25000
20 23 122 25000
20 24 122 25000
20 25 130 25000
20 26 116 25000
20 27 119 25000
20 28 115 25000
20 29 141 25000
20 30 129 25000
20 31 141 25000
20 32 117 25000
20 33 133 25000
20 34 117 25000
20 35 113 25000
20 36 107 25000
20 37 134 25000
20 38 122 25000
20 39 129 25000
20 40 113 25000
20 41 120 25000
20 42 125 25000
20 43 123 25000
20 44 136 25000
20 45 110 25000
20 46 119 25000
20 47 119 25000
20 48 143 25000
20 49 125 25000
20 50 104 25000
20 51 121 25000
21 22 144 25000
21 23 117 25000
21 24 138 25000
21 25 144 25000
21 26 138 25000
21 27 138 25000
21 28 114 25000
21 29 120 25000
21 30 125 25000
21 31 137 25000
21 32 135 25000
21 33 109 25000
21 34 103 25000
21 35 114 25000
21 36 127 25000
21 37 121 25000
21 38 150 25000
21 39 138 25000
21 40 129 25000
21 41 128 25000
21 42 121 25000
21 43 138 25000
21 44 131 25000
21 45 110 25000
21 46 119 25000
21 47 125 25000
21 48 114 25000
21 49 137 25000
21 50 145 25000
21 51 134 25000
22 23 138 25000
22 24 120 25000
22 25 129 25000
22 26 118 25000
22 27 132 25000
22 28 138 25000
22 29 127 25000
22 30 147 25000
22 31 129 25000
22 32 138 25000
22 33 138 25000
22 34 126 25000
22 35 118 25000
22 36 134 25000
22 37 130 25000
22 38 131 25000
22 39 113 25000
22 40 137 25000
22 41 126 25000
22 42 131 25000
22 43 123 25000
22 44 127 25000
22 45 139 25000
22 46 145 25000
22 47 137 25000
22 48 115 25000
22 49 139 25000
22 50 108 25000
22 51 111 25000
23 24 124 25000
23 25 139 25000
23 26 120 25000
23 27 135 25000
23 28 124 25000
23 29 147 25000
23 30 145 25000
23 31 129 25000
23 32 131 25000
23 33 149 25000
23 34 109 25000
23 35 118 25000
23 36 108 25000
23 37 104 25000
23 38 113 25000
23 39 104 25000
23 40 115 25000
23 41 108 25000
23 42 115 25000
23 43 117 25000
23 44 109 25000
23 45 125 25000
23 46 115 25000
23 47 109 25000
23 48 130 25000
23 49 124 25000
23 50 114 25000
23 51 136 25000
24 25 137 25000
24 26 143 25000
24 27 130 25000
24 28 131 25000
24 29 117 25000
24 30 111 25000
24 31 123 25000
24 32 123 25000
24 33 120 25000
24 34 124 25000
24 35 129 25000
24 36 108 25000
24 37 116 25000
24 38 108 25000
24 39 128 25000
24 40 124 25000
24 41 113 25000
24 42 138 25000
24 43 152 25000
24 44 118 25000
24 45 121 25000
24 46 125 25000
24 47 100 25000
24 48 139 25000
24 49 127 25000
24 50 132 25000
24 51 127 25000
25 26 130 25000
25 27 121 25000
25 28 130 25000
25 29 108 25000
25 30 121 25000
25 31 124 25000
25 32 135 25000
25 33 119 25000
25 34 105 25000
25 35 125 25000
25 36 130 25000
25 37 113 25000
25 38 146 25000
25 39 114 25000
25 40 125 25000
25 41 122 25000
25 42 109 25000
25 43 130 25000
25 44 119 25000
25 45 137 25000
25 46 108 25000
25 47 127 25000
25 48 121 25000
25 49 131 25000
25 50 137 25000
25 51 131 25000
26 27 149 25000
26 28 130 25000
26 29 131 25000
26 30 117 25000
26 31 130 25000
26 32 148 25000
26 33 138 25000
26 34 115 25000
26 35 130 25000
26 36 123 25000
26 37 131 25000
26 38 131 25000
26 39 119 25000
26 40 128 25000
26 41 121 25000
26 42 119 25000
26 43 129 25000
26 44 138 25000
26 45 121 25000
26 46 120 25000
26 47 137 25000
26 48 114 25000
26 49 126 25000
26 50 114 25000
26 51 122 25000
27 28 150 25000
27 29 129 25000
27 30 127 25000
27 31 135 25000
27 32 118 25000
27 33 134 25000
27 34 119 25000
27 35 118 25000
27 36 133 25000
27 37 143 25000
27 38 133 25000
27 39 126 25000
27 40 115 25000
27 41 115 25000
27 42 112 25000
27 43 131 25000
27 44 132 25000
27 45 150 25000
27 46 123 25000
27 47 113 25000
27 48 137 25000
27 49 120 25000
27 50 133 25000
27 51 111 25000
28 29 130 25000
28 30 127 25000
28 31 144 25000
28 32 110 25000
28 33 141 25000
28 34 130 25000
28 35 120 25000
28 36 119 25000
28 37 127 25000
28 38 125 25000
28 39 142 25000
28 40 134 25000
28 41 121 25000
28 42 132 25000
28 43 113 25000
28 44 138 25000
28 45 119 25000
28 46 127 25000
28 47 123 25000
28 48 147 25000
28 49 149 25000
28 50 123 25000
28 51 136 25000
29 30 141 25000
29 31 135 25000
29 32 139 25000
29 33 130 25000
29 34 129 25000
29 35 127 25000
29 36 134 25000
29 37 115 25000
29 38 119 25000
29 39 128 25000
29 40 151 25000
29 41 115 25000
29 42 154 25000
29 43 118 25000
29 44 122 25000
29 45 134 25000
29 46 124 25000
29 47 120 25000
29 48 132 25000
29 49 134 25000
29 50 122 25000
29 51 124 25000
30 31 141 25000
30 32 108 25000
30 33 133 25000
30 34 145 25000
30 35 109 25000
30 36 136 25000
30 37 143 25000
30 38 128 25000
30 39 128 25000
30 40 115 25000
30 41 127 25000
30 42 107 25000
30 43 133 25000
30 44 118 25000
30 45 135 25000
30 46 112 25000
30 47 131 25000
30 48 117 25000
30 49 124 25000
30 50 112 25000
30 51 117 25000
31 32 137 25000
31 33 124 25000
31 34 119 25000
31 35 137 25000
31 36 131 25000
31 37 144 25000
31 38 156 25000
31 39 132 25000
31 40 114 25000
31 41 125 25000
31 42 145 25000
31 43 151 25000
31 44 113 25000
31 45 137 25000
31 46 129 25000
31 47 124 25000
31 48 150 25000
31 49 114 25000
31 50 115 25000
31 51 146 25000
32 33 141 25000
32 34 138 25000
32 35 130 25000
32 36 123 25000
32 37 127 25000
32 38 109 25000
32 39 150 25000
32 40 137 25000
32 41 127 25000
32 42 114 25000
32 43 135 25000
32 44 123 25000
32 45 107 25000
32 46 132 25000
32 47 112 25000
32 48 122 25000
32 49 141 25000
32 50 126 25000
32 51 128 25000
33 34 146 25000
33 35 149 25000
33 36 130 25000
33 37 146 25000
33 38 124 25000
33 39 129 25000
33 40 134 25000
33 41 125 25000
33 42 139 25000
33 43 126 25000
33 44 132 25000
33 45 134 25000
33 46 132 25000
33 47 141 25000
33 48 115 25000
33 49 131 25000
33 50 129 25000
33 51 135 25000
34 35 124 25000
34 36 122 25000
34 37 116 25000
34 38 131 25000
34 39 137 25000
34 40 111 25000
34 41 127 25000
34 42 132 25000
34 43 112 25000
34 44 128 25000
34 45 128 25000
34 46 94 25000
34 47 135 25000
34 48 109 25000
34 49 132 25000
34 50 141 25000
34 51 120 25000
35 36 124 25000
35 37 125 25000
35 38 141 25000
35 39 114 25000
35 40 143 25000
35 41 132 25000
35 42 137 25000
35 43 125 25000
35 44 121 25000
35 45 110 25000
35 46 121 25000
35 47 133 25000
35 48 121 25000
35 49 139 25000
35 50 123 25000
35 51 136 25000
36 37 126 25000
36 38 153 25000
36 39 119 25000
36 40 133 25000
36 41 124 25000
36 42 127 25000
36 43 137 25000
36 44 136 25000
36 45 121 25000
36 46 126 25000
36 47 121 25000
36 48 131 25000
36 49 138 25000
36 50 111 25000
36 51 128 25000
37 38 145 25000
37 39 120 25000
37 40 153 25000
37 41 117 25000
37 42 127 25000
37 43 120 25000
37 44 124 25000
37 45 116 25000
37 46 108 25000
37 47 122 25000
37 48 110 25000
37 49 117 25000
37 50 136 25000
37 51 118 25000
38 39 128 25000
38 40 144 25000
38 41 118 25000
38 42 122 25000
38 43 134 25000
38 44 127 25000
38 45 130 25000
38 46 127 25000
38 47 146 25000
38 48 113 25000
38 49 120 25000
38 50 121 25000
38 51 135 25000
39 40 143 25000
39 41 103 25000
39 42 108 25000
39 43 123 25000
39 44 123 25000
39 45 134 25000
39 46 141 25000
39 47 124 25000
39 48 108 25000
39 49 157 25000
39 50 132 25000
39 51 134 25000
40 41 134 25000
40 42 151 25000
40 43 126 25000
40 44 142 25000
40 45 121 25000
40 46 131 25000
40 47 131 25000
40 48 145 25000
40 49 119 25000
40 50 139 25000
40 51 131 25000
41 42 100 25000
41 43 147 25000
41 44 132 25000
41 45 148 25000
41 46 130 25000
41 47 148 25000
41 48 138 25000
41 49 129 25000
41 50 107 25000
41 51 124 25000
42 43 155 25000
42 44 127 25000
42 45 136 25000
42 46 127 25000
42 47 152 25000
42 48 135 25000
42 49 134 25000
42 50 136 25000
42 51 142 25000
43 44 127 25000
43 45 124 25000
43 46 118 25000
43 47 125 25000
43 48 139 25000
43 49 135 25000
43 50 112 25000
43 51 140 25000
44 45 122 25000
44 46 143 25000
44 47 133 25000
44 48 120 25000
44 49 133 25000
44 50 131 25000
44 51 111 25000
45 46 138 25000
45 47 141 25000
45 48 137 25000
45 49 125 25000
45 50 139 25000
45 51 135 25000
46 47 135 25000
46 48 134 25000
46 49 140 25000
46 50 128 25000
46 51 121 25000
47 48 126 25000
47 49 143 25000
47 50 147 25000
47 51 139 25000
48 49 146 25000
48 50 123 25000
48 51 109 25000
49 50 119 25000
49 51 137 25000
50 51 138 25000
