0 1 216 25000
0 2 160 25000
0 3 157 25000
0 4 123 25000
0 5 117 25000
0 6 112 25000
0 7 105 25000
0 8 120 25000
0 9 133 25000
0 10 126 25000
0 11 177 25000
0 12 259 25000
0 13 246 25000
0 14 200 25000
0 15 149 25000
0 16 113 25000
0 17 102 25000
0 18 109 25000
0 19 104 25000
0 20 94 25000
0 21 111 25000
0 22 95 25000
0 23 128 25000
0 24 143 25000
0 25 188 25000
0 26 257 25000
0 27 190 25000
0 28 153 25000
0 29 123 25000
0 30 116 25000
0 31 103 25000
0 32 94 25000
0 33 106 25000
0 34 98 25000
0 35 112 25000
0 36 122 25000
0 37 134 25000
0 38 221 25000
0 39 281 25000
0 40 217 25000
0 41 151 25000
0 42 135 25000
0 43 110 25000
0 44 98 25000
0 45 117 25000
0 46 103 25000
0 47 113 25000
0 48 102 25000
0 49 119 25000
0 50 171 25000
0 51 189 25000
1 2 213 25000
1 3 128 25000
1 4 123 25000
1 5 122 25000
1 6 92 25000
1 7 99 25000
1 8 113 25000
1 9 102 25000
1 10 115 25000
1 11 151 25000
1 12 194 25000
1 13 161 25000
1 14 234 25000
1 15 174 25000
1 16 145 25000
1 17 123 25000
1 18 119 25000
1 19 106 25000
1 20 96 25000
1 21 83 25000
1 22 84 25000
1 23 120 25000
1 24 140 25000
1 25 161 25000
1 26 191 25000
1 27 291 25000
1 28 160 25000
1 29 137 25000
1 30 111 25000
1 31 109 25000
1 32 107 25000
1 33 88 25000
1 34 100 25000
1 35 112 25000
1 36 118 25000
1 37 130 25000
1 38 167 25000
1 39 206 25000
1 40 281 25000
1 41 189 25000
1 42 137 25000
1 43 134 25000
1 44 115 25000
1 45 79 25000
1 46 93 25000
1 47 111 25000
1 48 117 25000
1 49 120 25000
1 50 134 25000
1 51 165 25000
2 3 212 25000
2 4 145 25000
2 5 119 25000
2 6 88 25000
2 7 100 25000
2 8 90 25000
2 9 86 25000
2 10 101 25000
2 11 128 25000
2 12 149 25000
2 13 126 25000
2 14 181 25000
2 15 251 25000
2 16 205 25000
2 17 149 25000
2 18 107 25000
2 19 81 25000
2 20 74 25000
2 21 79 25000
2 22 94 25000
2 23 126 25000
2 24 109 25000
2 25 130 25000
2 26 134 25000
2 27 172 25000
2 28 282 25000
2 29 185 25000
2 30 140 25000
2 31 112 25000
2 32 106 25000
2 33 100 25000
2 34 86 25000
2 35 81 25000
2 36 96 25000
2 37 104 25000
2 38 137 25000
2 39 129 25000
2 40 190 25000
2 41 265 25000
2 42 186 25000
2 43 143 25000
2 44 120 25000
2 45 116 25000
2 46 87 25000
2 47 89 25000
2 48 108 25000
2 49 93 25000
2 50 134 25000
2 51 144 25000
3 4 202 25000
3 5 156 25000
3 6 137 25000
3 7 102 25000
3 8 115 25000
3 9 82 25000
3 10 101 25000
3 11 115 25000
3 12 142 25000
3 13 132 25000
3 14 114 25000
3 15 167 25000
3 16 270 25000
3 17 170 25000
3 18 156 25000
3 19 112 25000
3 20 100 25000
3 21 91 25000
3 22 98 25000
3 23 104 25000
3 24 97 25000
3 25 123 25000
3 26 113 25000
3 27 142 25000
3 28 167 25000
3 29 268 25000
3 30 179 25000
3 31 138 25000
3 32 125 25000
3 33 96 25000
3 34 90 25000
3 35 76 25000
3 36 88 25000
3 37 96 25000
3 38 103 25000
3 39 127 25000
3 40 158 25000
3 41 203 25000
3 42 267 25000
3 43 175 25000
3 44 115 25000
3 45 118 25000
3 46 115 25000
3 47 108 25000
3 48 102 25000
3 49 107 25000
3 50 103 25000
3 51 119 25000
4 5 193 25000
4 6 149 25000
4 7 122 25000
4 8 119 25000
4 9 97 25000
4 10 102 25000
4 11 100 25000
4 12 139 25000
4 13 109 25000
4 14 123 25000
4 15 157 25000
4 16 176 25000
4 17 244 25000
4 18 184 25000
4 19 119 25000
4 20 107 25000
4 21 94 25000
4 22 82 25000
4 23 105 25000
4 24 99 25000
4 25 89 25000
4 26 119 25000
4 27 108 25000
4 28 126 25000
4 29 190 25000
4 30 276 25000
4 31 173 25000
4 32 152 25000
4 33 111 25000
4 34 115 25000
4 35 99 25000
4 36 86 25000
4 37 91 25000
4 38 104 25000
4 39 122 25000
4 40 128 25000
4 41 154 25000
4 42 182 25000
4 43 250 25000
4 44 196 25000
4 45 147 25000
4 46 129 25000
4 47 115 25000
4 48 87 25000
4 49 97 25000
4 50 94 25000
4 51 92 25000
5 6 192 25000
5 7 143 25000
5 8 128 25000
5 9 133 25000
5 10 95 25000
5 11 92 25000
5 12 122 25000
5 13 91 25000
5 14 97 25000
5 15 118 25000
5 16 148 25000
5 17 188 25000
5 18 273 25000
5 19 179 25000
5 20 125 25000
5 21 103 25000
5 22 110 25000
5 23 103 25000
5 24 97 25000
5 25 112 25000
5 26 97 25000
5 27 100 25000
5 28 109 25000
5 29 137 25000
5 30 195 25000
5 31 266 25000
5 32 179 25000
5 33 145 25000
5 34 117 25000
5 35 79 25000
5 36 99 25000
5 37 92 25000
5 38 109 25000
5 39 90 25000
5 40 122 25000
5 41 116 25000
5 42 164 25000
5 43 185 25000
5 44 260 25000
5 45 181 25000
5 46 145 25000
5 47 110 25000
5 48 106 25000
5 49 87 25000
5 50 116 25000
5 51 82 25000
6 7 185 25000
6 8 143 25000
6 9 124 25000
6 10 108 25000
6 11 103 25000
6 12 107 25000
6 13 102 25000
6 14 98 25000
6 15 112 25000
6 16 117 25000
6 17 153 25000
6 18 183 25000
6 19 262 25000
6 20 181 25000
6 21 133 25000
6 22 109 25000
6 23 106 25000
6 24 86 25000
6 25 105 25000
6 26 96 25000
6 27 85 25000
6 28 97 25000
6 29 120 25000
6 30 137 25000
6 31 156 25000
6 32 277 25000
6 33 170 25000
6 34 140 25000
6 35 102 25000
6 36 103 25000
6 37 100 25000
6 38 114 25000
6 39 109 25000
6 40 112 25000
6 41 107 25000
6 42 114 25000
6 43 130 25000
6 44 177 25000
6 45 288 25000
6 46 183 25000
6 47 157 25000
6 48 115 25000
6 49 95 25000
6 50 112 25000
6 51 93 25000
7 8 177 25000
7 9 143 25000
7 10 119 25000
7 11 119 25000
7 12 105 25000
7 13 96 25000
7 14 107 25000
7 15 102 25000
7 16 108 25000
7 17 116 25000
7 18 125 25000
7 19 188 25000
7 20 257 25000
7 21 150 25000
7 22 128 25000
7 23 112 25000
7 24 107 25000
7 25 106 25000
7 26 102 25000
7 27 92 25000
7 28 100 25000
7 29 108 25000
7 30 108 25000
7 31 132 25000
7 32 168 25000
7 33 235 25000
7 34 190 25000
7 35 121 25000
7 36 116 25000
7 37 118 25000
7 38 108 25000
7 39 102 25000
7 40 95 25000
7 41 95 25000
7 42 94 25000
7 43 99 25000
7 44 136 25000
7 45 176 25000
7 46 260 25000
7 47 175 25000
7 48 140 25000
7 49 116 25000
7 50 101 25000
7 51 95 25000
8 9 180 25000
8 10 154 25000
8 11 141 25000
8 12 125 25000
8 13 117 25000
8 14 110 25000
8 15 110 25000
8 16 96 25000
8 17 109 25000
8 18 115 25000
8 19 126 25000
8 20 192 25000
8 21 261 25000
8 22 169 25000
8 23 137 25000
8 24 111 25000
8 25 120 25000
8 26 90 25000
8 27 111 25000
8 28 96 25000
8 29 99 25000
8 30 107 25000
8 31 137 25000
8 32 129 25000
8 33 204 25000
8 34 261 25000
8 35 189 25000
8 36 137 25000
8 37 124 25000
8 38 87 25000
8 39 113 25000
8 40 108 25000
8 41 104 25000
8 42 107 25000
8 43 112 25000
8 44 116 25000
8 45 140 25000
8 46 193 25000
8 47 249 25000
8 48 198 25000
8 49 155 25000
8 50 100 25000
8 51 87 25000
9 10 187 25000
9 11 136 25000
9 12 138 25000
9 13 114 25000
9 14 95 25000
9 15 93 25000
9 16 103 25000
9 17 81 25000
9 18 102 25000
9 19 109 25000
9 20 129 25000
9 21 179 25000
9 22 272 25000
9 23 160 25000
9 24 164 25000
9 25 109 25000
9 26 93 25000
9 27 96 25000
9 28 84 25000
9 29 86 25000
9 30 100 25000
9 31 104 25000
9 32 118 25000
9 33 141 25000
9 34 167 25000
9 35 255 25000
9 36 150 25000
9 37 148 25000
9 38 123 25000
9 39 97 25000
9 40 100 25000
9 41 101 25000
9 42 90 25000
9 43 97 25000
9 44 101 25000
9 45 109 25000
9 46 136 25000
9 47 165 25000
9 48 224 25000
9 49 169 25000
9 50 133 25000
9 51 117 25000
10 11 175 25000
10 12 177 25000
10 13 118 25000
10 14 103 25000
10 15 91 25000
10 16 86 25000
10 17 85 25000
10 18 94 25000
10 19 92 25000
10 20 129 25000
10 21 151 25000
10 22 184 25000
10 23 237 25000
10 24 177 25000
10 25 149 25000
10 26 124 25000
10 27 93 25000
10 28 91 25000
10 29 100 25000
10 30 99 25000
10 31 117 25000
10 32 98 25000
10 33 117 25000
10 34 125 25000
10 35 158 25000
10 36 256 25000
10 37 180 25000
10 38 136 25000
10 39 117 25000
10 40 119 25000
10 41 114 25000
10 42 118 25000
10 43 95 25000
10 44 88 25000
10 45 97 25000
10 46 101 25000
10 47 119 25000
10 48 168 25000
10 49 241 25000
10 50 157 25000
10 51 135 25000
11 12 217 25000
11 13 146 25000
11 14 114 25000
11 15 109 25000
11 16 104 25000
11 17 92 25000
11 18 107 25000
11 19 84 25000
11 20 123 25000
11 21 131 25000
11 22 146 25000
11 23 190 25000
11 24 273 25000
11 25 199 25000
11 26 139 25000
11 27 117 25000
11 28 98 25000
11 29 132 25000
11 30 97 25000
11 31 86 25000
11 32 90 25000
11 33 102 25000
11 34 119 25000
11 35 133 25000
11 36 158 25000
11 37 230 25000
11 38 180 25000
11 39 129 25000
11 40 134 25000
11 41 118 25000
11 42 94 25000
11 43 98 25000
11 44 79 25000
11 45 98 25000
11 46 118 25000
11 47 128 25000
11 48 132 25000
11 49 172 25000
11 50 274 25000
11 51 182 25000
12 13 209 25000
12 14 183 25000
12 15 152 25000
12 16 120 25000
12 17 110 25000
12 18 110 25000
12 19 132 25000
12 20 107 25000
12 21 107 25000
12 22 136 25000
12 23 142 25000
12 24 207 25000
12 25 288 25000
12 26 211 25000
12 27 187 25000
12 28 138 25000
12 29 126 25000
12 30 110 25000
12 31 101 25000
12 32 98 25000
12 33 102 25000
12 34 110 25000
12 35 143 25000
12 36 161 25000
12 37 209 25000
12 38 295 25000
12 39 212 25000
12 40 143 25000
12 41 146 25000
12 42 110 25000
12 43 125 25000
12 44 94 25000
12 45 99 25000
12 46 111 25000
12 47 123 25000
12 48 138 25000
12 49 118 25000
12 50 218 25000
12 51 298 25000
13 14 215 25000
13 15 155 25000
13 16 125 25000
13 17 118 25000
13 18 109 25000
13 19 119 25000
13 20 118 25000
13 21 113 25000
13 22 100 25000
13 23 143 25000
13 24 162 25000
13 25 220 25000
13 26 240 25000
13 27 183 25000
13 28 143 25000
13 29 137 25000
13 30 110 25000
13 31 91 25000
13 32 91 25000
13 33 100 25000
13 34 106 25000
13 35 98 25000
13 36 120 25000
13 37 153 25000
13 38 178 25000
13 39 237 25000
13 40 189 25000
13 41 134 25000
13 42 126 25000
13 43 114 25000
13 44 90 25000
13 45 101 25000
13 46 112 25000
13 47 95 25000
13 48 97 25000
13 49 130 25000
13 50 150 25000
13 51 190 25000
14 15 196 25000
14 16 138 25000
14 17 130 25000
14 18 118 25000
14 19 93 25000
14 20 104 25000
14 21 95 25000
14 22 116 25000
14 23 107 25000
14 24 119 25000
14 25 203 25000
14 26 174 25000
14 27 275 25000
14 28 169 25000
14 29 126 25000
14 30 124 25000
14 31 107 25000
14 32 98 25000
14 33 99 25000
14 34 90 25000
14 35 98 25000
14 36 98 25000
14 37 112 25000
14 38 155 25000
14 39 183 25000
14 40 265 25000
14 41 167 25000
14 42 162 25000
14 43 107 25000
14 44 113 25000
14 45 86 25000
14 46 94 25000
14 47 88 25000
14 48 105 25000
14 49 104 25000
14 50 146 25000
14 51 153 25000
15 16 193 25000
15 17 146 25000
15 18 119 25000
15 19 117 25000
15 20 105 25000
15 21 99 25000
15 22 88 25000
15 23 111 25000
15 24 124 25000
15 25 142 25000
15 26 155 25000
15 27 167 25000
15 28 252 25000
15 29 158 25000
15 30 156 25000
15 31 102 25000
15 32 92 25000
15 33 92 25000
15 34 102 25000
15 35 85 25000
15 36 99 25000
15 37 108 25000
15 38 162 25000
15 39 145 25000
15 40 177 25000
15 41 264 25000
15 42 178 25000
15 43 132 25000
15 44 122 25000
15 45 102 25000
15 46 102 25000
15 47 106 25000
15 48 91 25000
15 49 101 25000
15 50 112 25000
15 51 135 25000
16 17 200 25000
16 18 139 25000
16 19 113 25000
16 20 128 25000
16 21 91 25000
16 22 109 25000
16 23 96 25000
16 24 108 25000
16 25 121 25000
16 26 129 25000
16 27 127 25000
16 28 189 25000
16 29 249 25000
16 30 179 25000
16 31 139 25000
16 32 122 25000
16 33 92 25000
16 34 97 25000
16 35 90 25000
16 36 101 25000
16 37 122 25000
16 38 115 25000
16 39 122 25000
16 40 155 25000
16 41 181 25000
16 42 248 25000
16 43 180 25000
16 44 117 25000
16 45 117 25000
16 46 110 25000
16 47 93 25000
16 48 89 25000
16 49 85 25000
16 50 122 25000
16 51 105 25000
17 18 175 25000
17 19 148 25000
17 20 110 25000
17 21 102 25000
17 22 95 25000
17 23 96 25000
17 24 103 25000
17 25 105 25000
17 26 104 25000
17 27 116 25000
17 28 123 25000
17 29 176 25000
17 30 245 25000
17 31 160 25000
17 32 128 25000
17 33 108 25000
17 34 98 25000
17 35 93 25000
17 36 88 25000
17 37 107 25000
17 38 118 25000
17 39 111 25000
17 40 109 25000
17 41 146 25000
17 42 201 25000
17 43 245 25000
17 44 175 25000
17 45 132 25000
17 46 115 25000
17 47 95 25000
17 48 89 25000
17 49 84 25000
17 50 97 25000
17 51 100 25000
18 19 173 25000
18 20 142 25000
18 21 125 25000
18 22 102 25000
18 23 109 25000
18 24 96 25000
18 25 127 25000
18 26 109 25000
18 27 95 25000
18 28 121 25000
18 29 134 25000
18 30 182 25000
18 31 260 25000
18 32 191 25000
18 33 130 25000
18 34 109 25000
18 35 99 25000
18 36 103 25000
18 37 98 25000
18 38 97 25000
18 39 112 25000
18 40 119 25000
18 41 123 25000
18 42 146 25000
18 43 182 25000
18 44 245 25000
18 45 156 25000
18 46 128 25000
18 47 112 25000
18 48 90 25000
18 49 96 25000
18 50 83 25000
18 51 109 25000
19 20 191 25000
19 21 141 25000
19 22 109 25000
19 23 111 25000
19 24 95 25000
19 25 102 25000
19 26 108 25000
19 27 92 25000
19 28 109 25000
19 29 122 25000
19 30 125 25000
19 31 171 25000
19 32 244 25000
19 33 167 25000
19 34 126 25000
19 35 129 25000
19 36 92 25000
19 37 98 25000
19 38 92 25000
19 39 100 25000
19 40 96 25000
19 41 121 25000
19 42 126 25000
19 43 126 25000
19 44 165 25000
19 45 239 25000
19 46 167 25000
19 47 136 25000
19 48 111 25000
19 49 83 25000
19 50 94 25000
19 51 107 25000
20 21 196 25000
20 22 125 25000
20 23 131 25000
20 24 94 25000
20 25 104 25000
20 26 103 25000
20 27 95 25000
20 28 103 25000
20 29 109 25000
20 30 123 25000
20 31 136 25000
20 32 171 25000
20 33 230 25000
20 34 200 25000
20 35 142 25000
20 36 106 25000
20 37 106 25000
20 38 105 25000
20 39 100 25000
20 40 100 25000
20 41 99 25000
20 42 111 25000
20 43 102 25000
20 44 139 25000
20 45 175 25000
20 46 261 25000
20 47 173 25000
20 48 129 25000
20 49 108 25000
20 50 101 25000
20 51 99 25000
21 22 162 25000
21 23 143 25000
21 24 122 25000
21 25 103 25000
21 26 93 25000
21 27 95 25000
21 28 98 25000
21 29 98 25000
21 30 107 25000
21 31 107 25000
21 32 141 25000
21 33 164 25000
21 34 234 25000
21 35 156 25000
21 36 134 25000
21 37 125 25000
21 38 117 25000
21 39 99 25000
21 40 111 25000
21 41 97 25000
21 42 100 25000
21 43 96 25000
21 44 122 25000
21 45 134 25000
21 46 169 25000
21 47 275 25000
21 48 171 25000
21 49 130 25000
21 50 115 25000
21 51 110 25000
22 23 213 25000
22 24 159 25000
22 25 128 25000
22 26 92 25000
22 27 104 25000
22 28 95 25000
22 29 114 25000
22 30 77 25000
22 31 99 25000
22 32 121 25000
22 33 157 25000
22 34 161 25000
22 35 262 25000
22 36 183 25000
22 37 133 25000
22 38 120 25000
22 39 112 25000
22 40 109 25000
22 41 79 25000
22 42 101 25000
22 43 89 25000
22 44 118 25000
22 45 117 25000
22 46 128 25000
22 47 180 25000
22 48 264 25000
22 49 175 25000
22 50 134 25000
22 51 102 25000
23 24 201 25000
23 25 153 25000
23 26 126 25000
23 27 103 25000
23 28 85 25000
23 29 95 25000
23 30 118 25000
23 31 83 25000
23 32 84 25000
23 33 126 25000
23 34 115 25000
23 35 187 25000
23 36 279 25000
23 37 197 25000
23 38 134 25000
23 39 129 25000
23 40 96 25000
23 41 128 25000
23 42 113 25000
23 43 116 25000
23 44 111 25000
23 45 121 25000
23 46 112 25000
23 47 121 25000
23 48 169 25000
23 49 266 25000
23 50 218 25000
23 51 134 25000
24 25 214 25000
24 26 152 25000
24 27 140 25000
24 28 120 25000
24 29 110 25000
24 30 97 25000
24 31 104 25000
24 32 97 25000
24 33 107 25000
24 34 127 25000
24 35 130 25000
24 36 168 25000
24 37 269 25000
24 38 176 25000
24 39 125 25000
24 40 125 25000
24 41 117 25000
24 42 118 25000
24 43 99 25000
24 44 104 25000
24 45 85 25000
24 46 108 25000
24 47 134 25000
24 48 116 25000
24 49 153 25000
24 50 259 25000
24 51 188 25000
25 26 185 25000
25 27 147 25000
25 28 127 25000
25 29 138 25000
25 30 104 25000
25 31 98 25000
25 32 95 25000
25 33 101 25000
25 34 96 25000
25 35 137 25000
25 36 147 25000
25 37 172 25000
25 38 284 25000
25 39 175 25000
25 40 157 25000
25 41 143 25000
25 42 101 25000
25 43 105 25000
25 44 105 25000
25 45 106 25000
25 46 110 25000
25 47 116 25000
25 48 117 25000
25 49 132 25000
25 50 184 25000
25 51 274 25000
26 27 197 25000
26 28 175 25000
26 29 132 25000
26 30 90 25000
26 31 105 25000
26 32 102 25000
26 33 96 25000
26 34 102 25000
26 35 94 25000
26 36 114 25000
26 37 160 25000
26 38 224 25000
26 39 260 25000
26 40 184 25000
26 41 137 25000
26 42 116 25000
26 43 109 25000
26 44 81 25000
26 45 90 25000
26 46 103 25000
26 47 107 25000
26 48 111 25000
26 49 108 25000
26 50 158 25000
26 51 190 25000
27 28 189 25000
27 29 155 25000
27 30 136 25000
27 31 112 25000
27 32 112 25000
27 33 94 25000
27 34 90 25000
27 35 97 25000
27 36 131 25000
27 37 121 25000
27 38 171 25000
27 39 208 25000
27 40 268 25000
27 41 166 25000
27 42 123 25000
27 43 121 25000
27 44 100 25000
27 45 109 25000
27 46 85 25000
27 47 93 25000
27 48 96 25000
27 49 96 25000
27 50 132 25000
27 51 158 25000
28 29 186 25000
28 30 168 25000
28 31 133 25000
28 32 99 25000
28 33 104 25000
28 34 112 25000
28 35 102 25000
28 36 101 25000
28 37 111 25000
28 38 150 25000
28 39 135 25000
28 40 189 25000
28 41 270 25000
28 42 189 25000
28 43 128 25000
28 44 125 25000
28 45 128 25000
28 46 102 25000
28 47 89 25000
28 48 81 25000
28 49 102 25000
28 50 107 25000
28 51 130 25000
29 30 200 25000
29 31 139 25000
29 32 131 25000
29 33 112 25000
29 34 91 25000
29 35 79 25000
29 36 106 25000
29 37 113 25000
29 38 129 25000
29 39 122 25000
29 40 147 25000
29 41 173 25000
29 42 248 25000
29 43 184 25000
29 44 139 25000
29 45 124 25000
29 46 106 25000
29 47 97 25000
29 48 86 25000
29 49 92 25000
29 50 98 25000
29 51 117 25000
30 31 213 25000
30 32 136 25000
30 33 122 25000
30 34 101 25000
30 35 89 25000
30 36 103 25000
30 37 93 25000
30 38 114 25000
30 39 126 25000
30 40 136 25000
30 41 137 25000
30 42 171 25000
30 43 256 25000
30 44 180 25000
30 45 122 25000
30 46 103 25000
30 47 109 25000
30 48 93 25000
30 49 92 25000
30 50 93 25000
30 51 111 25000
31 32 211 25000
31 33 139 25000
31 34 119 25000
31 35 111 25000
31 36 91 25000
31 37 95 25000
31 38 122 25000
31 39 95 25000
31 40 116 25000
31 41 118 25000
31 42 138 25000
31 43 182 25000
31 44 246 25000
31 45 164 25000
31 46 133 25000
31 47 108 25000
31 48 108 25000
31 49 100 25000
31 50 108 25000
31 51 92 25000
32 33 186 25000
32 34 137 25000
32 35 107 25000
32 36 114 25000
32 37 108 25000
32 38 87 25000
32 39 110 25000
32 40 104 25000
32 41 89 25000
32 42 110 25000
32 43 132 25000
32 44 143 25000
32 45 268 25000
32 46 199 25000
32 47 140 25000
32 48 100 25000
32 49 101 25000
32 50 93 25000
32 51 90 25000
33 34 193 25000
33 35 121 25000
33 36 119 25000
33 37 99 25000
33 38 100 25000
33 39 95 25000
33 40 108 25000
33 41 87 25000
33 42 121 25000
33 43 104 25000
33 44 137 25000
33 45 193 25000
33 46 249 25000
33 47 191 25000
33 48 122 25000
33 49 113 25000
33 50 99 25000
33 51 92 25000
34 35 185 25000
34 36 163 25000
34 37 125 25000
34 38 101 25000
34 39 103 25000
34 40 70 25000
34 41 75 25000
34 42 95 25000
34 43 113 25000
34 44 120 25000
34 45 157 25000
34 46 191 25000
34 47 261 25000
34 48 153 25000
34 49 140 25000
34 50 110 25000
34 51 118 25000
35 36 194 25000
35 37 149 25000
35 38 137 25000
35 39 108 25000
35 40 120 25000
35 41 81 25000
35 42 99 25000
35 43 97 25000
35 44 98 25000
35 45 105 25000
35 46 140 25000
35 47 168 25000
35 48 230 25000
35 49 177 25000
35 50 135 25000
35 51 118 25000
36 37 203 25000
36 38 129 25000
36 39 132 25000
36 40 116 25000
36 41 105 25000
36 42 96 25000
36 43 80 25000
36 44 106 25000
36 45 103 25000
36 46 114 25000
36 47 153 25000
36 48 179 25000
36 49 263 25000
36 50 180 25000
36 51 142 25000
37 38 212 25000
37 39 141 25000
37 40 112 25000
37 41 121 25000
37 42 128 25000
37 43 107 25000
37 44 80 25000
37 45 117 25000
37 46 122 25000
37 47 121 25000
37 48 148 25000
37 49 178 25000
37 50 252 25000
37 51 172 25000
38 39 212 25000
38 40 176 25000
38 41 134 25000
38 42 119 25000
38 43 97 25000
38 44 98 25000
38 45 112 25000
38 46 85 25000
38 47 94 25000
38 48 110 25000
38 49 132 25000
38 50 194 25000
38 51 257 25000
39 40 219 25000
39 41 154 25000
39 42 141 25000
39 43 101 25000
39 44 87 25000
39 45 95 25000
39 46 102 25000
39 47 97 25000
39 48 122 25000
39 49 132 25000
39 50 166 25000
39 51 208 25000
40 41 223 25000
40 42 179 25000
40 43 126 25000
40 44 117 25000
40 45 125 25000
40 46 100 25000
40 47 97 25000
40 48 108 25000
40 49 129 25000
40 50 143 25000
40 51 159 25000
41 42 205 25000
41 43 145 25000
41 44 114 25000
41 45 98 25000
41 46 105 25000
41 47 106 25000
41 48 91 25000
41 49 95 25000
41 50 117 25000
41 51 143 25000
42 43 222 25000
42 44 175 25000
42 45 120 25000
42 46 127 25000
42 47 98 25000
42 48 79 25000
42 49 109 25000
42 50 100 25000
42 51 117 25000
43 44 197 25000
43 45 158 25000
43 46 128 25000
43 47 120 25000
43 48 102 25000
43 49 105 25000
43 50 102 25000
43 51 113 25000
44 45 214 25000
44 46 145 25000
44 47 123 25000
44 48 122 25000
44 49 107 25000
44 50 101 25000
44 51 95 25000
45 46 224 25000
45 47 174 25000
45 48 125 25000
45 49 120 25000
45 50 100 25000
45 51 103 25000
46 47 206 25000
46 48 151 25000
46 49 115 25000
46 50 111 25000
46 51 94 25000
47 48 182 25000
47 49 158 25000
47 50 135 25000
47 51 100 25000
48 49 192 25000
48 50 143 25000
48 51 121 25000
49 50 199 25000
49 51 138 25000
50 51 186 25000
