0 1 139 25000
0 2 125 25000
0 3 125 25000
0 4 108 25000
0 5 122 25000
0 6 112 25000
0 7 113 25000
0 8 113 25000
0 9 110 25000
0 10 110 25000
0 11 131 25000
0 12 186 25000
0 13 140 25000
0 14 126 25000
0 15 138 25000
0 16 120 25000
0 17 126 25000
0 18 124 25000
0 19 117 25000
0 20 112 25000
0 21 109 25000
0 22 114 25000
0 23 117 25000
0 24 125 25000
0 25 147 25000
0 26 99 25000
0 27 108 25000
0 28 96 25000
0 29 121 25000
0 30 141 25000
0 31 117 25000
0 32 129 25000
0 33 115 25000
0 34 129 25000
0 35 129 25000
0 36 104 25000
0 37 127 25000
0 38 127 25000
0 39 111 25000
0 40 135 25000
0 41 121 25000
0 42 138 25000
0 43 118 25000
0 44 97 25000
0 45 107 25000
0 46 127 25000
0 47 120 25000
0 48 115 25000
0 49 124 25000
0 50 115 25000
0 51 123 25000
1 2 112 25000
1 3 128 25000
1 4 127 25000
1 5 121 25000
1 6 135 25000
1 7 132 25000
1 8 124 25000
1 9 121 25000
1 10 128 25000
1 11 110 25000
1 12 160 25000
1 13 119 25000
1 14 123 25000
1 15 123 25000
1 16 129 25000
1 17 121 25000
1 18 113 25000
1 19 121 25000
1 20 114 25000
1 21 132 25000
1 22 128 25000
1 23 129 25000
1 24 123 25000
1 25 126 25000
1 26 103 25000
1 27 134 25000
1 28 110 25000
1 29 121 25000
1 30 113 25000
1 31 104 25000
1 32 117 25000
1 33 114 25000
1 34 115 25000
1 35 122 25000
1 36 105 25000
1 37 111 25000
1 38 145 25000
1 39 119 25000
1 40 107 25000
1 41 124 25000
1 42 120 25000
1 43 145 25000
1 44 127 25000
1 45 116 25000
1 46 131 25000
1 47 122 25000
1 48 107 25000
1 49 110 25000
1 50 107 25000
1 51 118 25000
2 3 137 25000
2 4 127 25000
2 5 119 25000
2 6 137 25000
2 7 124 25000
2 8 119 25000
2 9 114 25000
2 10 115 25000
2 11 123 25000
2 12 129 25000
2 13 128 25000
2 14 118 25000
2 15 115 25000
2 16 117 25000
2 17 123 25000
2 18 136 25000
2 19 126 25000
2 20 121 25000
2 21 105 25000
2 22 108 25000
2 23 108 25000
2 24 117 25000
2 25 130 25000
2 26 117 25000
2 27 127 25000
2 28 113 25000
2 29 103 25000
2 30 109 25000
2 31 98 25000
2 32 105 25000
2 33 136 25000
2 34 123 25000
2 35 122 25000
2 36 136 25000
2 37 116 25000
2 38 101 25000
2 39 101 25000
2 40 119 25000
2 41 120 25000
2 42 108 25000
2 43 128 25000
2 44 125 25000
2 45 111 25000
2 46 123 25000
2 47 112 25000
2 48 119 25000
2 49 111 25000
2 50 95 25000
2 51 127 25000
3 4 135 25000
3 5 135 25000
3 6 106 25000
3 7 143 25000
3 8 126 25000
3 9 118 25000
3 10 121 25000
3 11 118 25000
3 12 132 25000
3 13 136 25000
3 14 114 25000
3 15 122 25000
3 16 124 25000
3 17 123 25000
3 18 130 25000
3 19 123 25000
3 20 104 25000
3 21 116 25000
3 22 136 25000
3 23 135 25000
3 24 123 25000
3 25 126 25000
3 26 125 25000
3 27 112 25000
3 28 119 25000
3 29 121 25000
3 30 124 25000
3 31 119 25000
3 32 120 25000
3 33 101 25000
3 34 119 25000
3 35 124 25000
3 36 124 25000
3 37 133 25000
3 38 114 25000
3 39 98 25000
3 40 115 25000
3 41 136 25000
3 42 118 25000
3 43 115 25000
3 44 126 25000
3 45 149 25000
3 46 124 25000
3 47 105 25000
3 48 130 25000
3 49 110 25000
3 50 104 25000
3 51 130 25000
4 5 135 25000
4 6 105 25000
4 7 122 25000
4 8 127 25000
4 9 116 25000
4 10 121 25000
4 11 113 25000
4 12 132 25000
4 13 123 25000
4 14 135 25000
4 15 115 25000
4 16 120 25000
4 17 133 25000
4 18 106 25000
4 19 110 25000
4 20 123 25000
4 21 126 25000
4 22 118 25000
4 23 125 25000
4 24 132 25000
4 25 117 25000
4 26 118 25000
4 27 103 25000
4 28 115 25000
4 29 135 25000
4 30 140 25000
4 31 134 25000
4 32 124 25000
4 33 110 25000
4 34 109 25000
4 35 114 25000
4 36 119 25000
4 37 117 25000
4 38 129 25000
4 39 110 25000
4 40 124 25000
4 41 113 25000
4 42 116 25000
4 43 117 25000
4 44 125 25000
4 45 112 25000
4 46 119 25000
4 47 113 25000
4 48 129 25000
4 49 116 25000
4 50 116 25000
4 51 132 25000
5 6 136 25000
5 7 123 25000
5 8 109 25000
5 9 112 25000
5 10 113 25000
5 11 133 25000
5 12 132 25000
5 13 140 25000
5 14 100 25000
5 15 113 25000
5 16 140 25000
5 17 148 25000
5 18 119 25000
5 19 118 25000
5 20 105 25000
5 21 119 25000
5 22 123 25000
5 23 126 25000
5 24 101 25000
5 25 114 25000
5 26 128 25000
5 27 112 25000
5 28 144 25000
5 29 130 25000
5 30 115 25000
5 31 117 25000
5 32 119 25000
5 33 112 25000
5 34 117 25000
5 35 106 25000
5 36 114 25000
5 37 128 25000
5 38 137 25000
5 39 125 25000
5 40 141 25000
5 41 127 25000
5 42 122 25000
5 43 119 25000
5 44 131 25000
5 45 119 25000
5 46 120 25000
5 47 106 25000
5 48 119 25000
5 49 122 25000
5 50 104 25000
5 51 136 25000
6 7 126 25000
6 8 134 25000
6 9 124 25000
6 10 117 25000
6 11 107 25000
6 12 148 25000
6 13 129 25000
6 14 122 25000
6 15 126 25000
6 16 108 25000
6 17 142 25000
6 18 104 25000
6 19 126 25000
6 20 115 25000
6 21 148 25000
6 22 126 25000
6 23 133 25000
6 24 121 25000
6 25 123 25000
6 26 127 25000
6 27 132 25000
6 28 137 25000
6 29 120 25000
6 30 102 25000
6 31 99 25000
6 32 114 25000
6 33 128 25000
6 34 113 25000
6 35 132 25000
6 36 116 25000
6 37 135 25000
6 38 128 25000
6 39 123 25000
6 40 115 25000
6 41 108 25000
6 42 142 25000
6 43 125 25000
6 44 127 25000
6 45 125 25000
6 46 121 25000
6 47 106 25000
6 48 134 25000
6 49 110 25000
6 50 105 25000
6 51 93 25000
7 8 126 25000
7 9 149 25000
7 10 122 25000
7 11 117 25000
7 12 154 25000
7 13 132 25000
7 14 109 25000
7 15 124 25000
7 16 126 25000
7 17 133 25000
7 18 103 25000
7 19 137 25000
7 20 135 25000
7 21 135 25000
7 22 145 25000
7 23 143 25000
7 24 118 25000
7 25 109 25000
7 26 115 25000
7 27 109 25000
7 28 130 25000
7 29 117 25000
7 30 128 25000
7 31 127 25000
7 32 113 25000
7 33 117 25000
7 34 117 25000
7 35 136 25000
7 36 131 25000
7 37 105 25000
7 38 119 25000
7 39 116 25000
7 40 108 25000
7 41 103 25000
7 42 103 25000
7 43 110 25000
7 44 125 25000
7 45 128 25000
7 46 117 25000
7 47 95 25000
7 48 122 25000
7 49 115 25000
7 50 116 25000
7 51 120 25000
8 9 124 25000
8 10 135 25000
8 11 119 25000
8 12 162 25000
8 13 122 25000
8 14 132 25000
8 15 129 25000
8 16 112 25000
8 17 125 25000
8 18 131 25000
8 19 119 25000
8 20 122 25000
8 21 107 25000
8 22 153 25000
8 23 105 25000
8 24 119 25000
8 25 118 25000
8 26 131 25000
8 27 110 25000
8 28 110 25000
8 29 131 25000
8 30 124 25000
8 31 131 25000
8 32 107 25000
8 33 110 25000
8 34 127 25000
8 35 119 25000
8 36 131 25000
8 37 119 25000
8 38 105 25000
8 39 134 25000
8 40 111 25000
8 41 114 25000
8 42 117 25000
8 43 109 25000
8 44 125 25000
8 45 111 25000
8 46 110 25000
8 47 114 25000
8 48 129 25000
8 49 145 25000
8 50 122 25000
8 51 131 25000
9 10 143 25000
9 11 126 25000
9 12 138 25000
9 13 129 25000
9 14 122 25000
9 15 123 25000
9 16 113 25000
9 17 117 25000
9 18 100 25000
9 19 131 25000
9 20 122 25000
9 21 116 25000
9 22 132 25000
9 23 109 25000
9 24 118 25000
9 25 109 25000
9 26 126 25000
9 27 114 25000
9 28 116 25000
9 29 133 25000
9 30 123 25000
9 31 116 25000
9 32 108 25000
9 33 124 25000
9 34 97 25000
9 35 112 25000
9 36 116 25000
9 37 109 25000
9 38 123 25000
9 39 122 25000
9 40 126 25000
9 41 116 25000
9 42 111 25000
9 43 132 25000
9 44 100 25000
9 45 106 25000
9 46 124 25000
9 47 141 25000
9 48 123 25000
9 49 121 25000
9 50 120 25000
9 51 125 25000
10 11 136 25000
10 12 145 25000
10 13 124 25000
10 14 130 25000
10 15 124 25000
10 16 115 25000
10 17 106 25000
10 18 125 25000
10 19 133 25000
10 20 133 25000
10 21 128 25000
10 22 123 25000
10 23 118 25000
10 24 102 25000
10 25 116 25000
10 26 141 25000
10 27 109 25000
10 28 112 25000
10 29 118 25000
10 30 129 25000
10 31 113 25000
10 32 132 25000
10 33 107 25000
10 34 126 25000
10 35 117 25000
10 36 128 25000
10 37 137 25000
10 38 116 25000
10 39 118 25000
10 40 125 25000
10 41 138 25000
10 42 105 25000
10 43 123 25000
10 44 132 25000
10 45 126 25000
10 46 142 25000
10 47 111 25000
10 48 108 25000
10 49 137 25000
10 50 108 25000
10 51 120 25000
11 12 123 25000
11 13 111 25000
11 14 114 25000
11 15 132 25000
11 16 122 25000
11 17 136 25000
11 18 99 25000
11 19 111 25000
11 20 127 25000
11 21 114 25000
11 22 119 25000
11 23 108 25000
11 24 114 25000
11 25 117 25000
11 26 126 25000
11 27 122 25000
11 28 116 25000
11 29 114 25000
11 30 149 25000
11 31 123 25000
11 32 133 25000
11 33 104 25000
11 34 151 25000
11 35 120 25000
11 36 116 25000
11 37 99 25000
11 38 124 25000
11 39 111 25000
11 40 106 25000
11 41 113 25000
11 42 113 25000
11 43 116 25000
11 44 128 25000
11 45 123 25000
11 46 103 25000
11 47 117 25000
11 48 114 25000
11 49 113 25000
11 50 120 25000
11 51 113 25000
12 13 137 25000
12 14 148 25000
12 15 150 25000
12 16 143 25000
12 17 142 25000
12 18 143 25000
12 19 124 25000
12 20 146 25000
12 21 144 25000
12 22 136 25000
12 23 141 25000
12 24 125 25000
12 25 132 25000
12 26 126 25000
12 27 146 25000
12 28 146 25000
12 29 158 25000
12 30 131 25000
12 31 128 25000
12 32 135 25000
12 33 135 25000
12 34 123 25000
12 35 136 25000
12 36 147 25000
12 37 130 25000
12 38 128 25000
12 39 143 25000
12 40 136 25000
12 41 137 25000
12 42 147 25000
12 43 146 25000
12 44 129 25000
12 45 148 25000
12 46 141 25000
12 47 108 25000
12 48 133 25000
12 49 116 25000
12 50 126 25000
12 51 130 25000
13 14 115 25000
13 15 121 25000
13 16 130 25000
13 17 134 25000
13 18 150 25000
13 19 126 25000
13 20 138 25000
13 21 125 25000
13 22 136 25000
13 23 119 25000
13 24 120 25000
13 25 127 25000
13 26 107 25000
13 27 111 25000
13 28 117 25000
13 29 98 25000
13 30 122 25000
13 31 109 25000
13 32 133 25000
13 33 125 25000
13 34 113 25000
13 35 142 25000
13 36 113 25000
13 37 111 25000
13 38 131 25000
13 39 126 25000
13 40 134 25000
13 41 138 25000
13 42 134 25000
13 43 132 25000
13 44 124 25000
13 45 136 25000
13 46 120 25000
13 47 113 25000
13 48 124 25000
13 49 137 25000
13 50 121 25000
13 51 127 25000
14 15 140 25000
14 16 121 25000
14 17 121 25000
14 18 143 25000
14 19 129 25000
14 20 124 25000
14 21 131 25000
14 22 129 25000
14 23 121 25000
14 24 122 25000
14 25 101 25000
14 26 132 25000
14 27 121 25000
14 28 133 25000
14 29 133 25000
14 30 124 25000
14 31 122 25000
14 32 101 25000
14 33 111 25000
14 34 128 25000
14 35 137 25000
14 36 118 25000
14 37 132 25000
14 38 105 25000
14 39 104 25000
14 40 120 25000
14 41 118 25000
14 42 114 25000
14 43 121 25000
14 44 118 25000
14 45 122 25000
14 46 121 25000
14 47 106 25000
14 48 127 25000
14 49 119 25000
14 50 123 25000
14 51 108 25000
15 16 147 25000
15 17 138 25000
15 18 138 25000
15 19 129 25000
15 20 126 25000
15 21 135 25000
15 22 140 25000
15 23 126 25000
15 24 133 25000
15 25 138 25000
15 26 116 25000
15 27 126 25000
15 28 140 25000
15 29 122 25000
15 30 141 25000
15 31 119 25000
15 32 118 25000
15 33 96 25000
15 34 136 25000
15 35 134 25000
15 36 115 25000
15 37 108 25000
15 38 115 25000
15 39 130 25000
15 40 106 25000
15 41 125 25000
15 42 138 25000
15 43 136 25000
15 44 127 25000
15 45 135 25000
15 46 118 25000
15 47 112 25000
15 48 116 25000
15 49 130 25000
15 50 129 25000
15 51 117 25000
16 17 115 25000
16 18 109 25000
16 19 138 25000
16 20 125 25000
16 21 142 25000
16 22 130 25000
16 23 122 25000
16 24 123 25000
16 25 124 25000
16 26 129 25000
16 27 110 25000
16 28 125 25000
16 29 118 25000
16 30 136 25000
16 31 117 25000
16 32 134 25000
16 33 121 25000
16 34 150 25000
16 35 129 25000
16 36 122 25000
16 37 130 25000
16 38 131 25000
16 39 121 25000
16 40 104 25000
16 41 141 25000
16 42 133 25000
16 43 114 25000
16 44 132 25000
16 45 134 25000
16 46 138 25000
16 47 118 25000
16 48 137 25000
16 49 106 25000
16 50 116 25000
16 51 134 25000
17 18 139 25000
17 19 128 25000
17 20 133 25000
17 21 114 25000
17 22 120 25000
17 23 132 25000
17 24 123 25000
17 25 138 25000
17 26 124 25000
17 27 120 25000
17 28 123 25000
17 29 148 25000
17 30 123 25000
17 31 136 25000
17 32 107 25000
17 33 133 25000
17 34 133 25000
17 35 129 25000
17 36 119 25000
17 37 111 25000
17 38 105 25000
17 39 97 25000
17 40 122 25000
17 41 123 25000
17 42 117 25000
17 43 136 25000
17 44 116 25000
17 45 127 25000
17 46 128 25000
17 47 96 25000
17 48 116 25000
17 49 127 25000
17 50 121 25000
17 51 117 25000
18 19 110 25000
18 20 130 25000
18 21 117 25000
18 22 125 25000
18 23 129 25000
18 24 107 25000
18 25 113 25000
18 26 131 25000
18 27 107 25000
18 28 127 25000
18 29 120 25000
18 30 124 25000
18 31 120 25000
18 32 126 25000
18 33 113 25000
18 34 123 25000
18 35 118 25000
18 36 143 25000
18 37 136 25000
18 38 125 25000
18 39 113 25000
18 40 125 25000
18 41 125 25000
18 42 110 25000
18 43 111 25000
18 44 128 25000
18 45 108 25000
18 46 114 25000
18 47 106 25000
18 48 118 25000
18 49 105 25000
18 50 128 25000
18 51 116 25000
19 20 142 25000
19 21 131 25000
19 22 128 25000
19 23 144 25000
19 24 113 25000
19 25 136 25000
19 26 117 25000
19 27 110 25000
19 28 127 25000
19 29 120 25000
19 30 124 25000
19 31 118 25000
19 32 119 25000
19 33 115 25000
19 34 110 25000
19 35 129 25000
19 36 127 25000
19 37 109 25000
19 38 146 25000
19 39 110 25000
19 40 130 25000
19 41 126 25000
19 42 115 25000
19 43 123 25000
19 44 105 25000
19 45 138 25000
19 46 136 25000
19 47 115 25000
19 48 110 25000
19 49 105 25000
19 50 122 25000
19 51 109 25000
20 21 143 25000
20 22 120 25000
20 23 112 25000
20 24 129 25000
20 25 126 25000
20 26 113 25000
20 27 108 25000
20 28 109 25000
20 29 103 25000
20 30 137 25000
20 31 117 25000
20 32 115 25000
20 33 121 25000
20 34 113 25000
20 35 107 25000
20 36 122 25000
20 37 113 25000
20 38 133 25000
20 39 120 25000
20 40 112 25000
20 41 121 25000
20 42 91 25000
20 43 128 25000
20 44 114 25000
20 45 95 25000
20 46 100 25000
20 47 121 25000
20 48 133 25000
20 49 102 25000
20 50 106 25000
20 51 117 25000
21 22 127 25000
21 23 125 25000
21 24 122 25000
21 25 120 25000
21 26 113 25000
21 27 126 25000
21 28 127 25000
21 29 123 25000
21 30 109 25000
21 31 113 25000
21 32 120 25000
21 33 134 25000
21 34 111 25000
21 35 128 25000
21 36 118 25000
21 37 130 25000
21 38 132 25000
21 39 108 25000
21 40 126 25000
21 41 104 25000
21 42 126 25000
21 43 127 25000
21 44 110 25000
21 45 119 25000
21 46 141 25000
21 47 119 25000
21 48 122 25000
21 49 121 25000
21 50 118 25000
21 51 119 25000
22 23 131 25000
22 24 122 25000
22 25 121 25000
22 26 134 25000
22 27 110 25000
22 28 136 25000
22 29 118 25000
22 30 115 25000
22 31 113 25000
22 32 139 25000
22 33 100 25000
22 34 112 25000
22 35 118 25000
22 36 111 25000
22 37 133 25000
22 38 108 25000
22 39 114 25000
22 40 111 25000
22 41 112 25000
22 42 112 25000
22 43 132 25000
22 44 128 25000
22 45 150 25000
22 46 126 25000
22 47 119 25000
22 48 112 25000
22 49 125 25000
22 50 119 25000
22 51 119 25000
23 24 124 25000
23 25 107 25000
23 26 128 25000
23 27 117 25000
23 28 124 25000
23 29 128 25000
23 30 139 25000
23 31 134 25000
23 32 127 25000
23 33 104 25000
23 34 140 25000
23 35 114 25000
23 36 110 25000
23 37 133 25000
23 38 117 25000
23 39 133 25000
23 40 141 25000
23 41 103 25000
23 42 122 25000
23 43 131 25000
23 44 118 25000
23 45 125 25000
23 46 122 25000
23 47 121 25000
23 48 106 25000
23 49 114 25000
23 50 117 25000
23 51 137 25000
24 25 122 25000
24 26 135 25000
24 27 130 25000
24 28 105 25000
24 29 113 25000
24 30 106 25000
24 31 111 25000
24 32 120 25000
24 33 117 25000
24 34 120 25000
24 35 114 25000
24 36 104 25000
24 37 113 25000
24 38 117 25000
24 39 117 25000
24 40 133 25000
24 41 114 25000
24 42 106 25000
24 43 110 25000
24 44 108 25000
24 45 122 25000
24 46 117 25000
24 47 105 25000
24 48 113 25000
24 49 100 25000
24 50 112 25000
24 51 106 25000
25 26 121 25000
25 27 110 25000
25 28 132 25000
25 29 97 25000
25 30 133 25000
25 31 121 25000
25 32 146 25000
25 33 124 25000
25 34 125 25000
25 35 108 25000
25 36 136 25000
25 37 121 25000
25 38 112 25000
25 39 126 25000
25 40 95 25000
25 41 108 25000
25 42 124 25000
25 43 121 25000
25 44 111 25000
25 45 127 25000
25 46 122 25000
25 47 119 25000
25 48 126 25000
25 49 120 25000
25 50 110 25000
25 51 116 25000
26 27 95 25000
26 28 115 25000
26 29 105 25000
26 30 107 25000
26 31 105 25000
26 32 133 25000
26 33 113 25000
26 34 122 25000
26 35 139 25000
26 36 122 25000
26 37 124 25000
26 38 111 25000
26 39 135 25000
26 40 120 25000
26 41 103 25000
26 42 103 25000
26 43 114 25000
26 44 133 25000
26 45 116 25000
26 46 120 25000
26 47 119 25000
26 48 134 25000
26 49 114 25000
26 50 100 25000
26 51 104 25000
27 28 123 25000
27 29 118 25000
27 30 114 25000
27 31 131 25000
27 32 104 25000
27 33 110 25000
27 34 133 25000
27 35 128 25000
27 36 128 25000
27 37 112 25000
27 38 125 25000
27 39 104 25000
27 40 125 25000
27 41 101 25000
27 42 109 25000
27 43 106 25000
27 44 99 25000
27 45 102 25000
27 46 126 25000
27 47 102 25000
27 48 110 25000
27 49 130 25000
27 50 108 25000
27 51 116 25000
28 29 118 25000
28 30 156 25000
28 31 121 25000
28 32 131 25000
28 33 133 25000
28 34 129 25000
28 35 118 25000
28 36 113 25000
28 37 114 25000
28 38 129 25000
28 39 118 25000
28 40 109 25000
28 41 104 25000
28 42 131 25000
28 43 122 25000
28 44 105 25000
28 45 127 25000
28 46 120 25000
28 47 114 25000
28 48 112 25000
28 49 122 25000
28 50 116 25000
28 51 115 25000
29 30 118 25000
29 31 107 25000
29 32 130 25000
29 33 114 25000
29 34 107 25000
29 35 119 25000
29 36 134 25000
29 37 122 25000
29 38 115 25000
29 39 97 25000
29 40 140 25000
29 41 129 25000
29 42 130 25000
29 43 116 25000
29 44 112 25000
29 45 122 25000
29 46 132 25000
29 47 135 25000
29 48 119 25000
29 49 119 25000
29 50 98 25000
29 51 138 25000
30 31 147 25000
30 32 126 25000
30 33 136 25000
30 34 126 25000
30 35 120 25000
30 36 118 25000
30 37 143 25000
30 38 131 25000
30 39 135 25000
30 40 106 25000
30 41 125 25000
30 42 116 25000
30 43 129 25000
30 44 115 25000
30 45 126 25000
30 46 124 25000
30 47 115 25000
30 48 121 25000
30 49 126 25000
30 50 127 25000
30 51 102 25000
31 32 124 25000
31 33 149 25000
31 34 136 25000
31 35 130 25000
31 36 120 25000
31 37 126 25000
31 38 153 25000
31 39 127 25000
31 40 147 25000
31 41 103 25000
31 42 120 25000
31 43 134 25000
31 44 113 25000
31 45 109 25000
31 46 119 25000
31 47 121 25000
31 48 108 25000
31 49 109 25000
31 50 112 25000
31 51 101 25000
32 33 133 25000
32 34 129 25000
32 35 121 25000
32 36 130 25000
32 37 121 25000
32 38 132 25000
32 39 116 25000
32 40 142 25000
32 41 105 25000
32 42 117 25000
32 43 115 25000
32 44 116 25000
32 45 121 25000
32 46 120 25000
32 47 133 25000
32 48 115 25000
32 49 110 25000
32 50 131 25000
32 51 132 25000
33 34 129 25000
33 35 111 25000
33 36 127 25000
33 37 113 25000
33 38 112 25000
33 39 109 25000
33 40 125 25000
33 41 123 25000
33 42 120 25000
33 43 120 25000
33 44 131 25000
33 45 105 25000
33 46 135 25000
33 47 101 25000
33 48 132 25000
33 49 134 25000
33 50 111 25000
33 51 98 25000
34 35 144 25000
34 36 134 25000
34 37 117 25000
34 38 120 25000
34 39 117 25000
34 40 123 25000
34 41 124 25000
34 42 113 25000
34 43 119 25000
34 44 127 25000
34 45 145 25000
34 46 111 25000
34 47 125 25000
34 48 108 25000
34 49 121 25000
34 50 128 25000
34 51 113 25000
35 36 118 25000
35 37 132 25000
35 38 127 25000
35 39 105 25000
35 40 129 25000
35 41 152 25000
35 42 103 25000
35 43 121 25000
35 44 108 25000
35 45 112 25000
35 46 98 25000
35 47 117 25000
35 48 139 25000
35 49 120 25000
35 50 116 25000
35 51 109 25000
36 37 141 25000
36 38 129 25000
36 39 120 25000
36 40 110 25000
36 41 136 25000
36 42 100 25000
36 43 120 25000
36 44 128 25000
36 45 136 25000
36 46 126 25000
36 47 126 25000
36 48 114 25000
36 49 105 25000
36 50 122 25000
36 51 121 25000
37 38 138 25000
37 39 137 25000
37 40 124 25000
37 41 131 25000
37 42 137 25000
37 43 113 25000
37 44 124 25000
37 45 106 25000
37 46 124 25000
37 47 134 25000
37 48 132 25000
37 49 107 25000
37 50 115 25000
37 51 114 25000
38 39 110 25000
38 40 125 25000
38 41 90 25000
38 42 122 25000
38 43 124 25000
38 44 121 25000
38 45 122 25000
38 46 101 25000
38 47 120 25000
38 48 129 25000
38 49 121 25000
38 50 135 25000
38 51 127 25000
39 40 125 25000
39 41 106 25000
39 42 129 25000
39 43 125 25000
39 44 111 25000
39 45 114 25000
39 46 103 25000
39 47 104 25000
39 48 130 25000
39 49 107 25000
39 50 112 25000
39 51 147 25000
40 41 110 25000
40 42 135 25000
40 43 112 25000
40 44 120 25000
40 45 142 25000
40 46 130 25000
40 47 122 25000
40 48 124 25000
40 49 132 25000
40 50 133 25000
40 51 123 25000
41 42 132 25000
41 43 134 25000
41 44 135 25000
41 45 110 25000
41 46 117 25000
41 47 119 25000
41 48 107 25000
41 49 126 25000
41 50 92 25000
41 51 122 25000
42 43 126 25000
42 44 137 25000
42 45 127 25000
42 46 141 25000
42 47 118 25000
42 48 123 25000
42 49 124 25000
42 50 119 25000
42 51 116 25000
43 44 139 25000
43 45 112 25000
43 46 96 25000
43 47 132 25000
43 48 133 25000
43 49 132 25000
43 50 118 25000
43 51 126 25000
44 45 145 25000
44 46 145 25000
44 47 122 25000
44 48 139 25000
44 49 125 25000
44 50 118 25000
44 51 123 25000
45 46 129 25000
45 47 143 25000
45 48 118 25000
45 49 128 25000
45 50 104 25000
45 51 134 25000
46 47 109 25000
46 48 129 25000
46 49 119 25000
46 50 125 25000
46 51 115 25000
47 48 100 25000
47 49 123 25000
47 50 104 25000
47 51 125 25000
48 49 122 25000
48 50 116 25000
48 51 127 25000
49 50 101 25000
49 51 134 25000
50 51 140 25000
