0 1 225 25000
0 2 157 25000
0 3 144 25000
0 4 112 25000
0 5 94 25000
0 6 113 25000
0 7 118 25000
0 8 114 25000
0 9 103 25000
0 10 141 25000
0 11 161 25000
0 12 249 25000
0 13 283 25000
0 14 173 25000
0 15 142 25000
0 16 134 25000
0 17 119 25000
0 18 104 25000
0 19 104 25000
0 20 103 25000
0 21 74 25000
0 22 113 25000
0 23 143 25000
0 24 155 25000
0 25 214 25000
0 26 232 25000
0 27 176 25000
0 28 178 25000
0 29 121 25000
0 30 129 25000
0 31 93 25000
0 32 85 25000
0 33 107 25000
0 34 103 25000
0 35 102 25000
0 36 127 25000
0 37 135 25000
0 38 208 25000
0 39 255 25000
0 40 206 25000
0 41 162 25000
0 42 131 25000
0 43 105 25000
0 44 93 25000
0 45 100 25000
0 46 103 25000
0 47 90 25000
0 48 98 25000
0 49 116 25000
0 50 178 25000
0 51 192 25000
1 2 189 25000
1 3 153 25000
1 4 122 25000
1 5 118 25000
1 6 98 25000
1 7 98 25000
1 8 102 25000
1 9 101 25000
1 10 114 25000
1 11 128 25000
1 12 202 25000
1 13 198 25000
1 14 263 25000
1 15 189 25000
1 16 154 25000
1 17 118 25000
1 18 116 25000
1 19 108 25000
1 20 103 25000
1 21 82 25000
1 22 120 25000
1 23 109 25000
1 24 128 25000
1 25 153 25000
1 26 182 25000
1 27 260 25000
1 28 188 25000
1 29 140 25000
1 30 143 25000
1 31 111 25000
1 32 99 25000
1 33 112 25000
1 34 77 25000
1 35 87 25000
1 36 103 25000
1 37 122 25000
1 38 184 25000
1 39 176 25000
1 40 262 25000
1 41 171 25000
1 42 147 25000
1 43 124 25000
1 44 106 25000
1 45 111 25000
1 46 104 25000
1 47 100 25000
1 48 88 25000
1 49 105 25000
1 50 116 25000
1 51 166 25000
2 3 160 25000
2 4 148 25000
2 5 141 25000
2 6 115 25000
2 7 102 25000
2 8 99 25000
2 9 98 25000
2 10 119 25000
2 11 98 25000
2 12 149 25000
2 13 136 25000
2 14 188 25000
2 15 247 25000
2 16 195 25000
2 17 137 25000
2 18 111 25000
2 19 120 25000
2 20 113 25000
2 21 98 25000
2 22 111 25000
2 23 97 25000
2 24 114 25000
2 25 116 25000
2 26 152 25000
2 27 177 25000
2 28 289 25000
2 29 187 25000
2 30 139 25000
2 31 110 25000
2 32 88 25000
2 33 104 25000
2 34 81 25000
2 35 121 25000
2 36 102 25000
2 37 133 25000
2 38 138 25000
2 39 166 25000
2 40 174 25000
2 41 260 25000
2 42 188 25000
2 43 137 25000
2 44 118 25000
2 45 100 25000
2 46 102 25000
2 47 106 25000
2 48 95 25000
2 49 113 25000
2 50 116 25000
2 51 116 25000
3 4 180 25000
3 5 133 25000
3 6 136 25000
3 7 124 25000
3 8 109 25000
3 9 96 25000
3 10 108 25000
3 11 119 25000
3 12 139 25000
3 13 119 25000
3 14 138 25000
3 15 186 25000
3 16 234 25000
3 17 162 25000
3 18 116 25000
3 19 128 25000
3 20 113 25000
3 21 114 25000
3 22 98 25000
3 23 96 25000
3 24 95 25000
3 25 97 25000
3 26 126 25000
3 27 150 25000
3 28 167 25000
3 29 259 25000
3 30 168 25000
3 31 140 25000
3 32 120 25000
3 33 103 25000
3 34 96 25000
3 35 83 25000
3 36 100 25000
3 37 107 25000
3 38 108 25000
3 39 120 25000
3 40 147 25000
3 41 160 25000
3 42 233 25000
3 43 171 25000
3 44 160 25000
3 45 120 25000
3 46 101 25000
3 47 111 25000
3 48 78 25000
3 49 120 25000
3 50 98 25000
3 51 114 25000
4 5 225 25000
4 6 156 25000
4 7 127 25000
4 8 93 25000
4 9 93 25000
4 10 85 25000
4 11 124 25000
4 12 130 25000
4 13 123 25000
4 14 105 25000
4 15 116 25000
4 16 192 25000
4 17 275 25000
4 18 170 25000
4 19 141 25000
4 20 125 25000
4 21 106 25000
4 22 107 25000
4 23 99 25000
4 24 101 25000
4 25 88 25000
4 26 113 25000
4 27 131 25000
4 28 137 25000
4 29 165 25000
4 30 249 25000
4 31 175 25000
4 32 143 25000
4 33 121 25000
4 34 104 25000
4 35 98 25000
4 36 99 25000
4 37 100 25000
4 38 95 25000
4 39 103 25000
4 40 119 25000
4 41 127 25000
4 42 165 25000
4 43 246 25000
4 44 161 25000
4 45 129 25000
4 46 100 25000
4 47 103 25000
4 48 102 25000
4 49 106 25000
4 50 104 25000
4 51 111 25000
5 6 195 25000
5 7 127 25000
5 8 116 25000
5 9 130 25000
5 10 105 25000
5 11 103 25000
5 12 119 25000
5 13 118 25000
5 14 120 25000
5 15 107 25000
5 16 162 25000
5 17 189 25000
5 18 243 25000
5 19 179 25000
5 20 111 25000
5 21 113 25000
5 22 95 25000
5 23 87 25000
5 24 102 25000
5 25 95 25000
5 26 117 25000
5 27 98 25000
5 28 113 25000
5 29 146 25000
5 30 162 25000
5 31 259 25000
5 32 180 25000
5 33 146 25000
5 34 100 25000
5 35 114 25000
5 36 108 25000
5 37 104 25000
5 38 100 25000
5 39 115 25000
5 40 120 25000
5 41 114 25000
5 42 156 25000
5 43 196 25000
5 44 256 25000
5 45 182 25000
5 46 136 25000
5 47 110 25000
5 48 105 25000
5 49 91 25000
5 50 103 25000
5 51 107 25000
6 7 211 25000
6 8 135 25000
6 9 109 25000
6 10 112 25000
6 11 86 25000
6 12 107 25000
6 13 92 25000
6 14 129 25000
6 15 116 25000
6 16 120 25000
6 17 155 25000
6 18 181 25000
6 19 266 25000
6 20 202 25000
6 21 134 25000
6 22 119 25000
6 23 94 25000
6 24 110 25000
6 25 94 25000
6 26 94 25000
6 27 105 25000
6 28 122 25000
6 29 105 25000
6 30 137 25000
6 31 160 25000
6 32 222 25000
6 33 193 25000
6 34 135 25000
6 35 99 25000
6 36 120 25000
6 37 93 25000
6 38 116 25000
6 39 89 25000
6 40 109 25000
6 41 116 25000
6 42 120 25000
6 43 126 25000
6 44 166 25000
6 45 253 25000
6 46 160 25000
6 47 147 25000
6 48 116 25000
6 49 104 25000
6 50 97 25000
6 51 98 25000
7 8 204 25000
7 9 149 25000
7 10 127 25000
7 11 99 25000
7 12 115 25000
7 13 97 25000
7 14 101 25000
7 15 99 25000
7 16 117 25000
7 17 116 25000
7 18 141 25000
7 19 172 25000
7 20 256 25000
7 21 190 25000
7 22 138 25000
7 23 111 25000
7 24 88 25000
7 25 100 25000
7 26 102 25000
7 27 92 25000
7 28 93 25000
7 29 102 25000
7 30 106 25000
7 31 168 25000
7 32 190 25000
7 33 260 25000
7 34 163 25000
7 35 152 25000
7 36 130 25000
7 37 91 25000
7 38 107 25000
7 39 92 25000
7 40 73 25000
7 41 91 25000
7 42 100 25000
7 43 101 25000
7 44 147 25000
7 45 181 25000
7 46 260 25000
7 47 160 25000
7 48 121 25000
7 49 110 25000
7 50 112 25000
7 51 86 25000
8 9 208 25000
8 10 137 25000
8 11 105 25000
8 12 138 25000
8 13 85 25000
8 14 103 25000
8 15 90 25000
8 16 99 25000
8 17 106 25000
8 18 106 25000
8 19 124 25000
8 20 192 25000
8 21 257 25000
8 22 162 25000
8 23 138 25000
8 24 118 25000
8 25 106 25000
8 26 111 25000
8 27 84 25000
8 28 109 25000
8 29 95 25000
8 30 94 25000
8 31 102 25000
8 32 153 25000
8 33 165 25000
8 34 242 25000
8 35 176 25000
8 36 122 25000
8 37 111 25000
8 38 103 25000
8 39 112 25000
8 40 92 25000
8 41 84 25000
8 42 109 25000
8 43 99 25000
8 44 129 25000
8 45 120 25000
8 46 156 25000
8 47 263 25000
8 48 178 25000
8 49 121 25000
8 50 111 25000
8 51 94 25000
9 10 173 25000
9 11 164 25000
9 12 125 25000
9 13 98 25000
9 14 113 25000
9 15 91 25000
9 16 118 25000
9 17 101 25000
9 18 84 25000
9 19 121 25000
9 20 124 25000
9 21 146 25000
9 22 261 25000
9 23 155 25000
9 24 139 25000
9 25 112 25000
9 26 111 25000
9 27 94 25000
9 28 113 25000
9 29 77 25000
9 30 99 25000
9 31 103 25000
9 32 105 25000
9 33 129 25000
9 34 179 25000
9 35 251 25000
9 36 166 25000
9 37 154 25000
9 38 121 25000
9 39 107 25000
9 40 104 25000
9 41 86 25000
9 42 94 25000
9 43 107 25000
9 44 116 25000
9 45 114 25000
9 46 148 25000
9 47 159 25000
9 48 266 25000
9 49 175 25000
9 50 137 25000
9 51 124 25000
10 11 178 25000
10 12 162 25000
10 13 106 25000
10 14 87 25000
10 15 122 25000
10 16 97 25000
10 17 89 25000
10 18 94 25000
10 19 103 25000
10 20 110 25000
10 21 124 25000
10 22 180 25000
10 23 268 25000
10 24 160 25000
10 25 148 25000
10 26 117 25000
10 27 121 25000
10 28 90 25000
10 29 104 25000
10 30 85 25000
10 31 88 25000
10 32 95 25000
10 33 132 25000
10 34 124 25000
10 35 164 25000
10 36 249 25000
10 37 155 25000
10 38 142 25000
10 39 121 25000
10 40 124 25000
10 41 92 25000
10 42 99 25000
10 43 96 25000
10 44 92 25000
10 45 98 25000
10 46 138 25000
10 47 129 25000
10 48 182 25000
10 49 261 25000
10 50 178 25000
10 51 149 25000
11 12 189 25000
11 13 145 25000
11 14 141 25000
11 15 114 25000
11 16 105 25000
11 17 96 25000
11 18 96 25000
11 19 116 25000
11 20 96 25000
11 21 108 25000
11 22 137 25000
11 23 181 25000
11 24 270 25000
11 25 167 25000
11 26 143 25000
11 27 123 25000
11 28 125 25000
11 29 113 25000
11 30 97 25000
11 31 103 25000
11 32 89 25000
11 33 103 25000
11 34 114 25000
11 35 118 25000
11 36 170 25000
11 37 270 25000
11 38 191 25000
11 39 160 25000
11 40 135 25000
11 41 129 25000
11 42 87 25000
11 43 110 25000
11 44 92 25000
11 45 98 25000
11 46 119 25000
11 47 100 25000
11 48 150 25000
11 49 178 25000
11 50 262 25000
11 51 165 25000
12 13 216 25000
12 14 173 25000
12 15 141 25000
12 16 145 25000
12 17 104 25000
12 18 87 25000
12 19 94 25000
12 20 105 25000
12 21 119 25000
12 22 127 25000
12 23 150 25000
12 24 193 25000
12 25 293 25000
12 26 197 25000
12 27 164 25000
12 28 147 25000
12 29 136 25000
12 30 106 25000
12 31 84 25000
12 32 122 25000
12 33 107 25000
12 34 98 25000
12 35 131 25000
12 36 143 25000
12 37 237 25000
12 38 313 25000
12 39 221 25000
12 40 155 25000
12 41 142 25000
12 42 119 25000
12 43 94 25000
12 44 101 25000
12 45 93 25000
12 46 107 25000
12 47 124 25000
12 48 126 25000
12 49 120 25000
12 50 201 25000
12 51 296 25000
13 14 196 25000
13 15 149 25000
13 16 131 25000
13 17 118 25000
13 18 98 25000
13 19 95 25000
13 20 94 25000
13 21 125 25000
13 22 114 25000
13 23 113 25000
13 24 158 25000
13 25 215 25000
13 26 235 25000
13 27 202 25000
13 28 126 25000
13 29 146 25000
13 30 115 25000
13 31 108 25000
13 32 92 25000
13 33 103 25000
13 34 106 25000
13 35 106 25000
13 36 137 25000
13 37 148 25000
13 38 169 25000
13 39 215 25000
13 40 174 25000
13 41 143 25000
13 42 122 25000
13 43 114 25000
13 44 94 25000
13 45 100 25000
13 46 84 25000
13 47 99 25000
13 48 111 25000
13 49 120 25000
13 50 135 25000
13 51 203 25000
14 15 212 25000
14 16 166 25000
14 17 128 25000
14 18 127 25000
14 19 104 25000
14 20 98 25000
14 21 99 25000
14 22 108 25000
14 23 116 25000
14 24 114 25000
14 25 190 25000
14 26 169 25000
14 27 263 25000
14 28 190 25000
14 29 142 25000
14 30 116 25000
14 31 133 25000
14 32 91 25000
14 33 98 25000
14 34 88 25000
14 35 111 25000
14 36 104 25000
14 37 116 25000
14 38 158 25000
14 39 214 25000
14 40 262 25000
14 41 150 25000
14 42 140 25000
14 43 141 25000
14 44 112 25000
14 45 105 25000
14 46 93 25000
14 47 99 25000
14 48 108 25000
14 49 118 25000
14 50 109 25000
14 51 145 25000
15 16 240 25000
15 17 160 25000
15 18 128 25000
15 19 106 25000
15 20 103 25000
15 21 96 25000
15 22 92 25000
15 23 113 25000
15 24 119 25000
15 25 140 25000
15 26 138 25000
15 27 185 25000
15 28 266 25000
15 29 167 25000
15 30 133 25000
15 31 116 25000
15 32 79 25000
15 33 95 25000
15 34 82 25000
15 35 96 25000
15 36 86 25000
15 37 100 25000
15 38 143 25000
15 39 156 25000
15 40 184 25000
15 41 205 25000
15 42 172 25000
15 43 130 25000
15 44 117 25000
15 45 121 25000
15 46 94 25000
15 47 89 25000
15 48 89 25000
15 49 107 25000
15 50 115 25000
15 51 124 25000
16 17 180 25000
16 18 125 25000
16 19 106 25000
16 20 124 25000
16 21 100 25000
16 22 104 25000
16 23 103 25000
16 24 111 25000
16 25 120 25000
16 26 147 25000
16 27 160 25000
16 28 163 25000
16 29 261 25000
16 30 193 25000
16 31 140 25000
16 32 109 25000
16 33 90 25000
16 34 94 25000
16 35 100 25000
16 36 108 25000
16 37 113 25000
16 38 113 25000
16 39 119 25000
16 40 156 25000
16 41 207 25000
16 42 266 25000
16 43 175 25000
16 44 150 25000
16 45 129 25000
16 46 115 25000
16 47 94 25000
16 48 101 25000
16 49 107 25000
16 50 111 25000
16 51 127 25000
17 18 209 25000
17 19 137 25000
17 20 121 25000
17 21 99 25000
17 22 88 25000
17 23 109 25000
17 24 101 25000
17 25 115 25000
17 26 110 25000
17 27 120 25000
17 28 142 25000
17 29 185 25000
17 30 261 25000
17 31 207 25000
17 32 139 25000
17 33 132 25000
17 34 98 25000
17 35 95 25000
17 36 90 25000
17 37 99 25000
17 38 120 25000
17 39 101 25000
17 40 131 25000
17 41 134 25000
17 42 189 25000
17 43 264 25000
17 44 191 25000
17 45 138 25000
17 46 107 25000
17 47 103 25000
17 48 87 25000
17 49 107 25000
17 50 98 25000
17 51 96 25000
18 19 183 25000
18 20 155 25000
18 21 125 25000
18 22 101 25000
18 23 95 25000
18 24 109 25000
18 25 114 25000
18 26 95 25000
18 27 110 25000
18 28 141 25000
18 29 127 25000
18 30 180 25000
18 31 273 25000
18 32 177 25000
18 33 152 25000
18 34 98 25000
18 35 106 25000
18 36 100 25000
18 37 78 25000
18 38 112 25000
18 39 100 25000
18 40 97 25000
18 41 116 25000
18 42 139 25000
18 43 177 25000
18 44 240 25000
18 45 182 25000
18 46 128 25000
18 47 107 25000
18 48 95 25000
18 49 96 25000
18 50 82 25000
18 51 107 25000
19 20 195 25000
19 21 131 25000
19 22 118 25000
19 23 110 25000
19 24 111 25000
19 25 106 25000
19 26 91 25000
19 27 113 25000
19 28 100 25000
19 29 138 25000
19 30 143 25000
19 31 168 25000
19 32 261 25000
19 33 196 25000
19 34 129 25000
19 35 110 25000
19 36 119 25000
19 37 117 25000
19 38 108 25000
19 39 91 25000
19 40 107 25000
19 41 98 25000
19 42 107 25000
19 43 151 25000
19 44 167 25000
19 45 244 25000
19 46 177 25000
19 47 133 25000
19 48 104 25000
19 49 117 25000
19 50 105 25000
19 51 98 25000
20 21 208 25000
20 22 155 25000
20 23 96 25000
20 24 107 25000
20 25 109 25000
20 26 76 25000
20 27 75 25000
20 28 82 25000
20 29 122 25000
20 30 119 25000
20 31 147 25000
20 32 179 25000
20 33 247 25000
20 34 162 25000
20 35 122 25000
20 36 107 25000
20 37 114 25000
20 38 105 25000
20 39 101 25000
20 40 85 25000
20 41 98 25000
20 42 98 25000
20 43 115 25000
20 44 142 25000
20 45 136 25000
20 46 249 25000
20 47 155 25000
20 48 129 25000
20 49 119 25000
20 50 97 25000
20 51 108 25000
21 22 209 25000
21 23 147 25000
21 24 114 25000
21 25 108 25000
21 26 104 25000
21 27 97 25000
21 28 92 25000
21 29 90 25000
21 30 89 25000
21 31 118 25000
21 32 152 25000
21 33 170 25000
21 34 213 25000
21 35 155 25000
21 36 144 25000
21 37 117 25000
21 38 118 25000
21 39 89 25000
21 40 97 25000
21 41 94 25000
21 42 92 25000
21 43 105 25000
21 44 126 25000
21 45 145 25000
21 46 173 25000
21 47 248 25000
21 48 178 25000
21 49 131 25000
21 50 120 25000
21 51 114 25000
22 23 200 25000
22 24 136 25000
22 25 124 25000
22 26 104 25000
22 27 98 25000
22 28 102 25000
22 29 105 25000
22 30 111 25000
22 31 102 25000
22 32 129 25000
22 33 165 25000
22 34 167 25000
22 35 265 25000
22 36 179 25000
22 37 148 25000
22 38 126 25000
22 39 107 25000
22 40 106 25000
22 41 88 25000
22 42 97 25000
22 43 90 25000
22 44 106 25000
22 45 106 25000
22 46 136 25000
22 47 193 25000
22 48 255 25000
22 49 175 25000
22 50 124 25000
22 51 126 25000
23 24 171 25000
23 25 138 25000
23 26 130 25000
23 27 114 25000
23 28 112 25000
23 29 116 25000
23 30 94 25000
23 31 98 25000
23 32 102 25000
23 33 103 25000
23 34 109 25000
23 35 180 25000
23 36 240 25000
23 37 154 25000
23 38 133 25000
23 39 117 25000
23 40 101 25000
23 41 98 25000
23 42 107 25000
23 43 87 25000
23 44 84 25000
23 45 108 25000
23 46 99 25000
23 47 128 25000
23 48 178 25000
23 49 250 25000
23 50 169 25000
23 51 159 25000
24 25 187 25000
24 26 149 25000
24 27 129 25000
24 28 110 25000
24 29 98 25000
24 30 82 25000
24 31 102 25000
24 32 107 25000
24 33 96 25000
24 34 103 25000
24 35 141 25000
24 36 192 25000
24 37 249 25000
24 38 160 25000
24 39 143 25000
24 40 125 25000
24 41 97 25000
24 42 114 25000
24 43 102 25000
24 44 83 25000
24 45 105 25000
24 46 107 25000
24 47 119 25000
24 48 127 25000
24 49 170 25000
24 50 263 25000
24 51 164 25000
25 26 174 25000
25 27 166 25000
25 28 136 25000
25 29 114 25000
25 30 110 25000
25 31 112 25000
25 32 99 25000
25 33 114 25000
25 34 90 25000
25 35 109 25000
25 36 139 25000
25 37 170 25000
25 38 246 25000
25 39 156 25000
25 40 151 25000
25 41 133 25000
25 42 102 25000
25 43 111 25000
25 44 101 25000
25 45 121 25000
25 46 91 25000
25 47 119 25000
25 48 125 25000
25 49 138 25000
25 50 172 25000
25 51 247 25000
26 27 221 25000
26 28 179 25000
26 29 115 25000
26 30 112 25000
26 31 110 25000
26 32 115 25000
26 33 109 25000
26 34 75 25000
26 35 112 25000
26 36 123 25000
26 37 172 25000
26 38 232 25000
26 39 241 25000
26 40 195 25000
26 41 142 25000
26 42 123 25000
26 43 123 25000
26 44 130 25000
26 45 90 25000
26 46 93 25000
26 47 107 25000
26 48 85 25000
26 49 131 25000
26 50 135 25000
26 51 193 25000
27 28 222 25000
27 29 161 25000
27 30 150 25000
27 31 122 25000
27 32 98 25000
27 33 107 25000
27 34 92 25000
27 35 94 25000
27 36 131 25000
27 37 119 25000
27 38 159 25000
27 39 173 25000
27 40 262 25000
27 41 191 25000
27 42 131 25000
27 43 125 25000
27 44 118 25000
27 45 122 25000
27 46 98 25000
27 47 102 25000
27 48 110 25000
27 49 105 25000
27 50 139 25000
27 51 155 25000
28 29 203 25000
28 30 152 25000
28 31 146 25000
28 32 107 25000
28 33 102 25000
28 34 89 25000
28 35 106 25000
28 36 85 25000
28 37 132 25000
28 38 138 25000
28 39 148 25000
28 40 200 25000
28 41 250 25000
28 42 174 25000
28 43 134 25000
28 44 124 25000
28 45 98 25000
28 46 103 25000
28 47 103 25000
28 48 107 25000
28 49 120 25000
28 50 105 25000
28 51 137 25000
29 30 186 25000
29 31 170 25000
29 32 118 25000
29 33 103 25000
29 34 102 25000
29 35 99 25000
29 36 93 25000
29 37 124 25000
29 38 128 25000
29 39 125 25000
29 40 144 25000
29 41 164 25000
29 42 289 25000
29 43 171 25000
29 44 157 25000
29 45 130 25000
29 46 111 25000
29 47 107 25000
29 48 92 25000
29 49 100 25000
29 50 99 25000
29 51 114 25000
30 31 204 25000
30 32 131 25000
30 33 127 25000
30 34 102 25000
30 35 76 25000
30 36 88 25000
30 37 112 25000
30 38 128 25000
30 39 100 25000
30 40 131 25000
30 41 149 25000
30 42 172 25000
30 43 280 25000
30 44 176 25000
30 45 145 25000
30 46 97 25000
30 47 115 25000
30 48 103 25000
30 49 86 25000
30 50 92 25000
30 51 94 25000
31 32 205 25000
31 33 163 25000
31 34 109 25000
31 35 122 25000
31 36 111 25000
31 37 100 25000
31 38 115 25000
31 39 94 25000
31 40 99 25000
31 41 126 25000
31 42 152 25000
31 43 187 25000
31 44 269 25000
31 45 182 25000
31 46 147 25000
31 47 100 25000
31 48 105 25000
31 49 84 25000
31 50 99 25000
31 51 117 25000
32 33 215 25000
32 34 142 25000
32 35 115 25000
32 36 103 25000
32 37 113 25000
32 38 95 25000
32 39 102 25000
32 40 86 25000
32 41 116 25000
32 42 105 25000
32 43 157 25000
32 44 170 25000
32 45 243 25000
32 46 173 25000
32 47 128 25000
32 48 103 25000
32 49 113 25000
32 50 93 25000
32 51 89 25000
33 34 205 25000
33 35 155 25000
33 36 120 25000
33 37 97 25000
33 38 115 25000
33 39 90 25000
33 40 107 25000
33 41 90 25000
33 42 119 25000
33 43 116 25000
33 44 156 25000
33 45 187 25000
33 46 259 25000
33 47 159 25000
33 48 124 25000
33 49 125 25000
33 50 122 25000
33 51 123 25000
34 35 178 25000
34 36 132 25000
34 37 122 25000
34 38 103 25000
34 39 103 25000
34 40 95 25000
34 41 86 25000
34 42 101 25000
34 43 90 25000
34 44 96 25000
34 45 140 25000
34 46 163 25000
34 47 269 25000
34 48 171 25000
34 49 143 25000
34 50 125 25000
34 51 101 25000
35 36 173 25000
35 37 113 25000
35 38 122 25000
35 39 99 25000
35 40 120 25000
35 41 81 25000
35 42 95 25000
35 43 99 25000
35 44 100 25000
35 45 127 25000
35 46 154 25000
35 47 183 25000
35 48 259 25000
35 49 172 25000
35 50 129 25000
35 51 116 25000
36 37 212 25000
36 38 162 25000
36 39 124 25000
36 40 122 25000
36 41 84 25000
36 42 109 25000
36 43 91 25000
36 44 90 25000
36 45 97 25000
36 46 118 25000
36 47 135 25000
36 48 177 25000
36 49 300 25000
36 50 153 25000
36 51 129 25000
37 38 200 25000
37 39 129 25000
37 40 151 25000
37 41 96 25000
37 42 105 25000
37 43 97 25000
37 44 101 25000
37 45 88 25000
37 46 91 25000
37 47 105 25000
37 48 139 25000
37 49 166 25000
37 50 279 25000
37 51 186 25000
38 39 209 25000
38 40 175 25000
38 41 140 25000
38 42 133 25000
38 43 107 25000
38 44 106 25000
38 45 107 25000
38 46 93 25000
38 47 118 25000
38 48 123 25000
38 49 142 25000
38 50 179 25000
38 51 305 25000
39 40 208 25000
39 41 150 25000
39 42 118 25000
39 43 115 25000
39 44 88 25000
39 45 114 25000
39 46 118 25000
39 47 85 25000
39 48 108 25000
39 49 142 25000
39 50 173 25000
39 51 226 25000
40 41 187 25000
40 42 182 25000
40 43 126 25000
40 44 118 25000
40 45 95 25000
40 46 97 25000
40 47 105 25000
40 48 105 25000
40 49 120 25000
40 50 143 25000
40 51 172 25000
41 42 204 25000
41 43 157 25000
41 44 108 25000
41 45 109 25000
41 46 104 25000
41 47 120 25000
41 48 82 25000
41 49 105 25000
41 50 103 25000
41 51 155 25000
42 43 223 25000
42 44 159 25000
42 45 121 25000
42 46 123 25000
42 47 114 25000
42 48 95 25000
42 49 85 25000
42 50 102 25000
42 51 128 25000
43 44 223 25000
43 45 148 25000
43 46 123 25000
43 47 108 25000
43 48 124 25000
43 49 122 25000
43 50 90 25000
43 51 98 25000
44 45 181 25000
44 46 165 25000
44 47 124 25000
44 48 102 25000
44 49 105 25000
44 50 94 25000
44 51 80 25000
45 46 215 25000
45 47 152 25000
45 48 127 25000
45 49 115 25000
45 50 124 25000
45 51 106 25000
46 47 191 25000
46 48 136 25000
46 49 136 25000
46 50 103 25000
46 51 96 25000
47 48 183 25000
47 49 157 25000
47 50 123 25000
47 51 127 25000
48 49 200 25000
48 50 146 25000
48 51 118 25000
49 50 183 25000
49 51 154 25000
50 51 192 25000
