0 1 119 25000
0 2 137 25000
0 3 137 25000
0 4 121 25000
0 5 121 25000
0 6 121 25000
0 7 118 25000
0 8 113 25000
0 9 140 25000
0 10 134 25000
0 11 115 25000
0 12 165 25000
0 13 128 25000
0 14 139 25000
0 15 112 25000
0 16 113 25000
0 17 132 25000
0 18 111 25000
0 19 117 25000
0 20 121 25000
0 21 134 25000
0 22 122 25000
0 23 111 25000
0 24 137 25000
0 25 101 25000
0 26 102 25000
0 27 115 25000
0 28 141 25000
0 29 112 25000
0 30 141 25000
0 31 121 25000
0 32 129 25000
0 33 110 25000
0 34 111 25000
0 35 115 25000
0 36 129 25000
0 37 131 25000
0 38 107 25000
0 39 115 25000
0 40 119 25000
0 41 113 25000
0 42 106 25000
0 43 115 25000
0 44 122 25000
0 45 125 25000
0 46 121 25000
0 47 133 25000
0 48 112 25000
0 49 124 25000
0 50 117 25000
0 51 123 25000
1 2 118 25000
1 3 135 25000
1 4 114 25000
1 5 122 25000
1 6 105 25000
1 7 113 25000
1 8 123 25000
1 9 118 25000
1 10 119 25000
1 11 120 25000
1 12 159 25000
1 13 126 25000
1 14 128 25000
1 15 111 25000
1 16 123 25000
1 17 154 25000
1 18 116 25000
1 19 113 25000
1 20 115 25000
1 21 116 25000
1 22 133 25000
1 23 106 25000
1 24 116 25000
1 25 99 25000
1 26 99 25000
1 27 118 25000
1 28 115 25000
1 29 127 25000
1 30 114 25000
1 31 113 25000
1 32 132 25000
1 33 138 25000
1 34 131 25000
1 35 110 25000
1 36 128 25000
1 37 105 25000
1 38 110 25000
1 39 107 25000
1 40 112 25000
1 41 114 25000
1 42 112 25000
1 43 127 25000
1 44 119 25000
1 45 124 25000
1 46 145 25000
1 47 113 25000
1 48 111 25000
1 49 135 25000
1 50 112 25000
1 51 111 25000
2 3 111 25000
2 4 120 25000
2 5 119 25000
2 6 126 25000
2 7 146 25000
2 8 132 25000
2 9 128 25000
2 10 121 25000
2 11 130 25000
2 12 148 25000
2 13 127 25000
2 14 132 25000
2 15 141 25000
2 16 145 25000
2 17 103 25000
2 18 129 25000
2 19 121 25000
2 20 126 25000
2 21 123 25000
2 22 114 25000
2 23 105 25000
2 24 114 25000
2 25 118 25000
2 26 133 25000
2 27 118 25000
2 28 124 25000
2 29 120 25000
2 30 129 25000
2 31 129 25000
2 32 115 25000
2 33 141 25000
2 34 113 25000
2 35 132 25000
2 36 130 25000
2 37 124 25000
2 38 109 25000
2 39 135 25000
2 40 101 25000
2 41 121 25000
2 42 125 25000
2 43 110 25000
2 44 129 25000
2 45 124 25000
2 46 120 25000
2 47 124 25000
2 48 127 25000
2 49 115 25000
2 50 124 25000
2 51 126 25000
3 4 117 25000
3 5 119 25000
3 6 127 25000
3 7 132 25000
3 8 116 25000
3 9 127 25000
3 10 126 25000
3 11 128 25000
3 12 122 25000
3 13 112 25000
3 14 125 25000
3 15 130 25000
3 16 106 25000
3 17 136 25000
3 18 128 25000
3 19 110 25000
3 20 130 25000
3 21 128 25000
3 22 126 25000
3 23 121 25000
3 24 114 25000
3 25 110 25000
3 26 115 25000
3 27 121 25000
3 28 131 25000
3 29 146 25000
3 30 118 25000
3 31 119 25000
3 32 110 25000
3 33 130 25000
3 34 126 25000
3 35 120 25000
3 36 114 25000
3 37 125 25000
3 38 124 25000
3 39 111 25000
3 40 107 25000
3 41 136 25000
3 42 120 25000
3 43 118 25000
3 44 116 25000
3 45 131 25000
3 46 117 25000
3 47 112 25000
3 48 114 25000
3 49 112 25000
3 50 113 25000
3 51 115 25000
4 5 132 25000
4 6 111 25000
4 7 105 25000
4 8 106 25000
4 9 131 25000
4 10 118 25000
4 11 120 25000
4 12 141 25000
4 13 117 25000
4 14 128 25000
4 15 132 25000
4 16 110 25000
4 17 124 25000
4 18 121 25000
4 19 127 25000
4 20 115 25000
4 21 113 25000
4 22 113 25000
4 23 118 25000
4 24 147 25000
4 25 126 25000
4 26 127 25000
4 27 113 25000
4 28 108 25000
4 29 120 25000
4 30 121 25000
4 31 121 25000
4 32 111 25000
4 33 115 25000
4 34 124 25000
4 35 102 25000
4 36 111 25000
4 37 121 25000
4 38 113 25000
4 39 132 25000
4 40 113 25000
4 41 127 25000
4 42 123 25000
4 43 148 25000
4 44 111 25000
4 45 131 25000
4 46 90 25000
4 47 121 25000
4 48 134 25000
4 49 125 25000
4 50 113 25000
4 51 115 25000
5 6 146 25000
5 7 126 25000
5 8 113 25000
5 9 113 25000
5 10 113 25000
5 11 116 25000
5 12 150 25000
5 13 119 25000
5 14 127 25000
5 15 151 25000
5 16 134 25000
5 17 109 25000
5 18 124 25000
5 19 117 25000
5 20 122 25000
5 21 127 25000
5 22 132 25000
5 23 125 25000
5 24 121 25000
5 25 117 25000
5 26 125 25000
5 27 119 25000
5 28 141 25000
5 29 119 25000
5 30 118 25000
5 31 136 25000
5 32 121 25000
5 33 114 25000
5 34 124 25000
5 35 134 25000
5 36 144 25000
5 37 147 25000
5 38 118 25000
5 39 115 25000
5 40 123 25000
5 41 116 25000
5 42 130 25000
5 43 110 25000
5 44 132 25000
5 45 110 25000
5 46 127 25000
5 47 109 25000
5 48 125 25000
5 49 98 25000
5 50 127 25000
5 51 119 25000
6 7 121 25000
6 8 116 25000
6 9 119 25000
6 10 114 25000
6 11 130 25000
6 12 164 25000
6 13 119 25000
6 14 125 25000
6 15 123 25000
6 16 121 25000
6 17 114 25000
6 18 137 25000
6 19 116 25000
6 20 120 25000
6 21 131 25000
6 22 133 25000
6 23 112 25000
6 24 126 25000
6 25 111 25000
6 26 143 25000
6 27 128 25000
6 28 139 25000
6 29 136 25000
6 30 126 25000
6 31 121 25000
6 32 98 25000
6 33 107 25000
6 34 130 25000
6 35 117 25000
6 36 117 25000
6 37 119 25000
6 38 101 25000
6 39 117 25000
6 40 109 25000
6 41 133 25000
6 42 124 25000
6 43 130 25000
6 44 112 25000
6 45 109 25000
6 46 110 25000
6 47 131 25000
6 48 119 25000
6 49 126 25000
6 50 104 25000
6 51 142 25000
7 8 124 25000
7 9 114 25000
7 10 114 25000
7 11 107 25000
7 12 148 25000
7 13 122 25000
7 14 122 25000
7 15 121 25000
7 16 125 25000
7 17 118 25000
7 18 124 25000
7 19 132 25000
7 20 139 25000
7 21 114 25000
7 22 125 25000
7 23 128 25000
7 24 123 25000
7 25 120 25000
7 26 100 25000
7 27 116 25000
7 28 106 25000
7 29 121 25000
7 30 119 25000
7 31 114 25000
7 32 101 25000
7 33 110 25000
7 34 118 25000
7 35 118 25000
7 36 123 25000
7 37 104 25000
7 38 102 25000
7 39 126 25000
7 40 119 25000
7 41 120 25000
7 42 100 25000
7 43 116 25000
7 44 125 25000
7 45 124 25000
7 46 133 25000
7 47 114 25000
7 48 121 25000
7 49 107 25000
7 50 118 25000
7 51 127 25000
8 9 122 25000
8 10 105 25000
8 11 127 25000
8 12 135 25000
8 13 128 25000
8 14 108 25000
8 15 124 25000
8 16 113 25000
8 17 110 25000
8 18 124 25000
8 19 124 25000
8 20 126 25000
8 21 118 25000
8 22 127 25000
8 23 111 25000
8 24 117 25000
8 25 126 25000
8 26 117 25000
8 27 110 25000
8 28 110 25000
8 29 119 25000
8 30 131 25000
8 31 117 25000
8 32 133 25000
8 33 93 25000
8 34 116 25000
8 35 125 25000
8 36 111 25000
8 37 137 25000
8 38 127 25000
8 39 126 25000
8 40 108 25000
8 41 142 25000
8 42 122 25000
8 43 108 25000
8 44 103 25000
8 45 128 25000
8 46 126 25000
8 47 117 25000
8 48 124 25000
8 49 106 25000
8 50 119 25000
8 51 125 25000
9 10 126 25000
9 11 132 25000
9 12 144 25000
9 13 144 25000
9 14 135 25000
9 15 129 25000
9 16 115 25000
9 17 116 25000
9 18 113 25000
9 19 123 25000
9 20 115 25000
9 21 125 25000
9 22 152 25000
9 23 122 25000
9 24 135 25000
9 25 124 25000
9 26 156 25000
9 27 124 25000
9 28 123 25000
9 29 131 25000
9 30 139 25000
9 31 118 25000
9 32 122 25000
9 33 120 25000
9 34 116 25000
9 35 119 25000
9 36 112 25000
9 37 134 25000
9 38 106 25000
9 39 137 25000
9 40 129 25000
9 41 135 25000
9 42 115 25000
9 43 128 25000
9 44 121 25000
9 45 118 25000
9 46 119 25000
9 47 130 25000
9 48 119 25000
9 49 144 25000
9 50 121 25000
9 51 116 25000
10 11 119 25000
10 12 131 25000
10 13 119 25000
10 14 110 25000
10 15 126 25000
10 16 122 25000
10 17 100 25000
10 18 119 25000
10 19 124 25000
10 20 136 25000
10 21 122 25000
10 22 118 25000
10 23 106 25000
10 24 129 25000
10 25 126 25000
10 26 125 25000
10 27 106 25000
10 28 143 25000
10 29 120 25000
10 30 107 25000
10 31 113 25000
10 32 118 25000
10 33 114 25000
10 34 113 25000
10 35 111 25000
10 36 105 25000
10 37 130 25000
10 38 112 25000
10 39 110 25000
10 40 97 25000
10 41 127 25000
10 42 117 25000
10 43 126 25000
10 44 125 25000
10 45 124 25000
10 46 107 25000
10 47 139 25000
10 48 125 25000
10 49 103 25000
10 50 113 25000
10 51 106 25000
11 12 143 25000
11 13 122 25000
11 14 130 25000
11 15 125 25000
11 16 98 25000
11 17 122 25000
11 18 129 25000
11 19 122 25000
11 20 100 25000
11 21 105 25000
11 22 124 25000
11 23 126 25000
11 24 98 25000
11 25 108 25000
11 26 102 25000
11 27 98 25000
11 28 119 25000
11 29 123 25000
11 30 127 25000
11 31 120 25000
11 32 133 25000
11 33 112 25000
11 34 127 25000
11 35 115 25000
11 36 119 25000
11 37 111 25000
11 38 129 25000
11 39 126 25000
11 40 136 25000
11 41 134 25000
11 42 132 25000
11 43 119 25000
11 44 108 25000
11 45 106 25000
11 46 134 25000
11 47 143 25000
11 48 124 25000
11 49 122 25000
11 50 121 25000
11 51 123 25000
12 13 141 25000
12 14 145 25000
12 15 137 25000
12 16 149 25000
12 17 122 25000
12 18 118 25000
12 19 142 25000
12 20 150 25000
12 21 148 25000
12 22 132 25000
12 23 120 25000
12 24 143 25000
12 25 121 25000
12 26 123 25000
12 27 146 25000
12 28 134 25000
12 29 137 25000
12 30 149 25000
12 31 112 25000
12 32 118 25000
12 33 119 25000
12 34 142 25000
12 35 126 25000
12 36 120 25000
12 37 136 25000
12 38 137 25000
12 39 128 25000
12 40 117 25000
12 41 137 25000
12 42 120 25000
12 43 152 25000
12 44 128 25000
12 45 161 25000
12 46 128 25000
12 47 132 25000
12 48 144 25000
12 49 151 25000
12 50 143 25000
12 51 105 25000
13 14 131 25000
13 15 115 25000
13 16 132 25000
13 17 117 25000
13 18 111 25000
13 19 119 25000
13 20 122 25000
13 21 125 25000
13 22 127 25000
13 23 131 25000
13 24 118 25000
13 25 130 25000
13 26 103 25000
13 27 112 25000
13 28 117 25000
13 29 134 25000
13 30 110 25000
13 31 107 25000
13 32 115 25000
13 33 118 25000
13 34 114 25000
13 35 122 25000
13 36 135 25000
13 37 118 25000
13 38 116 25000
13 39 104 25000
13 40 123 25000
13 41 120 25000
13 42 122 25000
13 43 102 25000
13 44 110 25000
13 45 128 25000
13 46 118 25000
13 47 119 25000
13 48 117 25000
13 49 122 25000
13 50 109 25000
13 51 115 25000
14 15 143 25000
14 16 131 25000
14 17 136 25000
14 18 144 25000
14 19 117 25000
14 20 122 25000
14 21 136 25000
14 22 127 25000
14 23 103 25000
14 24 114 25000
14 25 127 25000
14 26 108 25000
14 27 128 25000
14 28 128 25000
14 29 135 25000
14 30 132 25000
14 31 120 25000
14 32 100 25000
14 33 127 25000
14 34 101 25000
14 35 120 25000
14 36 143 25000
14 37 144 25000
14 38 134 25000
14 39 126 25000
14 40 116 25000
14 41 123 25000
14 42 112 25000
14 43 126 25000
14 44 124 25000
14 45 128 25000
14 46 117 25000
14 47 126 25000
14 48 128 25000
14 49 112 25000
14 50 110 25000
14 51 139 25000
15 16 126 25000
15 17 120 25000
15 18 128 25000
15 19 138 25000
15 20 106 25000
15 21 115 25000
15 22 121 25000
15 23 115 25000
15 24 124 25000
15 25 133 25000
15 26 120 25000
15 27 112 25000
15 28 138 25000
15 29 127 25000
15 30 121 25000
15 31 122 25000
15 32 125 25000
15 33 122 25000
15 34 131 25000
15 35 118 25000
15 36 135 25000
15 37 123 25000
15 38 122 25000
15 39 127 25000
15 40 122 25000
15 41 111 25000
15 42 127 25000
15 43 126 25000
15 44 130 25000
15 45 145 25000
15 46 115 25000
15 47 131 25000
15 48 132 25000
15 49 109 25000
15 50 115 25000
15 51 118 25000
16 17 147 25000
16 18 151 25000
16 19 112 25000
16 20 123 25000
16 21 119 25000
16 22 131 25000
16 23 112 25000
16 24 138 25000
16 25 137 25000
16 26 137 25000
16 27 127 25000
16 28 105 25000
16 29 133 25000
16 30 140 25000
16 31 130 25000
16 32 111 25000
16 33 114 25000
16 34 126 25000
16 35 128 25000
16 36 123 25000
16 37 112 25000
16 38 126 25000
16 39 105 25000
16 40 117 25000
16 41 123 25000
16 42 102 25000
16 43 101 25000
16 44 131 25000
16 45 153 25000
16 46 103 25000
16 47 107 25000
16 48 124 25000
16 49 124 25000
16 50 113 25000
16 51 116 25000
17 18 123 25000
17 19 119 25000
17 20 125 25000
17 21 135 25000
17 22 136 25000
17 23 114 25000
17 24 136 25000
17 25 118 25000
17 26 104 25000
17 27 110 25000
17 28 106 25000
17 29 124 25000
17 30 114 25000
17 31 122 25000
17 32 109 25000
17 33 132 25000
17 34 117 25000
17 35 123 25000
17 36 140 25000
17 37 125 25000
17 38 130 25000
17 39 114 25000
17 40 122 25000
17 41 126 25000
17 42 105 25000
17 43 116 25000
17 44 110 25000
17 45 113 25000
17 46 145 25000
17 47 140 25000
17 48 117 25000
17 49 113 25000
17 50 96 25000
17 51 118 25000
18 19 132 25000
18 20 119 25000
18 21 126 25000
18 22 114 25000
18 23 124 25000
18 24 132 25000
18 25 128 25000
18 26 125 25000
18 27 108 25000
18 28 111 25000
18 29 137 25000
18 30 117 25000
18 31 121 25000
18 32 140 25000
18 33 130 25000
18 34 124 25000
18 35 115 25000
18 36 121 25000
18 37 116 25000
18 38 114 25000
18 39 110 25000
18 40 124 25000
18 41 125 25000
18 42 101 25000
18 43 120 25000
18 44 138 25000
18 45 121 25000
18 46 140 25000
18 47 116 25000
18 48 106 25000
18 49 127 25000
18 50 132 25000
18 51 136 25000
19 20 141 25000
19 21 125 25000
19 22 106 25000
19 23 117 25000
19 24 118 25000
19 25 110 25000
19 26 125 25000
19 27 117 25000
19 28 125 25000
19 29 131 25000
19 30 121 25000
19 31 103 25000
19 32 99 25000
19 33 119 25000
19 34 121 25000
19 35 104 25000
19 36 111 25000
19 37 114 25000
19 38 109 25000
19 39 105 25000
19 40 116 25000
19 41 121 25000
19 42 121 25000
19 43 113 25000
19 44 116 25000
19 45 119 25000
19 46 136 25000
19 47 112 25000
19 48 117 25000
19 49 113 25000
19 50 115 25000
19 51 115 25000
20 21 128 25000
20 22 115 25000
20 23 119 25000
20 24 129 25000
20 25 102 25000
20 26 127 25000
20 27 116 25000
20 28 137 25000
20 29 98 25000
20 30 122 25000
20 31 123 25000
20 32 119 25000
20 33 121 25000
20 34 124 25000
20 35 120 25000
20 36 125 25000
20 37 120 25000
20 38 105 25000
20 39 117 25000
20 40 109 25000
20 41 127 25000
20 42 127 25000
20 43 111 25000
20 44 131 25000
20 45 113 25000
20 46 135 25000
20 47 111 25000
20 48 108 25000
20 49 121 25000
20 50 109 25000
20 51 115 25000
21 22 131 25000
21 23 132 25000
21 24 111 25000
21 25 117 25000
21 26 123 25000
21 27 140 25000
21 28 115 25000
21 29 119 25000
21 30 111 25000
21 31 102 25000
21 32 104 25000
21 33 115 25000
21 34 99 25000
21 35 115 25000
21 36 115 25000
21 37 112 25000
21 38 133 25000
21 39 126 25000
21 40 125 25000
21 41 127 25000
21 42 117 25000
21 43 112 25000
21 44 89 25000
21 45 113 25000
21 46 122 25000
21 47 109 25000
21 48 125 25000
21 49 113 25000
21 50 127 25000
21 51 116 25000
22 23 137 25000
22 24 132 25000
22 25 131 25000
22 26 130 25000
22 27 133 25000
22 28 129 25000
22 29 116 25000
22 30 122 25000
22 31 129 25000
22 32 123 25000
22 33 120 25000
22 34 101 25000
22 35 121 25000
22 36 116 25000
22 37 110 25000
22 38 121 25000
22 39 131 25000
22 40 126 25000
22 41 93 25000
22 42 93 25000
22 43 132 25000
22 44 116 25000
22 45 145 25000
22 46 115 25000
22 47 147 25000
22 48 122 25000
22 49 128 25000
22 50 115 25000
22 51 124 25000
23 24 123 25000
23 25 123 25000
23 26 121 25000
23 27 119 25000
23 28 104 25000
23 29 134 25000
23 30 115 25000
23 31 99 25000
23 32 117 25000
23 33 136 25000
23 34 122 25000
23 35 138 25000
23 36 115 25000
23 37 123 25000
23 38 117 25000
23 39 114 25000
23 40 120 25000
23 41 104 25000
23 42 125 25000
23 43 105 25000
23 44 119 25000
23 45 114 25000
23 46 114 25000
23 47 121 25000
23 48 110 25000
23 49 121 25000
23 50 122 25000
23 51 121 25000
24 25 148 25000
24 26 108 25000
24 27 126 25000
24 28 120 25000
24 29 132 25000
24 30 132 25000
24 31 118 25000
24 32 121 25000
24 33 116 25000
24 34 123 25000
24 35 115 25000
24 36 131 25000
24 37 117 25000
24 38 117 25000
24 39 123 25000
24 40 134 25000
24 41 145 25000
24 42 116 25000
24 43 94 25000
24 44 130 25000
24 45 117 25000
24 46 144 25000
24 47 127 25000
24 48 109 25000
24 49 110 25000
24 50 111 25000
24 51 105 25000
25 26 110 25000
25 27 112 25000
25 28 121 25000
25 29 135 25000
25 30 135 25000
25 31 129 25000
25 32 122 25000
25 33 127 25000
25 34 121 25000
25 35 115 25000
25 36 115 25000
25 37 121 25000
25 38 124 25000
25 39 108 25000
25 40 102 25000
25 41 132 25000
25 42 109 25000
25 43 111 25000
25 44 117 25000
25 45 113 25000
25 46 124 25000
25 47 107 25000
25 48 129 25000
25 49 123 25000
25 50 122 25000
25 51 108 25000
26 27 127 25000
26 28 121 25000
26 29 126 25000
26 30 112 25000
26 31 123 25000
26 32 113 25000
26 33 114 25000
26 34 120 25000
26 35 156 25000
26 36 121 25000
26 37 135 25000
26 38 126 25000
26 39 122 25000
26 40 126 25000
26 41 130 25000
26 42 108 25000
26 43 120 25000
26 44 114 25000
26 45 135 25000
26 46 94 25000
26 47 127 25000
26 48 130 25000
26 49 127 25000
26 50 114 25000
26 51 114 25000
27 28 124 25000
27 29 135 25000
27 30 110 25000
27 31 122 25000
27 32 110 25000
27 33 126 25000
27 34 112 25000
27 35 133 25000
27 36 127 25000
27 37 109 25000
27 38 129 25000
27 39 127 25000
27 40 118 25000
27 41 118 25000
27 42 119 25000
27 43 120 25000
27 44 125 25000
27 45 108 25000
27 46 121 25000
27 47 125 25000
27 48 99 25000
27 49 128 25000
27 50 90 25000
27 51 109 25000
28 29 116 25000
28 30 128 25000
28 31 108 25000
28 32 124 25000
28 33 126 25000
28 34 135 25000
28 35 105 25000
28 36 110 25000
28 37 128 25000
28 38 122 25000
28 39 112 25000
28 40 112 25000
28 41 128 25000
28 42 132 25000
28 43 105 25000
28 44 118 25000
28 45 125 25000
28 46 120 25000
28 47 121 25000
28 48 140 25000
28 49 105 25000
28 50 111 25000
28 51 119 25000
29 30 124 25000
29 31 136 25000
29 32 102 25000
29 33 127 25000
29 34 103 25000
29 35 101 25000
29 36 127 25000
29 37 135 25000
29 38 122 25000
29 39 107 25000
29 40 126 25000
29 41 123 25000
29 42 130 25000
29 43 114 25000
29 44 114 25000
29 45 118 25000
29 46 129 25000
29 47 129 25000
29 48 113 25000
29 49 124 25000
29 50 114 25000
29 51 131 25000
30 31 144 25000
30 32 115 25000
30 33 127 25000
30 34 121 25000
30 35 126 25000
30 36 116 25000
30 37 110 25000
30 38 120 25000
30 39 127 25000
30 40 124 25000
30 41 124 25000
30 42 121 25000
30 43 128 25000
30 44 125 25000
30 45 123 25000
30 46 128 25000
30 47 121 25000
30 48 122 25000
30 49 120 25000
30 50 112 25000
30 51 146 25000
31 32 99 25000
31 33 119 25000
31 34 123 25000
31 35 131 25000
31 36 110 25000
31 37 134 25000
31 38 135 25000
31 39 120 25000
31 40 127 25000
31 41 122 25000
31 42 123 25000
31 43 117 25000
31 44 104 25000
31 45 97 25000
31 46 113 25000
31 47 114 25000
31 48 118 25000
31 49 125 25000
31 50 124 25000
31 51 116 25000
32 33 120 25000
32 34 119 25000
32 35 126 25000
32 36 124 25000
32 37 125 25000
32 38 112 25000
32 39 109 25000
32 40 114 25000
32 41 120 25000
32 42 112 25000
32 43 124 25000
32 44 108 25000
32 45 135 25000
32 46 117 25000
32 47 133 25000
32 48 96 25000
32 49 102 25000
32 50 119 25000
32 51 107 25000
33 34 144 25000
33 35 123 25000
33 36 144 25000
33 37 100 25000
33 38 129 25000
33 39 123 25000
33 40 144 25000
33 41 131 25000
33 42 121 25000
33 43 137 25000
33 44 125 25000
33 45 120 25000
33 46 104 25000
33 47 106 25000
33 48 153 25000
33 49 133 25000
33 50 126 25000
33 51 118 25000
34 35 110 25000
34 36 102 25000
34 37 126 25000
34 38 122 25000
34 39 112 25000
34 40 114 25000
34 41 128 25000
34 42 102 25000
34 43 114 25000
34 44 105 25000
34 45 112 25000
34 46 96 25000
34 47 130 25000
34 48 116 25000
34 49 113 25000
34 50 129 25000
34 51 137 25000
35 36 118 25000
35 37 131 25000
35 38 133 25000
35 39 117 25000
35 40 129 25000
35 41 110 25000
35 42 113 25000
35 43 129 25000
35 44 111 25000
35 45 118 25000
35 46 126 25000
35 47 114 25000
35 48 118 25000
35 49 115 25000
35 50 132 25000
35 51 107 25000
36 37 129 25000
36 38 125 25000
36 39 124 25000
36 40 131 25000
36 41 115 25000
36 42 118 25000
36 43 125 25000
36 44 116 25000
36 45 139 25000
36 46 119 25000
36 47 117 25000
36 48 133 25000
36 49 112 25000
36 50 147 25000
36 51 135 25000
37 38 134 25000
37 39 111 25000
37 40 122 25000
37 41 126 25000
37 42 117 25000
37 43 118 25000
37 44 117 25000
37 45 116 25000
37 46 119 25000
37 47 119 25000
37 48 128 25000
37 49 119 25000
37 50 127 25000
37 51 120 25000
38 39 113 25000
38 40 114 25000
38 41 124 25000
38 42 112 25000
38 43 115 25000
38 44 96 25000
38 45 119 25000
38 46 124 25000
38 47 114 25000
38 48 128 25000
38 49 106 25000
38 50 126 25000
38 51 114 25000
39 40 117 25000
39 41 129 25000
39 42 120 25000
39 43 105 25000
39 44 113 25000
39 45 129 25000
39 46 118 25000
39 47 111 25000
39 48 124 25000
39 49 107 25000
39 50 124 25000
39 51 123 25000
40 41 124 25000
40 42 122 25000
40 43 126 25000
40 44 133 25000
40 45 117 25000
40 46 117 25000
40 47 127 25000
40 48 114 25000
40 49 107 25000
40 50 118 25000
40 51 119 25000
41 42 127 25000
41 43 127 25000
41 44 111 25000
41 45 114 25000
41 46 109 25000
41 47 108 25000
41 48 143 25000
41 49 137 25000
41 50 122 25000
41 51 127 25000
42 43 110 25000
42 44 122 25000
42 45 116 25000
42 46 116 25000
42 47 138 25000
42 48 123 25000
42 49 111 25000
42 50 119 25000
42 51 119 25000
43 44 109 25000
43 45 141 25000
43 46 133 25000
43 47 126 25000
43 48 119 25000
43 49 109 25000
43 50 129 25000
43 51 113 25000
44 45 124 25000
44 46 104 25000
44 47 115 25000
44 48 152 25000
44 49 126 25000
44 50 107 25000
44 51 126 25000
45 46 124 25000
45 47 110 25000
45 48 137 25000
45 49 135 25000
45 50 128 25000
45 51 120 25000
46 47 135 25000
46 48 125 25000
46 49 127 25000
46 50 119 25000
46 51 129 25000
47 48 122 25000
47 49 137 25000
47 50 113 25000
47 51 141 25000
48 49 111 25000
48 50 121 25000
48 51 139 25000
49 50 119 25000
49 51 128 25000
50 51 122 25000
