0 1 125 25000
0 2 157 25000
0 3 136 25000
0 4 119 25000
0 5 128 25000
0 6 141 25000
0 7 120 25000
0 8 138 25000
0 9 144 25000
0 10 138 25000
0 11 137 25000
0 12 171 25000
0 13 121 25000
0 14 123 25000
0 15 126 25000
0 16 115 25000
0 17 112 25000
0 18 116 25000
0 19 113 25000
0 20 127 25000
0 21 146 25000
0 22 130 25000
0 23 131 25000
0 24 133 25000
0 25 130 25000
0 26 132 25000
0 27 122 25000
0 28 128 25000
0 29 130 25000
0 30 112 25000
0 31 138 25000
0 32 148 25000
0 33 130 25000
0 34 143 25000
0 35 144 25000
0 36 139 25000
0 37 106 25000
0 38 131 25000
0 39 123 25000
0 40 120 25000
0 41 131 25000
0 42 149 25000
0 43 116 25000
0 44 128 25000
0 45 156 25000
0 46 150 25000
0 47 137 25000
0 48 129 25000
0 49 114 25000
0 50 151 25000
0 51 135 25000
1 2 143 25000
1 3 116 25000
1 4 128 25000
1 5 118 25000
1 6 110 25000
1 7 138 25000
1 8 113 25000
1 9 119 25000
1 10 134 25000
1 11 146 25000
1 12 149 25000
1 13 120 25000
1 14 120 25000
1 15 136 25000
1 16 138 25000
1 17 126 25000
1 18 125 25000
1 19 136 25000
1 20 135 25000
1 21 106 25000
1 22 111 25000
1 23 131 25000
1 24 122 25000
1 25 130 25000
1 26 118 25000
1 27 130 25000
1 28 120 25000
1 29 127 25000
1 30 125 25000
1 31 157 25000
1 32 124 25000
1 33 116 25000
1 34 118 25000
1 35 122 25000
1 36 121 25000
1 37 141 25000
1 38 129 25000
1 39 137 25000
1 40 141 25000
1 41 140 25000
1 42 134 25000
1 43 140 25000
1 44 120 25000
1 45 135 25000
1 46 137 25000
1 47 137 25000
1 48 153 25000
1 49 148 25000
1 50 132 25000
1 51 130 25000
2 3 132 25000
2 4 117 25000
2 5 127 25000
2 6 111 25000
2 7 137 25000
2 8 133 25000
2 9 122 25000
2 10 115 25000
2 11 131 25000
2 12 131 25000
2 13 122 25000
2 14 132 25000
2 15 114 25000
2 16 121 25000
2 17 144 25000
2 18 132 25000
2 19 110 25000
2 20 113 25000
2 21 103 25000
2 22 140 25000
2 23 129 25000
2 24 125 25000
2 25 127 25000
2 26 111 25000
2 27 119 25000
2 28 123 25000
2 29 129 25000
2 30 127 25000
2 31 145 25000
2 32 116 25000
2 33 120 25000
2 34 126 25000
2 35 102 25000
2 36 120 25000
2 37 129 25000
2 38 113 25000
2 39 114 25000
2 40 138 25000
2 41 111 25000
2 42 124 25000
2 43 129 25000
2 44 112 25000
2 45 127 25000
2 46 121 25000
2 47 124 25000
2 48 146 25000
2 49 138 25000
2 50 146 25000
2 51 127 25000
3 4 136 25000
3 5 138 25000
3 6 137 25000
3 7 108 25000
3 8 152 25000
3 9 119 25000
3 10 142 25000
3 11 121 25000
3 12 148 25000
3 13 139 25000
3 14 125 25000
3 15 124 25000
3 16 136 25000
3 17 132 25000
3 18 130 25000
3 19 127 25000
3 20 138 25000
3 21 138 25000
3 22 124 25000
3 23 128 25000
3 24 137 25000
3 25 145 25000
3 26 122 25000
3 27 118 25000
3 28 120 25000
3 29 111 25000
3 30 134 25000
3 31 121 25000
3 32 126 25000
3 33 127 25000
3 34 115 25000
3 35 129 25000
3 36 130 25000
3 37 109 25000
3 38 118 25000
3 39 123 25000
3 40 139 25000
3 41 113 25000
3 42 114 25000
3 43 127 25000
3 44 110 25000
3 45 127 25000
3 46 122 25000
3 47 133 25000
3 48 134 25000
3 49 124 25000
3 50 117 25000
3 51 142 25000
4 5 137 25000
4 6 146 25000
4 7 132 25000
4 8 139 25000
4 9 133 25000
4 10 136 25000
4 11 119 25000
4 12 145 25000
4 13 110 25000
4 14 125 25000
4 15 138 25000
4 16 119 25000
4 17 118 25000
4 18 135 25000
4 19 111 25000
4 20 129 25000
4 21 114 25000
4 22 139 25000
4 23 135 25000
4 24 119 25000
4 25 123 25000
4 26 127 25000
4 27 102 25000
4 28 132 25000
4 29 133 25000
4 30 109 25000
4 31 127 25000
4 32 149 25000
4 33 111 25000
4 34 139 25000
4 35 120 25000
4 36 116 25000
4 37 120 25000
4 38 118 25000
4 39 141 25000
4 40 116 25000
4 41 136 25000
4 42 130 25000
4 43 110 25000
4 44 129 25000
4 45 134 25000
4 46 135 25000
4 47 133 25000
4 48 117 25000
4 49 124 25000
4 50 137 25000
4 51 99 25000
5 6 159 25000
5 7 136 25000
5 8 116 25000
5 9 128 25000
5 10 128 25000
5 11 125 25000
5 12 144 25000
5 13 121 25000
5 14 107 25000
5 15 124 25000
5 16 119 25000
5 17 128 25000
5 18 138 25000
5 19 135 25000
5 20 132 25000
5 21 114 25000
5 22 115 25000
5 23 138 25000
5 24 128 25000
5 25 119 25000
5 26 128 25000
5 27 111 25000
5 28 109 25000
5 29 116 25000
5 30 122 25000
5 31 124 25000
5 32 132 25000
5 33 125 25000
5 34 115 25000
5 35 117 25000
5 36 128 25000
5 37 123 25000
5 38 127 25000
5 39 138 25000
5 40 124 25000
5 41 118 25000
5 42 122 25000
5 43 123 25000
5 44 129 25000
5 45 135 25000
5 46 132 25000
5 47 130 25000
5 48 129 25000
5 49 116 25000
5 50 145 25000
5 51 114 25000
6 7 135 25000
6 8 135 25000
6 9 125 25000
6 10 122 25000
6 11 123 25000
6 12 129 25000
6 13 134 25000
6 14 115 25000
6 15 137 25000
6 16 120 25000
6 17 136 25000
6 18 132 25000
6 19 121 25000
6 20 135 25000
6 21 110 25000
6 22 136 25000
6 23 131 25000
6 24 107 25000
6 25 139 25000
6 26 110 25000
6 27 109 25000
6 28 129 25000
6 29 129 25000
6 30 115 25000
6 31 131 25000
6 32 118 25000
6 33 122 25000
6 34 115 25000
6 35 107 25000
6 36 135 25000
6 37 119 25000
6 38 153 25000
6 39 128 25000
6 40 116 25000
6 41 127 25000
6 42 124 25000
6 43 117 25000
6 44 142 25000
6 45 131 25000
6 46 131 25000
6 47 124 25000
6 48 112 25000
6 49 116 25000
6 50 123 25000
6 51 113 25000
7 8 142 25000
7 9 118 25000
7 10 146 25000
7 11 134 25000
7 12 161 25000
7 13 118 25000
7 14 124 25000
7 15 121 25000
7 16 133 25000
7 17 125 25000
7 18 113 25000
7 19 121 25000
7 20 125 25000
7 21 118 25000
7 22 125 25000
7 23 114 25000
7 24 144 25000
7 25 120 25000
7 26 129 25000
7 27 129 25000
7 28 126 25000
7 29 117 25000
7 30 123 25000
7 31 127 25000
7 32 112 25000
7 33 111 25000
7 34 145 25000
7 35 115 25000
7 36 132 25000
7 37 124 25000
7 38 124 25000
7 39 134 25000
7 40 145 25000
7 41 125 25000
7 42 115 25000
7 43 110 25000
7 44 148 25000
7 45 138 25000
7 46 129 25000
7 47 118 25000
7 48 141 25000
7 49 140 25000
7 50 141 25000
7 51 125 25000
8 9 131 25000
8 10 131 25000
8 11 148 25000
8 12 137 25000
8 13 134 25000
8 14 130 25000
8 15 113 25000
8 16 126 25000
8 17 120 25000
8 18 126 25000
8 19 112 25000
8 20 128 25000
8 21 128 25000
8 22 140 25000
8 23 144 25000
8 24 122 25000
8 25 133 25000
8 26 121 25000
8 27 155 25000
8 28 123 25000
8 29 123 25000
8 30 115 25000
8 31 138 25000
8 32 146 25000
8 33 139 25000
8 34 117 25000
8 35 133 25000
8 36 124 25000
8 37 147 25000
8 38 119 25000
8 39 126 25000
8 40 127 25000
8 41 140 25000
8 42 125 25000
8 43 125 25000
8 44 130 25000
8 45 157 25000
8 46 135 25000
8 47 100 25000
8 48 128 25000
8 49 149 25000
8 50 114 25000
8 51 126 25000
9 10 132 25000
9 11 124 25000
9 12 156 25000
9 13 125 25000
9 14 115 25000
9 15 123 25000
9 16 133 25000
9 17 103 25000
9 18 120 25000
9 19 116 25000
9 20 112 25000
9 21 109 25000
9 22 123 25000
9 23 120 25000
9 24 138 25000
9 25 120 25000
9 26 117 25000
9 27 105 25000
9 28 98 25000
9 29 114 25000
9 30 125 25000
9 31 125 25000
9 32 127 25000
9 33 117 25000
9 34 132 25000
9 35 131 25000
9 36 111 25000
9 37 135 25000
9 38 120 25000
9 39 122 25000
9 40 124 25000
9 41 125 25000
9 42 122 25000
9 43 129 25000
9 44 122 25000
9 45 108 25000
9 46 109 25000
9 47 118 25000
9 48 104 25000
9 49 116 25000
9 50 113 25000
9 51 134 25000
10 11 138 25000
10 12 151 25000
10 13 117 25000
10 14 109 25000
10 15 136 25000
10 16 122 25000
10 17 117 25000
10 18 131 25000
10 19 118 25000
10 20 139 25000
10 21 142 25000
10 22 130 25000
10 23 106 25000
10 24 125 25000
10 25 135 25000
10 26 124 25000
10 27 122 25000
10 28 107 25000
10 29 145 25000
10 30 123 25000
10 31 138 25000
10 32 129 25000
10 33 130 25000
10 34 105 25000
10 35 113 25000
10 36 126 25000
10 37 126 25000
10 38 122 25000
10 39 120 25000
10 40 125 25000
10 41 138 25000
10 42 150 25000
10 43 116 25000
10 44 125 25000
10 45 133 25000
10 46 125 25000
10 47 108 25000
10 48 121 25000
10 49 124 25000
10 50 132 25000
10 51 115 25000
11 12 153 25000
11 13 106 25000
11 14 114 25000
11 15 129 25000
11 16 120 25000
11 17 127 25000
11 18 145 25000
11 19 112 25000
11 20 135 25000
11 21 124 25000
11 22 142 25000
11 23 115 25000
11 24 119 25000
11 25 145 25000
11 26 120 25000
11 27 119 25000
11 28 90 25000
11 29 149 25000
11 30 140 25000
11 31 122 25000
11 32 135 25000
11 33 95 25000
11 34 137 25000
11 35 104 25000
11 36 112 25000
11 37 133 25000
11 38 126 25000
11 39 104 25000
11 40 139 25000
11 41 138 25000
11 42 141 25000
11 43 125 25000
11 44 117 25000
11 45 124 25000
11 46 139 25000
11 47 142 25000
11 48 120 25000
11 49 135 25000
11 50 122 25000
11 51 114 25000
12 13 146 25000
12 14 155 25000
12 15 154 25000
12 16 134 25000
12 17 152 25000
12 18 154 25000
12 19 140 25000
12 20 137 25000
12 21 144 25000
12 22 163 25000
12 23 136 25000
12 24 138 25000
12 25 147 25000
12 26 142 25000
12 27 139 25000
12 28 134 25000
12 29 152 25000
12 30 137 25000
12 31 143 25000
12 32 124 25000
12 33 139 25000
12 34 137 25000
12 35 144 25000
12 36 152 25000
12 37 149 25000
12 38 133 25000
12 39 152 25000
12 40 138 25000
12 41 156 25000
12 42 127 25000
12 43 142 25000
12 44 149 25000
12 45 144 25000
12 46 135 25000
12 47 147 25000
12 48 149 25000
12 49 134 25000
12 50 147 25000
12 51 129 25000
13 14 107 25000
13 15 127 25000
13 16 130 25000
13 17 123 25000
13 18 123 25000
13 19 126 25000
13 20 134 25000
13 21 126 25000
13 22 134 25000
13 23 149 25000
13 24 131 25000
13 25 128 25000
13 26 118 25000
13 27 111 25000
13 28 118 25000
13 29 134 25000
13 30 122 25000
13 31 127 25000
13 32 117 25000
13 33 129 25000
13 34 119 25000
13 35 122 25000
13 36 134 25000
13 37 129 25000
13 38 90 25000
13 39 124 25000
13 40 139 25000
13 41 131 25000
13 42 119 25000
13 43 123 25000
13 44 125 25000
13 45 123 25000
13 46 138 25000
13 47 124 25000
13 48 127 25000
13 49 116 25000
13 50 110 25000
13 51 108 25000
14 15 133 25000
14 16 103 25000
14 17 134 25000
14 18 127 25000
14 19 115 25000
14 20 117 25000
14 21 120 25000
14 22 131 25000
14 23 126 25000
14 24 127 25000
14 25 153 25000
14 26 126 25000
14 27 124 25000
14 28 111 25000
14 29 112 25000
14 30 123 25000
14 31 123 25000
14 32 130 25000
14 33 121 25000
14 34 135 25000
14 35 118 25000
14 36 102 25000
14 37 118 25000
14 38 115 25000
14 39 119 25000
14 40 132 25000
14 41 118 25000
14 42 121 25000
14 43 98 25000
14 44 133 25000
14 45 117 25000
14 46 131 25000
14 47 133 25000
14 48 116 25000
14 49 133 25000
14 50 109 25000
14 51 120 25000
15 16 129 25000
15 17 142 25000
15 18 110 25000
15 19 134 25000
15 20 133 25000
15 21 132 25000
15 22 126 25000
15 23 144 25000
15 24 129 25000
15 25 132 25000
15 26 114 25000
15 27 129 25000
15 28 119 25000
15 29 117 25000
15 30 133 25000
15 31 113 25000
15 32 114 25000
15 33 120 25000
15 34 156 25000
15 35 122 25000
15 36 129 25000
15 37 131 25000
15 38 139 25000
15 39 111 25000
15 40 124 25000
15 41 136 25000
15 42 123 25000
15 43 110 25000
15 44 127 25000
15 45 121 25000
15 46 105 25000
15 47 127 25000
15 48 102 25000
15 49 118 25000
15 50 128 25000
15 51 117 25000
16 17 126 25000
16 18 124 25000
16 19 134 25000
16 20 128 25000
16 21 113 25000
16 22 129 25000
16 23 134 25000
16 24 139 25000
16 25 144 25000
16 26 126 25000
16 27 119 25000
16 28 140 25000
16 29 117 25000
16 30 113 25000
16 31 123 25000
16 32 128 25000
16 33 130 25000
16 34 115 25000
16 35 147 25000
16 36 120 25000
16 37 124 25000
16 38 114 25000
16 39 133 25000
16 40 143 25000
16 41 126 25000
16 42 113 25000
16 43 104 25000
16 44 121 25000
16 45 128 25000
16 46 120 25000
16 47 111 25000
16 48 107 25000
16 49 109 25000
16 50 117 25000
16 51 131 25000
17 18 122 25000
17 19 126 25000
17 20 126 25000
17 21 121 25000
17 22 111 25000
17 23 130 25000
17 24 139 25000
17 25 129 25000
17 26 132 25000
17 27 133 25000
17 28 114 25000
17 29 115 25000
17 30 125 25000
17 31 116 25000
17 32 107 25000
17 33 140 25000
17 34 123 25000
17 35 115 25000
17 36 136 25000
17 37 139 25000
17 38 133 25000
17 39 115 25000
17 40 122 25000
17 41 130 25000
17 42 131 25000
17 43 121 25000
17 44 113 25000
17 45 126 25000
17 46 122 25000
17 47 109 25000
17 48 121 25000
17 49 105 25000
17 50 112 25000
17 51 145 25000
18 19 131 25000
18 20 129 25000
18 21 137 25000
18 22 136 25000
18 23 139 25000
18 24 131 25000
18 25 139 25000
18 26 141 25000
18 27 134 25000
18 28 120 25000
18 29 107 25000
18 30 140 25000
18 31 112 25000
18 32 131 25000
18 33 117 25000
18 34 121 25000
18 35 115 25000
18 36 125 25000
18 37 148 25000
18 38 125 25000
18 39 117 25000
18 40 133 25000
18 41 127 25000
18 42 129 25000
18 43 133 25000
18 44 106 25000
18 45 120 25000
18 46 128 25000
18 47 146 25000
18 48 125 25000
18 49 126 25000
18 50 122 25000
18 51 131 25000
19 20 123 25000
19 21 133 25000
19 22 141 25000
19 23 132 25000
19 24 119 25000
19 25 116 25000
19 26 112 25000
19 27 115 25000
19 28 111 25000
19 29 114 25000
19 30 123 25000
19 31 125 25000
19 32 113 25000
19 33 120 25000
19 34 130 25000
19 35 132 25000
19 36 129 25000
19 37 114 25000
19 38 99 25000
19 39 121 25000
19 40 116 25000
19 41 137 25000
19 42 113 25000
19 43 110 25000
19 44 115 25000
19 45 129 25000
19 46 129 25000
19 47 118 25000
19 48 143 25000
19 49 129 25000
19 50 120 25000
19 51 130 25000
20 21 140 25000
20 22 110 25000
20 23 134 25000
20 24 136 25000
20 25 143 25000
20 26 124 25000
20 27 134 25000
20 28 129 25000
20 29 135 25000
20 30 128 25000
20 31 122 25000
20 32 126 25000
20 33 106 25000
20 34 141 25000
20 35 127 25000
20 36 129 25000
20 37 129 25000
20 38 112 25000
20 39 136 25000
20 40 122 25000
20 41 120 25000
20 42 134 25000
20 43 122 25000
20 44 140 25000
20 45 129 25000
20 46 121 25000
20 47 123 25000
20 48 126 25000
20 49 113 25000
20 50 131 25000
20 51 115 25000
21 22 129 25000
21 23 126 25000
21 24 142 25000
21 25 117 25000
21 26 127 25000
21 27 138 25000
21 28 108 25000
21 29 131 25000
21 30 118 25000
21 31 118 25000
21 32 118 25000
21 33 113 25000
21 34 116 25000
21 35 121 25000
21 36 105 25000
21 37 138 25000
21 38 108 25000
21 39 116 25000
21 40 137 25000
21 41 132 25000
21 42 126 25000
21 43 122 25000
21 44 108 25000
21 45 127 25000
21 46 123 25000
21 47 133 25000
21 48 120 25000
21 49 107 25000
21 50 142 25000
21 51 142 25000
22 23 145 25000
22 24 133 25000
22 25 149 25000
22 26 105 25000
22 27 128 25000
22 28 122 25000
22 29 123 25000
22 30 126 25000
22 31 132 25000
22 32 133 25000
22 33 142 25000
22 34 119 25000
22 35 154 25000
22 36 124 25000
22 37 140 25000
22 38 125 25000
22 39 119 25000
22 40 141 25000
22 41 103 25000
22 42 119 25000
22 43 127 25000
22 44 133 25000
22 45 115 25000
22 46 112 25000
22 47 142 25000
22 48 116 25000
22 49 137 25000
22 50 134 25000
22 51 119 25000
23 24 170 25000
23 25 123 25000
23 26 138 25000
23 27 120 25000
23 28 111 25000
23 29 112 25000
23 30 133 25000
23 31 123 25000
23 32 127 25000
23 33 138 25000
23 34 105 25000
23 35 131 25000
23 36 112 25000
23 37 113 25000
23 38 123 25000
23 39 135 25000
23 40 127 25000
23 41 141 25000
23 42 135 25000
23 43 124 25000
23 44 127 25000
23 45 135 25000
23 46 135 25000
23 47 128 25000
23 48 126 25000
23 49 117 25000
23 50 118 25000
23 51 132 25000
24 25 141 25000
24 26 137 25000
24 27 124 25000
24 28 119 25000
24 29 123 25000
24 30 115 25000
24 31 136 25000
24 32 138 25000
24 33 113 25000
24 34 141 25000
24 35 124 25000
24 36 128 25000
24 37 131 25000
24 38 129 25000
24 39 110 25000
24 40 108 25000
24 41 129 25000
24 42 126 25000
24 43 124 25000
24 44 139 25000
24 45 108 25000
24 46 129 25000
24 47 125 25000
24 48 121 25000
24 49 131 25000
24 50 127 25000
24 51 131 25000
25 26 128 25000
25 27 115 25000
25 28 127 25000
25 29 141 25000
25 30 122 25000
25 31 132 25000
25 32 126 25000
25 33 120 25000
25 34 122 25000
25 35 145 25000
25 36 124 25000
25 37 116 25000
25 38 121 25000
25 39 101 25000
25 40 128 25000
25 41 114 25000
25 42 113 25000
25 43 123 25000
25 44 134 25000
25 45 143 25000
25 46 139 25000
25 47 144 25000
25 48 138 25000
25 49 121 25000
25 50 131 25000
25 51 115 25000
26 27 134 25000
26 28 133 25000
26 29 140 25000
26 30 107 25000
26 31 138 25000
26 32 123 25000
26 33 141 25000
26 34 138 25000
26 35 119 25000
26 36 127 25000
26 37 125 25000
26 38 135 25000
26 39 119 25000
26 40 103 25000
26 41 122 25000
26 42 141 25000
26 43 132 25000
26 44 129 25000
26 45 124 25000
26 46 116 25000
26 47 145 25000
26 48 132 25000
26 49 103 25000
26 50 117 25000
26 51 110 25000
27 28 116 25000
27 29 122 25000
27 30 109 25000
27 31 117 25000
27 32 138 25000
27 33 140 25000
27 34 120 25000
27 35 107 25000
27 36 141 25000
27 37 119 25000
27 38 115 25000
27 39 131 25000
27 40 125 25000
27 41 116 25000
27 42 116 25000
27 43 116 25000
27 44 129 25000
27 45 125 25000
27 46 130 25000
27 47 123 25000
27 48 137 25000
27 49 111 25000
27 50 145 25000
27 51 125 25000
28 29 130 25000
28 30 114 25000
28 31 145 25000
28 32 131 25000
28 33 125 25000
28 34 130 25000
28 35 123 25000
28 36 104 25000
28 37 113 25000
28 38 116 25000
28 39 118 25000
28 40 118 25000
28 41 117 25000
28 42 125 25000
28 43 119 25000
28 44 132 25000
28 45 112 25000
28 46 144 25000
28 47 94 25000
28 48 95 25000
28 49 121 25000
28 50 117 25000
28 51 111 25000
29 30 150 25000
29 31 166 25000
29 32 131 25000
29 33 137 25000
29 34 109 25000
29 35 133 25000
29 36 133 25000
29 37 130 25000
29 38 120 25000
29 39 127 25000
29 40 136 25000
29 41 124 25000
29 42 115 25000
29 43 121 25000
29 44 127 25000
29 45 131 25000
29 46 120 25000
29 47 133 25000
29 48 136 25000
29 49 122 25000
29 50 117 25000
29 51 125 25000
30 31 156 25000
30 32 126 25000
30 33 142 25000
30 34 129 25000
30 35 104 25000
30 36 116 25000
30 37 113 25000
30 38 129 25000
30 39 127 25000
30 40 135 25000
30 41 114 25000
30 42 125 25000
30 43 122 25000
30 44 128 25000
30 45 107 25000
30 46 112 25000
30 47 109 25000
30 48 113 25000
30 49 125 25000
30 50 127 25000
30 51 127 25000
31 32 148 25000
31 33 118 25000
31 34 142 25000
31 35 114 25000
31 36 137 25000
31 37 120 25000
31 38 146 25000
31 39 116 25000
31 40 122 25000
31 41 117 25000
31 42 130 25000
31 43 129 25000
31 44 133 25000
31 45 101 25000
31 46 125 25000
31 47 123 25000
31 48 125 25000
31 49 129 25000
31 50 130 25000
31 51 91 25000
32 33 135 25000
32 34 129 25000
32 35 121 25000
32 36 129 25000
32 37 136 25000
32 38 113 25000
32 39 115 25000
32 40 141 25000
32 41 109 25000
32 42 117 25000
32 43 140 25000
32 44 124 25000
32 45 125 25000
32 46 131 25000
32 47 147 25000
32 48 120 25000
32 49 125 25000
32 50 127 25000
32 51 131 25000
33 34 135 25000
33 35 126 25000
33 36 131 25000
33 37 115 25000
33 38 133 25000
33 39 119 25000
33 40 128 25000
33 41 122 25000
33 42 129 25000
33 43 116 25000
33 44 122 25000
33 45 111 25000
33 46 110 25000
33 47 125 25000
33 48 122 25000
33 49 129 25000
33 50 119 25000
33 51 116 25000
34 35 158 25000
34 36 144 25000
34 37 133 25000
34 38 118 25000
34 39 115 25000
34 40 118 25000
34 41 129 25000
34 42 129 25000
34 43 157 25000
34 44 130 25000
34 45 148 25000
34 46 131 25000
34 47 126 25000
34 48 102 25000
34 49 127 25000
34 50 134 25000
34 51 127 25000
35 36 123 25000
35 37 123 25000
35 38 131 25000
35 39 139 25000
35 40 131 25000
35 41 101 25000
35 42 130 25000
35 43 131 25000
35 44 126 25000
35 45 118 25000
35 46 140 25000
35 47 104 25000
35 48 110 25000
35 49 124 25000
35 50 115 25000
35 51 153 25000
36 37 119 25000
36 38 145 25000
36 39 125 25000
36 40 135 25000
36 41 130 25000
36 42 139 25000
36 43 120 25000
36 44 131 25000
36 45 125 25000
36 46 120 25000
36 47 131 25000
36 48 135 25000
36 49 103 25000
36 50 121 25000
36 51 120 25000
37 38 146 25000
37 39 119 25000
37 40 116 25000
37 41 115 25000
37 42 155 25000
37 43 120 25000
37 44 137 25000
37 45 151 25000
37 46 136 25000
37 47 136 25000
37 48 138 25000
37 49 132 25000
37 50 135 25000
37 51 121 25000
38 39 123 25000
38 40 128 25000
38 41 130 25000
38 42 128 25000
38 43 124 25000
38 44 140 25000
38 45 125 25000
38 46 108 25000
38 47 99 25000
38 48 130 25000
38 49 120 25000
38 50 146 25000
38 51 106 25000
39 40 125 25000
39 41 117 25000
39 42 120 25000
39 43 120 25000
39 44 126 25000
39 45 120 25000
39 46 115 25000
39 47 126 25000
39 48 132 25000
39 49 146 25000
39 50 145 25000
39 51 125 25000
40 41 137 25000
40 42 136 25000
40 43 123 25000
40 44 130 25000
40 45 141 25000
40 46 122 25000
40 47 129 25000
40 48 138 25000
40 49 132 25000
40 50 124 25000
40 51 113 25000
41 42 126 25000
41 43 146 25000
41 44 148 25000
41 45 128 25000
41 46 122 25000
41 47 127 25000
41 48 121 25000
41 49 122 25000
41 50 124 25000
41 51 135 25000
42 43 141 25000
42 44 160 25000
42 45 113 25000
42 46 132 25000
42 47 117 25000
42 48 127 25000
42 49 142 25000
42 50 137 25000
42 51 124 25000
43 44 136 25000
43 45 139 25000
43 46 131 25000
43 47 135 25000
43 48 147 25000
43 49 135 25000
43 50 126 25000
43 51 122 25000
44 45 147 25000
44 46 126 25000
44 47 134 25000
44 48 143 25000
44 49 132 25000
44 50 129 25000
44 51 125 25000
45 46 165 25000
45 47 146 25000
45 48 149 25000
45 49 127 25000
45 50 149 25000
45 51 126 25000
46 47 177 25000
46 48 147 25000
46 49 125 25000
46 50 131 25000
46 51 130 25000
47 48 131 25000
47 49 136 25000
47 50 136 25000
47 51 124 25000
48 49 131 25000
48 50 137 25000
48 51 132 25000
49 50 138 25000
49 51 125 25000
50 51 128 25000
