0 1 191 25000
0 2 163 25000
0 3 140 25000
0 4 107 25000
0 5 101 25000
0 6 104 25000
0 7 98 25000
0 8 102 25000
0 9 99 25000
0 10 117 25000
0 11 171 25000
0 12 238 25000
0 13 259 25000
0 14 183 25000
0 15 164 25000
0 16 136 25000
0 17 117 25000
0 18 96 25000
0 19 94 25000
0 20 86 25000
0 21 96 25000
0 22 97 25000
0 23 128 25000
0 24 148 25000
0 25 216 25000
0 26 238 25000
0 27 200 25000
0 28 151 25000
0 29 132 25000
0 30 128 25000
0 31 107 25000
0 32 111 25000
0 33 94 25000
0 34 93 25000
0 35 115 25000
0 36 114 25000
0 37 138 25000
0 38 221 25000
0 39 247 25000
0 40 206 25000
0 41 148 25000
0 42 144 25000
0 43 128 25000
0 44 102 25000
0 45 81 25000
0 46 97 25000
0 47 102 25000
0 48 100 25000
0 49 105 25000
0 50 144 25000
0 51 183 25000
1 2 183 25000
1 3 146 25000
1 4 150 25000
1 5 115 25000
1 6 119 25000
1 7 99 25000
1 8 104 25000
1 9 101 25000
1 10 125 25000
1 11 133 25000
1 12 183 25000
1 13 203 25000
1 14 259 25000
1 15 197 25000
1 16 138 25000
1 17 113 25000
1 18 104 25000
1 19 121 25000
1 20 98 25000
1 21 97 25000
1 22 111 25000
1 23 96 25000
1 24 116 25000
1 25 158 25000
1 26 154 25000
1 27 275 25000
1 28 178 25000
1 29 133 25000
1 30 120 25000
1 31 100 25000
1 32 112 25000
1 33 95 25000
1 34 78 25000
1 35 100 25000
1 36 101 25000
1 37 118 25000
1 38 179 25000
1 39 178 25000
1 40 249 25000
1 41 178 25000
1 42 161 25000
1 43 138 25000
1 44 106 25000
1 45 79 25000
1 46 109 25000
1 47 89 25000
1 48 83 25000
1 49 118 25000
1 50 113 25000
1 51 156 25000
2 3 232 25000
2 4 162 25000
2 5 131 25000
2 6 115 25000
2 7 109 25000
2 8 100 25000
2 9 94 25000
2 10 93 25000
2 11 131 25000
2 12 165 25000
2 13 143 25000
2 14 186 25000
2 15 250 25000
2 16 169 25000
2 17 160 25000
2 18 128 25000
2 19 111 25000
2 20 92 25000
2 21 89 25000
2 22 84 25000
2 23 98 25000
2 24 110 25000
2 25 140 25000
2 26 130 25000
2 27 182 25000
2 28 248 25000
2 29 162 25000
2 30 147 25000
2 31 110 25000
2 32 116 25000
2 33 100 25000
2 34 110 25000
2 35 92 25000
2 36 100 25000
2 37 97 25000
2 38 125 25000
2 39 115 25000
2 40 174 25000
2 41 260 25000
2 42 188 25000
2 43 152 25000
2 44 139 25000
2 45 84 25000
2 46 99 25000
2 47 90 25000
2 48 90 25000
2 49 102 25000
2 50 105 25000
2 51 132 25000
3 4 214 25000
3 5 159 25000
3 6 96 25000
3 7 115 25000
3 8 97 25000
3 9 98 25000
3 10 104 25000
3 11 113 25000
3 12 127 25000
3 13 136 25000
3 14 134 25000
3 15 173 25000
3 16 263 25000
3 17 176 25000
3 18 146 25000
3 19 118 25000
3 20 96 25000
3 21 100 25000
3 22 99 25000
3 23 116 25000
3 24 92 25000
3 25 129 25000
3 26 118 25000
3 27 127 25000
3 28 157 25000
3 29 263 25000
3 30 176 25000
3 31 116 25000
3 32 114 25000
3 33 74 25000
3 34 80 25000
3 35 102 25000
3 36 81 25000
3 37 108 25000
3 38 103 25000
3 39 111 25000
3 40 134 25000
3 41 188 25000
3 42 249 25000
3 43 167 25000
3 44 127 25000
3 45 124 25000
3 46 112 25000
3 47 96 25000
3 48 89 25000
3 49 83 25000
3 50 101 25000
3 51 112 25000
4 5 215 25000
4 6 143 25000
4 7 136 25000
4 8 109 25000
4 9 96 25000
4 10 93 25000
4 11 108 25000
4 12 126 25000
4 13 105 25000
4 14 136 25000
4 15 144 25000
4 16 207 25000
4 17 288 25000
4 18 178 25000
4 19 133 25000
4 20 129 25000
4 21 96 25000
4 22 88 25000
4 23 89 25000
4 24 118 25000
4 25 110 25000
4 26 111 25000
4 27 113 25000
4 28 156 25000
4 29 179 25000
4 30 273 25000
4 31 171 25000
4 32 133 25000
4 33 99 25000
4 34 75 25000
4 35 103 25000
4 36 83 25000
4 37 86 25000
4 38 125 25000
4 39 98 25000
4 40 112 25000
4 41 143 25000
4 42 155 25000
4 43 278 25000
4 44 190 25000
4 45 121 25000
4 46 134 25000
4 47 83 25000
4 48 98 25000
4 49 90 25000
4 50 96 25000
4 51 104 25000
5 6 187 25000
5 7 153 25000
5 8 114 25000
5 9 95 25000
5 10 98 25000
5 11 108 25000
5 12 102 25000
5 13 104 25000
5 14 100 25000
5 15 139 25000
5 16 148 25000
5 17 190 25000
5 18 240 25000
5 19 153 25000
5 20 141 25000
5 21 104 25000
5 22 106 25000
5 23 99 25000
5 24 85 25000
5 25 102 25000
5 26 99 25000
5 27 91 25000
5 28 127 25000
5 29 146 25000
5 30 177 25000
5 31 267 25000
5 32 158 25000
5 33 147 25000
5 34 114 25000
5 35 104 25000
5 36 97 25000
5 37 88 25000
5 38 108 25000
5 39 108 25000
5 40 137 25000
5 41 118 25000
5 42 155 25000
5 43 190 25000
5 44 271 25000
5 45 158 25000
5 46 160 25000
5 47 107 25000
5 48 109 25000
5 49 102 25000
5 50 88 25000
5 51 109 25000
6 7 188 25000
6 8 154 25000
6 9 120 25000
6 10 100 25000
6 11 95 25000
6 12 120 25000
6 13 106 25000
6 14 113 25000
6 15 90 25000
6 16 115 25000
6 17 134 25000
6 18 178 25000
6 19 261 25000
6 20 160 25000
6 21 159 25000
6 22 99 25000
6 23 100 25000
6 24 104 25000
6 25 118 25000
6 26 105 25000
6 27 109 25000
6 28 112 25000
6 29 109 25000
6 30 119 25000
6 31 192 25000
6 32 242 25000
6 33 186 25000
6 34 136 25000
6 35 128 25000
6 36 97 25000
6 37 89 25000
6 38 90 25000
6 39 91 25000
6 40 100 25000
6 41 102 25000
6 42 137 25000
6 43 142 25000
6 44 182 25000
6 45 274 25000
6 46 180 25000
6 47 146 25000
6 48 119 25000
6 49 104 25000
6 50 94 25000
6 51 82 25000
7 8 189 25000
7 9 145 25000
7 10 126 25000
7 11 96 25000
7 12 117 25000
7 13 98 25000
7 14 101 25000
7 15 103 25000
7 16 101 25000
7 17 121 25000
7 18 123 25000
7 19 197 25000
7 20 279 25000
7 21 176 25000
7 22 149 25000
7 23 115 25000
7 24 106 25000
7 25 99 25000
7 26 103 25000
7 27 87 25000
7 28 105 25000
7 29 97 25000
7 30 108 25000
7 31 124 25000
7 32 171 25000
7 33 244 25000
7 34 172 25000
7 35 150 25000
7 36 117 25000
7 37 107 25000
7 38 95 25000
7 39 87 25000
7 40 92 25000
7 41 82 25000
7 42 86 25000
7 43 107 25000
7 44 152 25000
7 45 183 25000
7 46 242 25000
7 47 162 25000
7 48 133 25000
7 49 116 25000
7 50 104 25000
7 51 97 25000
8 9 191 25000
8 10 159 25000
8 11 134 25000
8 12 140 25000
8 13 112 25000
8 14 104 25000
8 15 105 25000
8 16 84 25000
8 17 100 25000
8 18 113 25000
8 19 137 25000
8 20 169 25000
8 21 248 25000
8 22 192 25000
8 23 134 25000
8 24 106 25000
8 25 93 25000
8 26 99 25000
8 27 96 25000
8 28 95 25000
8 29 89 25000
8 30 112 25000
8 31 116 25000
8 32 125 25000
8 33 187 25000
8 34 258 25000
8 35 183 25000
8 36 147 25000
8 37 93 25000
8 38 81 25000
8 39 111 25000
8 40 103 25000
8 41 101 25000
8 42 97 25000
8 43 98 25000
8 44 107 25000
8 45 154 25000
8 46 161 25000
8 47 246 25000
8 48 146 25000
8 49 144 25000
8 50 104 25000
8 51 106 25000
9 10 177 25000
9 11 140 25000
9 12 148 25000
9 13 130 25000
9 14 89 25000
9 15 98 25000
9 16 86 25000
9 17 111 25000
9 18 83 25000
9 19 116 25000
9 20 131 25000
9 21 166 25000
9 22 253 25000
9 23 166 25000
9 24 151 25000
9 25 127 25000
9 26 115 25000
9 27 111 25000
9 28 96 25000
9 29 83 25000
9 30 92 25000
9 31 119 25000
9 32 111 25000
9 33 147 25000
9 34 172 25000
9 35 232 25000
9 36 165 25000
9 37 152 25000
9 38 103 25000
9 39 119 25000
9 40 103 25000
9 41 95 25000
9 42 94 25000
9 43 110 25000
9 44 57 25000
9 45 113 25000
9 46 153 25000
9 47 192 25000
9 48 245 25000
9 49 169 25000
9 50 107 25000
9 51 93 25000
10 11 212 25000
10 12 149 25000
10 13 103 25000
10 14 104 25000
10 15 106 25000
10 16 105 25000
10 17 86 25000
10 18 93 25000
10 19 106 25000
10 20 122 25000
10 21 132 25000
10 22 162 25000
10 23 255 25000
10 24 171 25000
10 25 134 25000
10 26 125 25000
10 27 106 25000
10 28 108 25000
10 29 100 25000
10 30 118 25000
10 31 95 25000
10 32 117 25000
10 33 126 25000
10 34 112 25000
10 35 164 25000
10 36 244 25000
10 37 185 25000
10 38 129 25000
10 39 132 25000
10 40 93 25000
10 41 89 25000
10 42 110 25000
10 43 97 25000
10 44 101 25000
10 45 105 25000
10 46 133 25000
10 47 133 25000
10 48 170 25000
10 49 280 25000
10 50 171 25000
10 51 136 25000
11 12 214 25000
11 13 133 25000
11 14 124 25000
11 15 107 25000
11 16 118 25000
11 17 84 25000
11 18 92 25000
11 19 107 25000
11 20 104 25000
11 21 110 25000
11 22 137 25000
11 23 156 25000
11 24 238 25000
11 25 174 25000
11 26 150 25000
11 27 104 25000
11 28 119 25000
11 29 106 25000
11 30 110 25000
11 31 117 25000
11 32 102 25000
11 33 91 25000
11 34 115 25000
11 35 128 25000
11 36 180 25000
11 37 223 25000
11 38 183 25000
11 39 141 25000
11 40 113 25000
11 41 112 25000
11 42 87 25000
11 43 100 25000
11 44 87 25000
11 45 90 25000
11 46 91 25000
11 47 115 25000
11 48 129 25000
11 49 181 25000
11 50 255 25000
11 51 190 25000
12 13 206 25000
12 14 182 25000
12 15 143 25000
12 16 128 25000
12 17 120 25000
12 18 113 25000
12 19 99 25000
12 20 129 25000
12 21 125 25000
12 22 128 25000
12 23 181 25000
12 24 170 25000
12 25 300 25000
12 26 185 25000
12 27 170 25000
12 28 137 25000
12 29 146 25000
12 30 116 25000
12 31 108 25000
12 32 103 25000
12 33 115 25000
12 34 100 25000
12 35 132 25000
12 36 166 25000
12 37 186 25000
12 38 291 25000
12 39 218 25000
12 40 167 25000
12 41 117 25000
12 42 140 25000
12 43 107 25000
12 44 101 25000
12 45 94 25000
12 46 99 25000
12 47 107 25000
12 48 137 25000
12 49 148 25000
12 50 199 25000
12 51 316 25000
13 14 203 25000
13 15 161 25000
13 16 139 25000
13 17 126 25000
13 18 122 25000
13 19 109 25000
13 20 111 25000
13 21 91 25000
13 22 148 25000
13 23 133 25000
13 24 170 25000
13 25 225 25000
13 26 241 25000
13 27 177 25000
13 28 133 25000
13 29 121 25000
13 30 108 25000
13 31 90 25000
13 32 111 25000
13 33 112 25000
13 34 98 25000
13 35 113 25000
13 36 117 25000
13 37 133 25000
13 38 210 25000
13 39 267 25000
13 40 206 25000
13 41 157 25000
13 42 129 25000
13 43 126 25000
13 44 90 25000
13 45 105 25000
13 46 83 25000
13 47 86 25000
13 48 112 25000
13 49 132 25000
13 50 150 25000
13 51 202 25000
14 15 211 25000
14 16 149 25000
14 17 136 25000
14 18 140 25000
14 19 97 25000
14 20 97 25000
14 21 105 25000
14 22 102 25000
14 23 113 25000
14 24 115 25000
14 25 150 25000
14 26 184 25000
14 27 265 25000
14 28 194 25000
14 29 154 25000
14 30 139 25000
14 31 77 25000
14 32 102 25000
14 33 95 25000
14 34 99 25000
14 35 110 25000
14 36 108 25000
14 37 131 25000
14 38 157 25000
14 39 167 25000
14 40 242 25000
14 41 195 25000
14 42 149 25000
14 43 138 25000
14 44 88 25000
14 45 92 25000
14 46 90 25000
14 47 93 25000
14 48 86 25000
14 49 116 25000
14 50 127 25000
14 51 159 25000
15 16 218 25000
15 17 158 25000
15 18 140 25000
15 19 110 25000
15 20 115 25000
15 21 90 25000
15 22 105 25000
15 23 107 25000
15 24 140 25000
15 25 149 25000
15 26 144 25000
15 27 194 25000
15 28 274 25000
15 29 195 25000
15 30 148 25000
15 31 116 25000
15 32 104 25000
15 33 89 25000
15 34 96 25000
15 35 96 25000
15 36 98 25000
15 37 119 25000
15 38 131 25000
15 39 157 25000
15 40 153 25000
15 41 286 25000
15 42 202 25000
15 43 145 25000
15 44 112 25000
15 45 107 25000
15 46 104 25000
15 47 94 25000
15 48 98 25000
15 49 105 25000
15 50 121 25000
15 51 139 25000
16 17 206 25000
16 18 140 25000
16 19 145 25000
16 20 142 25000
16 21 113 25000
16 22 93 25000
16 23 113 25000
16 24 108 25000
16 25 124 25000
16 26 135 25000
16 27 133 25000
16 28 189 25000
16 29 246 25000
16 30 186 25000
16 31 131 25000
16 32 128 25000
16 33 111 25000
16 34 103 25000
16 35 91 25000
16 36 122 25000
16 37 109 25000
16 38 123 25000
16 39 139 25000
16 40 137 25000
16 41 172 25000
16 42 267 25000
16 43 185 25000
16 44 155 25000
16 45 121 25000
16 46 121 25000
16 47 90 25000
16 48 103 25000
16 49 82 25000
16 50 105 25000
16 51 120 25000
17 18 185 25000
17 19 155 25000
17 20 122 25000
17 21 110 25000
17 22 111 25000
17 23 94 25000
17 24 84 25000
17 25 127 25000
17 26 94 25000
17 27 110 25000
17 28 125 25000
17 29 205 25000
17 30 249 25000
17 31 189 25000
17 32 141 25000
17 33 139 25000
17 34 129 25000
17 35 110 25000
17 36 104 25000
17 37 91 25000
17 38 85 25000
17 39 102 25000
17 40 124 25000
17 41 152 25000
17 42 165 25000
17 43 272 25000
17 44 193 25000
17 45 160 25000
17 46 131 25000
17 47 85 25000
17 48 97 25000
17 49 103 25000
17 50 88 25000
17 51 96 25000
18 19 202 25000
18 20 171 25000
18 21 122 25000
18 22 133 25000
18 23 113 25000
18 24 100 25000
18 25 110 25000
18 26 114 25000
18 27 119 25000
18 28 145 25000
18 29 174 25000
18 30 190 25000
18 31 261 25000
18 32 190 25000
18 33 136 25000
18 34 115 25000
18 35 99 25000
18 36 113 25000
18 37 97 25000
18 38 112 25000
18 39 106 25000
18 40 115 25000
18 41 136 25000
18 42 125 25000
18 43 180 25000
18 44 278 25000
18 45 149 25000
18 46 140 25000
18 47 116 25000
18 48 97 25000
18 49 102 25000
18 50 85 25000
18 51 103 25000
19 20 190 25000
19 21 152 25000
19 22 135 25000
19 23 124 25000
19 24 99 25000
19 25 97 25000
19 26 92 25000
19 27 114 25000
19 28 94 25000
19 29 111 25000
19 30 124 25000
19 31 187 25000
19 32 300 25000
19 33 144 25000
19 34 123 25000
19 35 123 25000
19 36 111 25000
19 37 82 25000
19 38 109 25000
19 39 76 25000
19 40 102 25000
19 41 111 25000
19 42 118 25000
19 43 143 25000
19 44 147 25000
19 45 287 25000
19 46 183 25000
19 47 136 25000
19 48 116 25000
19 49 104 25000
19 50 85 25000
19 51 88 25000
20 21 215 25000
20 22 140 25000
20 23 106 25000
20 24 97 25000
20 25 103 25000
20 26 93 25000
20 27 96 25000
20 28 99 25000
20 29 102 25000
20 30 123 25000
20 31 134 25000
20 32 177 25000
20 33 261 25000
20 34 166 25000
20 35 129 25000
20 36 97 25000
20 37 101 25000
20 38 117 25000
20 39 100 25000
20 40 91 25000
20 41 93 25000
20 42 101 25000
20 43 122 25000
20 44 134 25000
20 45 163 25000
20 46 232 25000
20 47 168 25000
20 48 139 25000
20 49 107 25000
20 50 81 25000
20 51 91 25000
21 22 219 25000
21 23 162 25000
21 24 123 25000
21 25 106 25000
21 26 105 25000
21 27 104 25000
21 28 93 25000
21 29 98 25000
21 30 94 25000
21 31 115 25000
21 32 151 25000
21 33 179 25000
21 34 259 25000
21 35 166 25000
21 36 137 25000
21 37 114 25000
21 38 113 25000
21 39 105 25000
21 40 110 25000
21 41 82 25000
21 42 110 25000
21 43 115 25000
21 44 101 25000
21 45 128 25000
21 46 196 25000
21 47 271 25000
21 48 174 25000
21 49 126 25000
21 50 95 25000
21 51 109 25000
22 23 206 25000
22 24 138 25000
22 25 139 25000
22 26 127 25000
22 27 88 25000
22 28 96 25000
22 29 96 25000
22 30 97 25000
22 31 114 25000
22 32 132 25000
22 33 129 25000
22 34 171 25000
22 35 252 25000
22 36 161 25000
22 37 158 25000
22 38 127 25000
22 39 103 25000
22 40 103 25000
22 41 94 25000
22 42 91 25000
22 43 118 25000
22 44 135 25000
22 45 135 25000
22 46 129 25000
22 47 165 25000
22 48 238 25000
22 49 182 25000
22 50 132 25000
22 51 103 25000
23 24 176 25000
23 25 138 25000
23 26 134 25000
23 27 98 25000
23 28 98 25000
23 29 89 25000
23 30 90 25000
23 31 99 25000
23 32 115 25000
23 33 101 25000
23 34 145 25000
23 35 185 25000
23 36 265 25000
23 37 187 25000
23 38 143 25000
23 39 117 25000
23 40 123 25000
23 41 89 25000
23 42 96 25000
23 43 92 25000
23 44 96 25000
23 45 114 25000
23 46 117 25000
23 47 130 25000
23 48 169 25000
23 49 269 25000
23 50 164 25000
23 51 130 25000
24 25 194 25000
24 26 144 25000
24 27 134 25000
24 28 102 25000
24 29 95 25000
24 30 85 25000
24 31 78 25000
24 32 94 25000
24 33 109 25000
24 34 106 25000
24 35 131 25000
24 36 166 25000
24 37 232 25000
24 38 169 25000
24 39 129 25000
24 40 127 25000
24 41 102 25000
24 42 98 25000
24 43 106 25000
24 44 98 25000
24 45 112 25000
24 46 107 25000
24 47 106 25000
24 48 142 25000
24 49 166 25000
24 50 230 25000
24 51 159 25000
25 26 184 25000
25 27 152 25000
25 28 149 25000
25 29 113 25000
25 30 118 25000
25 31 106 25000
25 32 107 25000
25 33 90 25000
25 34 115 25000
25 35 111 25000
25 36 137 25000
25 37 186 25000
25 38 266 25000
25 39 208 25000
25 40 157 25000
25 41 147 25000
25 42 126 25000
25 43 116 25000
25 44 110 25000
25 45 95 25000
25 46 100 25000
25 47 124 25000
25 48 124 25000
25 49 131 25000
25 50 187 25000
25 51 258 25000
26 27 191 25000
26 28 154 25000
26 29 104 25000
26 30 100 25000
26 31 97 25000
26 32 113 25000
26 33 76 25000
26 34 96 25000
26 35 141 25000
26 36 128 25000
26 37 182 25000
26 38 214 25000
26 39 265 25000
26 40 167 25000
26 41 139 25000
26 42 125 25000
26 43 126 25000
26 44 113 25000
26 45 95 25000
26 46 81 25000
26 47 88 25000
26 48 97 25000
26 49 117 25000
26 50 123 25000
26 51 202 25000
27 28 198 25000
27 29 144 25000
27 30 135 25000
27 31 115 25000
27 32 91 25000
27 33 103 25000
27 34 100 25000
27 35 112 25000
27 36 131 25000
27 37 124 25000
27 38 183 25000
27 39 165 25000
27 40 243 25000
27 41 163 25000
27 42 121 25000
27 43 114 25000
27 44 99 25000
27 45 88 25000
27 46 104 25000
27 47 109 25000
27 48 86 25000
27 49 124 25000
27 50 112 25000
27 51 162 25000
28 29 190 25000
28 30 156 25000
28 31 134 25000
28 32 123 25000
28 33 120 25000
28 34 91 25000
28 35 124 25000
28 36 115 25000
28 37 108 25000
28 38 148 25000
28 39 137 25000
28 40 198 25000
28 41 250 25000
28 42 182 25000
28 43 160 25000
28 44 126 25000
28 45 108 25000
28 46 97 25000
28 47 95 25000
28 48 92 25000
28 49 90 25000
28 50 116 25000
28 51 121 25000
29 30 170 25000
29 31 139 25000
29 32 131 25000
29 33 112 25000
29 34 99 25000
29 35 107 25000
29 36 95 25000
29 37 102 25000
29 38 123 25000
29 39 104 25000
29 40 145 25000
29 41 197 25000
29 42 261 25000
29 43 180 25000
29 44 127 25000
29 45 123 25000
29 46 117 25000
29 47 99 25000
29 48 92 25000
29 49 82 25000
29 50 90 25000
29 51 134 25000
30 31 223 25000
30 32 144 25000
30 33 137 25000
30 34 109 25000
30 35 99 25000
30 36 89 25000
30 37 112 25000
30 38 119 25000
30 39 125 25000
30 40 97 25000
30 41 146 25000
30 42 157 25000
30 43 288 25000
30 44 175 25000
30 45 134 25000
30 46 110 25000
30 47 100 25000
30 48 99 25000
30 49 91 25000
30 50 110 25000
30 51 113 25000
31 32 187 25000
31 33 148 25000
31 34 141 25000
31 35 106 25000
31 36 104 25000
31 37 95 25000
31 38 109 25000
31 39 107 25000
31 40 124 25000
31 41 111 25000
31 42 141 25000
31 43 183 25000
31 44 263 25000
31 45 164 25000
31 46 142 25000
31 47 118 25000
31 48 104 25000
31 49 93 25000
31 50 92 25000
31 51 90 25000
32 33 213 25000
32 34 155 25000
32 35 130 25000
32 36 109 25000
32 37 107 25000
32 38 97 25000
32 39 84 25000
32 40 122 25000
32 41 105 25000
32 42 121 25000
32 43 147 25000
32 44 159 25000
32 45 282 25000
32 46 166 25000
32 47 124 25000
32 48 99 25000
32 49 88 25000
32 50 95 25000
32 51 99 25000
33 34 228 25000
33 35 144 25000
33 36 116 25000
33 37 99 25000
33 38 98 25000
33 39 109 25000
33 40 100 25000
33 41 105 25000
33 42 116 25000
33 43 106 25000
33 44 153 25000
33 45 162 25000
33 46 267 25000
33 47 170 25000
33 48 135 25000
33 49 111 25000
33 50 95 25000
33 51 89 25000
34 35 206 25000
34 36 138 25000
34 37 114 25000
34 38 108 25000
34 39 99 25000
34 40 80 25000
34 41 90 25000
34 42 94 25000
34 43 93 25000
34 44 136 25000
34 45 151 25000
34 46 154 25000
34 47 265 25000
34 48 174 25000
34 49 123 25000
34 50 122 25000
34 51 88 25000
35 36 180 25000
35 37 154 25000
35 38 130 25000
35 39 110 25000
35 40 108 25000
35 41 115 25000
35 42 82 25000
35 43 98 25000
35 44 108 25000
35 45 101 25000
35 46 113 25000
35 47 163 25000
35 48 293 25000
35 49 160 25000
35 50 136 25000
35 51 82 25000
36 37 198 25000
36 38 157 25000
36 39 128 25000
36 40 121 25000
36 41 113 25000
36 42 85 25000
36 43 96 25000
36 44 91 25000
36 45 100 25000
36 46 123 25000
36 47 126 25000
36 48 167 25000
36 49 254 25000
36 50 185 25000
36 51 158 25000
37 38 199 25000
37 39 151 25000
37 40 126 25000
37 41 113 25000
37 42 104 25000
37 43 84 25000
37 44 103 25000
37 45 103 25000
37 46 122 25000
37 47 118 25000
37 48 138 25000
37 49 177 25000
37 50 261 25000
37 51 173 25000
38 39 176 25000
38 40 159 25000
38 41 129 25000
38 42 132 25000
38 43 98 25000
38 44 110 25000
38 45 106 25000
38 46 88 25000
38 47 109 25000
38 48 122 25000
38 49 149 25000
38 50 167 25000
38 51 259 25000
39 40 213 25000
39 41 159 25000
39 42 136 25000
39 43 104 25000
39 44 106 25000
39 45 90 25000
39 46 88 25000
39 47 109 25000
39 48 101 25000
39 49 127 25000
39 50 137 25000
39 51 231 25000
40 41 200 25000
40 42 164 25000
40 43 128 25000
40 44 106 25000
40 45 110 25000
40 46 105 25000
40 47 100 25000
40 48 99 25000
40 49 133 25000
40 50 130 25000
40 51 181 25000
41 42 198 25000
41 43 165 25000
41 44 128 25000
41 45 103 25000
41 46 96 25000
41 47 110 25000
41 48 91 25000
41 49 109 25000
41 50 107 25000
41 51 153 25000
42 43 189 25000
42 44 151 25000
42 45 130 25000
42 46 121 25000
42 47 93 25000
42 48 85 25000
42 49 95 25000
42 50 115 25000
42 51 122 25000
43 44 199 25000
43 45 123 25000
43 46 106 25000
43 47 129 25000
43 48 99 25000
43 49 115 25000
43 50 94 25000
43 51 104 25000
44 45 202 25000
44 46 159 25000
44 47 125 25000
44 48 109 25000
44 49 101 25000
44 50 100 25000
44 51 101 25000
45 46 200 25000
45 47 155 25000
45 48 108 25000
45 49 96 25000
45 50 93 25000
45 51 95 25000
46 47 179 25000
46 48 137 25000
46 49 114 25000
46 50 101 25000
46 51 104 25000
47 48 170 25000
47 49 144 25000
47 50 96 25000
47 51 117 25000
48 49 196 25000
48 50 130 25000
48 51 135 25000
49 50 179 25000
49 51 143 25000
50 51 182 25000
