0 1 144 25000
0 2 124 25000
0 3 104 25000
0 4 112 25000
0 5 136 25000
0 6 119 25000
0 7 113 25000
0 8 113 25000
0 9 125 25000
0 10 125 25000
0 11 125 25000
0 12 175 25000
0 13 121 25000
0 14 113 25000
0 15 113 25000
0 16 145 25000
0 17 128 25000
0 18 116 25000
0 19 121 25000
0 20 123 25000
0 21 139 25000
0 22 110 25000
0 23 99 25000
0 24 113 25000
0 25 122 25000
0 26 123 25000
0 27 108 25000
0 28 129 25000
0 29 130 25000
0 30 131 25000
0 31 123 25000
0 32 107 25000
0 33 123 25000
0 34 115 25000
0 35 119 25000
0 36 116 25000
0 37 120 25000
0 38 118 25000
0 39 114 25000
0 40 138 25000
0 41 129 25000
0 42 124 25000
0 43 105 25000
0 44 126 25000
0 45 116 25000
0 46 115 25000
0 47 111 25000
0 48 124 25000
0 49 125 25000
0 50 125 25000
0 51 100 25000
1 2 130 25000
1 3 120 25000
1 4 115 25000
1 5 127 25000
1 6 114 25000
1 7 133 25000
1 8 137 25000
1 9 122 25000
1 10 108 25000
1 11 114 25000
1 12 167 25000
1 13 124 25000
1 14 126 25000
1 15 126 25000
1 16 113 25000
1 17 121 25000
1 18 118 25000
1 19 114 25000
1 20 146 25000
1 21 106 25000
1 22 125 25000
1 23 113 25000
1 24 112 25000
1 25 125 25000
1 26 107 25000
1 27 123 25000
1 28 132 25000
1 29 112 25000
1 30 128 25000
1 31 124 25000
1 32 118 25000
1 33 119 25000
1 34 107 25000
1 35 136 25000
1 36 122 25000
1 37 113 25000
1 38 139 25000
1 39 130 25000
1 40 127 25000
1 41 97 25000
1 42 119 25000
1 43 109 25000
1 44 128 25000
1 45 106 25000
1 46 128 25000
1 47 114 25000
1 48 125 25000
1 49 129 25000
1 50 128 25000
1 51 123 25000
2 3 122 25000
2 4 124 25000
2 5 134 25000
2 6 133 25000
2 7 117 25000
2 8 132 25000
2 9 112 25000
2 10 117 25000
2 11 123 25000
2 12 134 25000
2 13 115 25000
2 14 113 25000
2 15 101 25000
2 16 130 25000
2 17 125 25000
2 18 102 25000
2 19 123 25000
2 20 126 25000
2 21 136 25000
2 22 129 25000
2 23 122 25000
2 24 109 25000
2 25 124 25000
2 26 114 25000
2 27 96 25000
2 28 145 25000
2 29 113 25000
2 30 108 25000
2 31 113 25000
2 32 108 25000
2 33 126 25000
2 34 107 25000
2 35 129 25000
2 36 101 25000
2 37 113 25000
2 38 112 25000
2 39 126 25000
2 40 125 25000
2 41 116 25000
2 42 117 25000
2 43 115 25000
2 44 117 25000
2 45 112 25000
2 46 104 25000
2 47 134 25000
2 48 123 25000
2 49 123 25000
2 50 124 25000
2 51 128 25000
3 4 121 25000
3 5 118 25000
3 6 119 25000
3 7 138 25000
3 8 127 25000
3 9 133 25000
3 10 114 25000
3 11 115 25000
3 12 129 25000
3 13 115 25000
3 14 113 25000
3 15 118 25000
3 16 111 25000
3 17 114 25000
3 18 102 25000
3 19 125 25000
3 20 126 25000
3 21 140 25000
3 22 108 25000
3 23 126 25000
3 24 107 25000
3 25 114 25000
3 26 133 25000
3 27 117 25000
3 28 109 25000
3 29 128 25000
3 30 106 25000
3 31 124 25000
3 32 108 25000
3 33 92 25000
3 34 117 25000
3 35 114 25000
3 36 115 25000
3 37 103 25000
3 38 113 25000
3 39 124 25000
3 40 124 25000
3 41 111 25000
3 42 115 25000
3 43 116 25000
3 44 129 25000
3 45 114 25000
3 46 116 25000
3 47 135 25000
3 48 111 25000
3 49 127 25000
3 50 115 25000
3 51 114 25000
4 5 140 25000
4 6 128 25000
4 7 125 25000
4 8 116 25000
4 9 122 25000
4 10 103 25000
4 11 132 25000
4 12 153 25000
4 13 113 25000
4 14 109 25000
4 15 107 25000
4 16 117 25000
4 17 119 25000
4 18 105 25000
4 19 135 25000
4 20 123 25000
4 21 124 25000
4 22 113 25000
4 23 109 25000
4 24 126 25000
4 25 92 25000
4 26 121 25000
4 27 118 25000
4 28 128 25000
4 29 122 25000
4 30 116 25000
4 31 124 25000
4 32 118 25000
4 33 127 25000
4 34 106 25000
4 35 113 25000
4 36 138 25000
4 37 120 25000
4 38 112 25000
4 39 115 25000
4 40 125 25000
4 41 110 25000
4 42 119 25000
4 43 122 25000
4 44 121 25000
4 45 121 25000
4 46 107 25000
4 47 114 25000
4 48 129 25000
4 49 116 25000
4 50 125 25000
4 51 111 25000
5 6 139 25000
5 7 117 25000
5 8 131 25000
5 9 144 25000
5 10 114 25000
5 11 136 25000
5 12 145 25000
5 13 108 25000
5 14 117 25000
5 15 118 25000
5 16 133 25000
5 17 118 25000
5 18 121 25000
5 19 119 25000
5 20 113 25000
5 21 138 25000
5 22 103 25000
5 23 103 25000
5 24 133 25000
5 25 116 25000
5 26 144 25000
5 27 120 25000
5 28 110 25000
5 29 107 25000
5 30 103 25000
5 31 116 25000
5 32 98 25000
5 33 119 25000
5 34 125 25000
5 35 113 25000
5 36 124 25000
5 37 133 25000
5 38 108 25000
5 39 113 25000
5 40 137 25000
5 41 117 25000
5 42 138 25000
5 43 123 25000
5 44 124 25000
5 45 131 25000
5 46 124 25000
5 47 117 25000
5 48 121 25000
5 49 125 25000
5 50 135 25000
5 51 129 25000
6 7 130 25000
6 8 106 25000
6 9 107 25000
6 10 146 25000
6 11 129 25000
6 12 138 25000
6 13 127 25000
6 14 152 25000
6 15 96 25000
6 16 130 25000
6 17 133 25000
6 18 116 25000
6 19 110 25000
6 20 125 25000
6 21 129 25000
6 22 126 25000
6 23 118 25000
6 24 121 25000
6 25 132 25000
6 26 131 25000
6 27 139 25000
6 28 125 25000
6 29 104 25000
6 30 107 25000
6 31 109 25000
6 32 108 25000
6 33 126 25000
6 34 119 25000
6 35 118 25000
6 36 123 25000
6 37 125 25000
6 38 145 25000
6 39 114 25000
6 40 121 25000
6 41 118 25000
6 42 118 25000
6 43 102 25000
6 44 119 25000
6 45 84 25000
6 46 121 25000
6 47 128 25000
6 48 119 25000
6 49 109 25000
6 50 114 25000
6 51 108 25000
7 8 133 25000
7 9 118 25000
7 10 142 25000
7 11 120 25000
7 12 113 25000
7 13 140 25000
7 14 129 25000
7 15 113 25000
7 16 120 25000
7 17 129 25000
7 18 109 25000
7 19 125 25000
7 20 124 25000
7 21 139 25000
7 22 108 25000
7 23 119 25000
7 24 99 25000
7 25 129 25000
7 26 117 25000
7 27 130 25000
7 28 135 25000
7 29 117 25000
7 30 97 25000
7 31 134 25000
7 32 128 25000
7 33 136 25000
7 34 114 25000
7 35 121 25000
7 36 133 25000
7 37 102 25000
7 38 123 25000
7 39 117 25000
7 40 106 25000
7 41 110 25000
7 42 135 25000
7 43 106 25000
7 44 127 25000
7 45 120 25000
7 46 107 25000
7 47 110 25000
7 48 114 25000
7 49 97 25000
7 50 120 25000
7 51 114 25000
8 9 155 25000
8 10 96 25000
8 11 93 25000
8 12 152 25000
8 13 108 25000
8 14 128 25000
8 15 103 25000
8 16 125 25000
8 17 121 25000
8 18 117 25000
8 19 111 25000
8 20 125 25000
8 21 120 25000
8 22 110 25000
8 23 111 25000
8 24 121 25000
8 25 112 25000
8 26 113 25000
8 27 122 25000
8 28 140 25000
8 29 108 25000
8 30 105 25000
8 31 134 25000
8 32 128 25000
8 33 109 25000
8 34 122 25000
8 35 133 25000
8 36 119 25000
8 37 100 25000
8 38 121 25000
8 39 125 25000
8 40 120 25000
8 41 114 25000
8 42 131 25000
8 43 125 25000
8 44 120 25000
8 45 131 25000
8 46 120 25000
8 47 123 25000
8 48 109 25000
8 49 130 25000
8 50 116 25000
8 51 110 25000
9 10 125 25000
9 11 141 25000
9 12 138 25000
9 13 105 25000
9 14 126 25000
9 15 109 25000
9 16 143 25000
9 17 122 25000
9 18 101 25000
9 19 98 25000
9 20 131 25000
9 21 78 25000
9 22 131 25000
9 23 96 25000
9 24 121 25000
9 25 133 25000
9 26 135 25000
9 27 96 25000
9 28 116 25000
9 29 111 25000
9 30 132 25000
9 31 109 25000
9 32 106 25000
9 33 121 25000
9 34 122 25000
9 35 119 25000
9 36 124 25000
9 37 126 25000
9 38 126 25000
9 39 120 25000
9 40 142 25000
9 41 108 25000
9 42 115 25000
9 43 119 25000
9 44 126 25000
9 45 111 25000
9 46 127 25000
9 47 131 25000
9 48 119 25000
9 49 131 25000
9 50 124 25000
9 51 104 25000
10 11 126 25000
10 12 146 25000
10 13 115 25000
10 14 116 25000
10 15 132 25000
10 16 121 25000
10 17 115 25000
10 18 125 25000
10 19 134 25000
10 20 123 25000
10 21 127 25000
10 22 127 25000
10 23 112 25000
10 24 112 25000
10 25 123 25000
10 26 91 25000
10 27 131 25000
10 28 119 25000
10 29 105 25000
10 30 111 25000
10 31 116 25000
10 32 99 25000
10 33 144 25000
10 34 112 25000
10 35 108 25000
10 36 113 25000
10 37 112 25000
10 38 132 25000
10 39 128 25000
10 40 132 25000
10 41 101 25000
10 42 118 25000
10 43 128 25000
10 44 104 25000
10 45 138 25000
10 46 131 25000
10 47 121 25000
10 48 128 25000
10 49 139 25000
10 50 117 25000
10 51 124 25000
11 12 106 25000
11 13 139 25000
11 14 134 25000
11 15 121 25000
11 16 125 25000
11 17 136 25000
11 18 112 25000
11 19 128 25000
11 20 117 25000
11 21 110 25000
11 22 117 25000
11 23 123 25000
11 24 115 25000
11 25 127 25000
11 26 128 25000
11 27 127 25000
11 28 149 25000
11 29 126 25000
11 30 121 25000
11 31 125 25000
11 32 117 25000
11 33 118 25000
11 34 120 25000
11 35 110 25000
11 36 127 25000
11 37 123 25000
11 38 109 25000
11 39 128 25000
11 40 136 25000
11 41 140 25000
11 42 102 25000
11 43 133 25000
11 44 130 25000
11 45 118 25000
11 46 143 25000
11 47 106 25000
11 48 140 25000
11 49 133 25000
11 50 112 25000
11 51 103 25000
12 13 129 25000
12 14 130 25000
12 15 122 25000
12 16 139 25000
12 17 121 25000
12 18 106 25000
12 19 130 25000
12 20 133 25000
12 21 126 25000
12 22 133 25000
12 23 129 25000
12 24 120 25000
12 25 147 25000
12 26 119 25000
12 27 126 25000
12 28 153 25000
12 29 135 25000
12 30 131 25000
12 31 138 25000
12 32 133 25000
12 33 131 25000
12 34 118 25000
12 35 162 25000
12 36 120 25000
12 37 160 25000
12 38 141 25000
12 39 147 25000
12 40 129 25000
12 41 142 25000
12 42 115 25000
12 43 113 25000
12 44 139 25000
12 45 135 25000
12 46 111 25000
12 47 149 25000
12 48 112 25000
12 49 133 25000
12 50 148 25000
12 51 130 25000
13 14 129 25000
13 15 120 25000
13 16 122 25000
13 17 137 25000
13 18 107 25000
13 19 132 25000
13 20 131 25000
13 21 137 25000
13 22 130 25000
13 23 132 25000
13 24 148 25000
13 25 129 25000
13 26 109 25000
13 27 117 25000
13 28 103 25000
13 29 141 25000
13 30 142 25000
13 31 116 25000
13 32 119 25000
13 33 116 25000
13 34 124 25000
13 35 125 25000
13 36 112 25000
13 37 120 25000
13 38 100 25000
13 39 124 25000
13 40 116 25000
13 41 119 25000
13 42 148 25000
13 43 120 25000
13 44 126 25000
13 45 132 25000
13 46 108 25000
13 47 133 25000
13 48 110 25000
13 49 102 25000
13 50 112 25000
13 51 129 25000
14 15 121 25000
14 16 142 25000
14 17 126 25000
14 18 118 25000
14 19 145 25000
14 20 101 25000
14 21 130 25000
14 22 135 25000
14 23 135 25000
14 24 112 25000
14 25 124 25000
14 26 112 25000
14 27 127 25000
14 28 116 25000
14 29 118 25000
14 30 126 25000
14 31 114 25000
14 32 128 25000
14 33 128 25000
14 34 118 25000
14 35 124 25000
14 36 118 25000
14 37 134 25000
14 38 116 25000
14 39 150 25000
14 40 120 25000
14 41 112 25000
14 42 107 25000
14 43 141 25000
14 44 136 25000
14 45 121 25000
14 46 109 25000
14 47 127 25000
14 48 126 25000
14 49 109 25000
14 50 107 25000
14 51 105 25000
15 16 124 25000
15 17 141 25000
15 18 111 25000
15 19 116 25000
15 20 126 25000
15 21 112 25000
15 22 122 25000
15 23 123 25000
15 24 110 25000
15 25 123 25000
15 26 133 25000
15 27 130 25000
15 28 105 25000
15 29 129 25000
15 30 113 25000
15 31 112 25000
15 32 94 25000
15 33 123 25000
15 34 114 25000
15 35 120 25000
15 36 102 25000
15 37 118 25000
15 38 124 25000
15 39 139 25000
15 40 126 25000
15 41 106 25000
15 42 117 25000
15 43 113 25000
15 44 129 25000
15 45 112 25000
15 46 106 25000
15 47 109 25000
15 48 113 25000
15 49 136 25000
15 50 114 25000
15 51 97 25000
16 17 134 25000
16 18 89 25000
16 19 120 25000
16 20 138 25000
16 21 116 25000
16 22 131 25000
16 23 115 25000
16 24 125 25000
16 25 133 25000
16 26 138 25000
16 27 151 25000
16 28 123 25000
16 29 108 25000
16 30 120 25000
16 31 131 25000
16 32 110 25000
16 33 108 25000
16 34 116 25000
16 35 118 25000
16 36 114 25000
16 37 121 25000
16 38 112 25000
16 39 105 25000
16 40 113 25000
16 41 134 25000
16 42 124 25000
16 43 111 25000
16 44 132 25000
16 45 132 25000
16 46 119 25000
16 47 123 25000
16 48 131 25000
16 49 137 25000
16 50 130 25000
16 51 134 25000
17 18 134 25000
17 19 123 25000
17 20 120 25000
17 21 136 25000
17 22 122 25000
17 23 129 25000
17 24 118 25000
17 25 124 25000
17 26 117 25000
17 27 108 25000
17 28 122 25000
17 29 128 25000
17 30 135 25000
17 31 131 25000
17 32 122 25000
17 33 126 25000
17 34 130 25000
17 35 120 25000
17 36 115 25000
17 37 119 25000
17 38 129 25000
17 39 111 25000
17 40 134 25000
17 41 104 25000
17 42 129 25000
17 43 117 25000
17 44 121 25000
17 45 123 25000
17 46 121 25000
17 47 122 25000
17 48 128 25000
17 49 117 25000
17 50 126 25000
17 51 102 25000
18 19 119 25000
18 20 130 25000
18 21 124 25000
18 22 105 25000
18 23 117 25000
18 24 134 25000
18 25 133 25000
18 26 102 25000
18 27 108 25000
18 28 125 25000
18 29 107 25000
18 30 99 25000
18 31 122 25000
18 32 108 25000
18 33 116 25000
18 34 120 25000
18 35 120 25000
18 36 122 25000
18 37 129 25000
18 38 132 25000
18 39 119 25000
18 40 111 25000
18 41 115 25000
18 42 123 25000
18 43 106 25000
18 44 99 25000
18 45 112 25000
18 46 120 25000
18 47 108 25000
18 48 125 25000
18 49 111 25000
18 50 104 25000
18 51 106 25000
19 20 122 25000
19 21 114 25000
19 22 131 25000
19 23 137 25000
19 24 114 25000
19 25 135 25000
19 26 119 25000
19 27 134 25000
19 28 124 25000
19 29 107 25000
19 30 124 25000
19 31 118 25000
19 32 135 25000
19 33 129 25000
19 34 123 25000
19 35 121 25000
19 36 115 25000
19 37 132 25000
19 38 113 25000
19 39 100 25000
19 40 124 25000
19 41 112 25000
19 42 112 25000
19 43 108 25000
19 44 121 25000
19 45 128 25000
19 46 115 25000
19 47 126 25000
19 48 107 25000
19 49 107 25000
19 50 110 25000
19 51 122 25000
20 21 146 25000
20 22 127 25000
20 23 103 25000
20 24 114 25000
20 25 111 25000
20 26 113 25000
20 27 103 25000
20 28 97 25000
20 29 129 25000
20 30 115 25000
20 31 153 25000
20 32 126 25000
20 33 122 25000
20 34 112 25000
20 35 117 25000
20 36 109 25000
20 37 128 25000
20 38 130 25000
20 39 128 25000
20 40 107 25000
20 41 116 25000
20 42 116 25000
20 43 121 25000
20 44 119 25000
20 45 107 25000
20 46 112 25000
20 47 101 25000
20 48 121 25000
20 49 129 25000
20 50 101 25000
20 51 121 25000
21 22 140 25000
21 23 110 25000
21 24 131 25000
21 25 117 25000
21 26 128 25000
21 27 122 25000
21 28 118 25000
21 29 115 25000
21 30 123 25000
21 31 120 25000
21 32 118 25000
21 33 99 25000
21 34 91 25000
21 35 110 25000
21 36 111 25000
21 37 123 25000
21 38 135 25000
21 39 130 25000
21 40 119 25000
21 41 124 25000
21 42 126 25000
21 43 117 25000
21 44 130 25000
21 45 129 25000
21 46 119 25000
21 47 125 25000
21 48 116 25000
21 49 127 25000
21 50 126 25000
21 51 116 25000
22 23 134 25000
22 24 125 25000
22 25 132 25000
22 26 106 25000
22 27 132 25000
22 28 116 25000
22 29 127 25000
22 30 131 25000
22 31 115 25000
22 32 120 25000
22 33 141 25000
22 34 129 25000
22 35 94 25000
22 36 127 25000
22 37 136 25000
22 38 121 25000
22 39 107 25000
22 40 152 25000
22 41 104 25000
22 42 119 25000
22 43 113 25000
22 44 116 25000
22 45 129 25000
22 46 104 25000
22 47 127 25000
22 48 117 25000
22 49 130 25000
22 50 109 25000
22 51 106 25000
23 24 129 25000
23 25 133 25000
23 26 118 25000
23 27 132 25000
23 28 112 25000
23 29 140 25000
23 30 116 25000
23 31 136 25000
23 32 135 25000
23 33 136 25000
23 34 102 25000
23 35 115 25000
23 36 115 25000
23 37 121 25000
23 38 92 25000
23 39 122 25000
23 40 110 25000
23 41 104 25000
23 42 108 25000
23 43 104 25000
23 44 117 25000
23 45 122 25000
23 46 112 25000
23 47 114 25000
23 48 131 25000
23 49 123 25000
23 50 113 25000
23 51 136 25000
24 25 120 25000
24 26 115 25000
24 27 118 25000
24 28 115 25000
24 29 122 25000
24 30 119 25000
24 31 110 25000
24 32 121 25000
24 33 102 25000
24 34 111 25000
24 35 123 25000
24 36 129 25000
24 37 116 25000
24 38 123 25000
24 39 104 25000
24 40 116 25000
24 41 129 25000
24 42 128 25000
24 43 125 25000
24 44 111 25000
24 45 112 25000
24 46 116 25000
24 47 114 25000
24 48 117 25000
24 49 118 25000
24 50 108 25000
24 51 116 25000
25 26 115 25000
25 27 119 25000
25 28 140 25000
25 29 94 25000
25 30 104 25000
25 31 139 25000
25 32 123 25000
25 33 126 25000
25 34 109 25000
25 35 115 25000
25 36 135 25000
25 37 121 25000
25 38 122 25000
25 39 115 25000
25 40 111 25000
25 41 121 25000
25 42 113 25000
25 43 120 25000
25 44 127 25000
25 45 124 25000
25 46 119 25000
25 47 137 25000
25 48 118 25000
25 49 124 25000
25 50 124 25000
25 51 108 25000
26 27 136 25000
26 28 128 25000
26 29 111 25000
26 30 114 25000
26 31 122 25000
26 32 136 25000
26 33 131 25000
26 34 111 25000
26 35 120 25000
26 36 122 25000
26 37 123 25000
26 38 132 25000
26 39 123 25000
26 40 128 25000
26 41 112 25000
26 42 128 25000
26 43 98 25000
26 44 128 25000
26 45 125 25000
26 46 115 25000
26 47 132 25000
26 48 100 25000
26 49 119 25000
26 50 95 25000
26 51 123 25000
27 28 134 25000
27 29 134 25000
27 30 114 25000
27 31 129 25000
27 32 113 25000
27 33 119 25000
27 34 104 25000
27 35 114 25000
27 36 110 25000
27 37 133 25000
27 38 126 25000
27 39 121 25000
27 40 119 25000
27 41 114 25000
27 42 113 25000
27 43 133 25000
27 44 132 25000
27 45 142 25000
27 46 123 25000
27 47 121 25000
27 48 118 25000
27 49 123 25000
27 50 137 25000
27 51 108 25000
28 29 127 25000
28 30 120 25000
28 31 144 25000
28 32 113 25000
28 33 132 25000
28 34 109 25000
28 35 131 25000
28 36 106 25000
28 37 114 25000
28 38 104 25000
28 39 121 25000
28 40 128 25000
28 41 116 25000
28 42 118 25000
28 43 116 25000
28 44 130 25000
28 45 107 25000
28 46 104 25000
28 47 132 25000
28 48 133 25000
28 49 135 25000
28 50 124 25000
28 51 118 25000
29 30 138 25000
29 31 136 25000
29 32 125 25000
29 33 122 25000
29 34 112 25000
29 35 120 25000
29 36 116 25000
29 37 115 25000
29 38 126 25000
29 39 127 25000
29 40 128 25000
29 41 112 25000
29 42 134 25000
29 43 105 25000
29 44 126 25000
29 45 119 25000
29 46 119 25000
29 47 118 25000
29 48 118 25000
29 49 131 25000
29 50 119 25000
29 51 114 25000
30 31 126 25000
30 32 126 25000
30 33 134 25000
30 34 142 25000
30 35 115 25000
30 36 132 25000
30 37 139 25000
30 38 140 25000
30 39 120 25000
30 40 126 25000
30 41 115 25000
30 42 109 25000
30 43 128 25000
30 44 120 25000
30 45 129 25000
30 46 113 25000
30 47 133 25000
30 48 118 25000
30 49 109 25000
30 50 122 25000
30 51 111 25000
31 32 135 25000
31 33 135 25000
31 34 131 25000
31 35 118 25000
31 36 124 25000
31 37 141 25000
31 38 141 25000
31 39 127 25000
31 40 118 25000
31 41 119 25000
31 42 129 25000
31 43 128 25000
31 44 104 25000
31 45 118 25000
31 46 122 25000
31 47 124 25000
31 48 137 25000
31 49 120 25000
31 50 103 25000
31 51 122 25000
32 33 133 25000
32 34 133 25000
32 35 117 25000
32 36 120 25000
32 37 120 25000
32 38 103 25000
32 39 125 25000
32 40 121 25000
32 41 109 25000
32 42 106 25000
32 43 116 25000
32 44 125 25000
32 45 113 25000
32 46 121 25000
32 47 98 25000
32 48 95 25000
32 49 110 25000
32 50 120 25000
32 51 121 25000
33 34 130 25000
33 35 126 25000
33 36 121 25000
33 37 135 25000
33 38 117 25000
33 39 129 25000
33 40 130 25000
33 41 109 25000
33 42 136 25000
33 43 112 25000
33 44 121 25000
33 45 118 25000
33 46 129 25000
33 47 114 25000
33 48 119 25000
33 49 138 25000
33 50 113 25000
33 51 119 25000
34 35 114 25000
34 36 101 25000
34 37 130 25000
34 38 108 25000
34 39 127 25000
34 40 100 25000
34 41 129 25000
34 42 115 25000
34 43 98 25000
34 44 99 25000
34 45 123 25000
34 46 89 25000
34 47 133 25000
34 48 95 25000
34 49 117 25000
34 50 125 25000
34 51 95 25000
35 36 127 25000
35 37 114 25000
35 38 139 25000
35 39 120 25000
35 40 139 25000
35 41 114 25000
35 42 123 25000
35 43 121 25000
35 44 113 25000
35 45 114 25000
35 46 108 25000
35 47 130 25000
35 48 108 25000
35 49 135 25000
35 50 125 25000
35 51 135 25000
36 37 132 25000
36 38 133 25000
36 39 111 25000
36 40 126 25000
36 41 111 25000
36 42 103 25000
36 43 122 25000
36 44 124 25000
36 45 94 25000
36 46 110 25000
36 47 119 25000
36 48 125 25000
36 49 135 25000
36 50 106 25000
36 51 117 25000
37 38 115 25000
37 39 116 25000
37 40 126 25000
37 41 116 25000
37 42 116 25000
37 43 124 25000
37 44 120 25000
37 45 112 25000
37 46 109 25000
37 47 106 25000
37 48 97 25000
37 49 112 25000
37 50 142 25000
37 51 133 25000
38 39 128 25000
38 40 132 25000
38 41 122 25000
38 42 116 25000
38 43 108 25000
38 44 119 25000
38 45 113 25000
38 46 128 25000
38 47 128 25000
38 48 117 25000
38 49 120 25000
38 50 121 25000
38 51 138 25000
39 40 127 25000
39 41 111 25000
39 42 129 25000
39 43 108 25000
39 44 116 25000
39 45 122 25000
39 46 128 25000
39 47 115 25000
39 48 109 25000
39 49 140 25000
39 50 118 25000
39 51 133 25000
40 41 122 25000
40 42 148 25000
40 43 110 25000
40 44 128 25000
40 45 115 25000
40 46 115 25000
40 47 128 25000
40 48 142 25000
40 49 121 25000
40 50 138 25000
40 51 126 25000
41 42 103 25000
41 43 121 25000
41 44 122 25000
41 45 114 25000
41 46 110 25000
41 47 139 25000
41 48 114 25000
41 49 119 25000
41 50 110 25000
41 51 119 25000
42 43 155 25000
42 44 139 25000
42 45 128 25000
42 46 119 25000
42 47 142 25000
42 48 125 25000
42 49 123 25000
42 50 114 25000
42 51 133 25000
43 44 124 25000
43 45 135 25000
43 46 116 25000
43 47 117 25000
43 48 136 25000
43 49 135 25000
43 50 100 25000
43 51 128 25000
44 45 121 25000
44 46 148 25000
44 47 134 25000
44 48 111 25000
44 49 128 25000
44 50 122 25000
44 51 107 25000
45 46 131 25000
45 47 153 25000
45 48 128 25000
45 49 129 25000
45 50 140 25000
45 51 141 25000
46 47 123 25000
46 48 129 25000
46 49 109 25000
46 50 140 25000
46 51 110 25000
47 48 131 25000
47 49 128 25000
47 50 128 25000
47 51 141 25000
48 49 148 25000
48 50 114 25000
48 51 103 25000
49 50 111 25000
49 51 112 25000
50 51 139 25000
