0 1 209 25000
0 2 184 25000
0 3 129 25000
0 4 109 25000
0 5 120 25000
0 6 90 25000
0 7 110 25000
0 8 103 25000
0 9 106 25000
0 10 128 25000
0 11 153 25000
0 12 220 25000
0 13 257 25000
0 14 164 25000
0 15 136 25000
0 16 135 25000
0 17 113 25000
0 18 111 25000
0 19 75 25000
0 20 92 25000
0 21 126 25000
0 22 108 25000
0 23 124 25000
0 24 137 25000
0 25 194 25000
0 26 254 25000
0 27 177 25000
0 28 165 25000
0 29 102 25000
0 30 105 25000
0 31 122 25000
0 32 71 25000
0 33 97 25000
0 34 116 25000
0 35 127 25000
0 36 123 25000
0 37 136 25000
0 38 181 25000
0 39 270 25000
0 40 204 25000
0 41 160 25000
0 42 119 25000
0 43 114 25000
0 44 109 25000
0 45 102 25000
0 46 86 25000
0 47 85 25000
0 48 113 25000
0 49 106 25000
0 50 152 25000
0 51 211 25000
1 2 231 25000
1 3 162 25000
1 4 138 25000
1 5 114 25000
1 6 106 25000
1 7 91 25000
1 8 95 25000
1 9 115 25000
1 10 108 25000
1 11 141 25000
1 12 199 25000
1 13 162 25000
1 14 247 25000
1 15 177 25000
1 16 150 25000
1 17 119 25000
1 18 123 25000
1 19 95 25000
1 20 86 25000
1 21 114 25000
1 22 99 25000
1 23 116 25000
1 24 148 25000
1 25 154 25000
1 26 200 25000
1 27 292 25000
1 28 195 25000
1 29 141 25000
1 30 140 25000
1 31 106 25000
1 32 89 25000
1 33 92 25000
1 34 113 25000
1 35 86 25000
1 36 103 25000
1 37 129 25000
1 38 146 25000
1 39 174 25000
1 40 250 25000
1 41 184 25000
1 42 162 25000
1 43 150 25000
1 44 116 25000
1 45 81 25000
1 46 115 25000
1 47 100 25000
1 48 95 25000
1 49 118 25000
1 50 142 25000
1 51 165 25000
2 3 204 25000
2 4 146 25000
2 5 122 25000
2 6 118 25000
2 7 94 25000
2 8 93 25000
2 9 115 25000
2 10 104 25000
2 11 121 25000
2 12 148 25000
2 13 157 25000
2 14 180 25000
2 15 255 25000
2 16 199 25000
2 17 133 25000
2 18 119 25000
2 19 111 25000
2 20 85 25000
2 21 90 25000
2 22 113 25000
2 23 109 25000
2 24 107 25000
2 25 138 25000
2 26 134 25000
2 27 195 25000
2 28 264 25000
2 29 185 25000
2 30 117 25000
2 31 123 25000
2 32 110 25000
2 33 106 25000
2 34 85 25000
2 35 84 25000
2 36 112 25000
2 37 119 25000
2 38 131 25000
2 39 168 25000
2 40 185 25000
2 41 271 25000
2 42 163 25000
2 43 136 25000
2 44 99 25000
2 45 117 25000
2 46 120 25000
2 47 84 25000
2 48 103 25000
2 49 95 25000
2 50 99 25000
2 51 137 25000
3 4 189 25000
3 5 179 25000
3 6 120 25000
3 7 112 25000
3 8 111 25000
3 9 93 25000
3 10 100 25000
3 11 90 25000
3 12 124 25000
3 13 124 25000
3 14 142 25000
3 15 169 25000
3 16 255 25000
3 17 182 25000
3 18 140 25000
3 19 104 25000
3 20 103 25000
3 21 83 25000
3 22 93 25000
3 23 104 25000
3 24 115 25000
3 25 123 25000
3 26 130 25000
3 27 160 25000
3 28 175 25000
3 29 252 25000
3 30 169 25000
3 31 143 25000
3 32 116 25000
3 33 97 25000
3 34 88 25000
3 35 100 25000
3 36 89 25000
3 37 92 25000
3 38 125 25000
3 39 130 25000
3 40 135 25000
3 41 208 25000
3 42 238 25000
3 43 171 25000
3 44 135 25000
3 45 113 25000
3 46 92 25000
3 47 106 25000
3 48 89 25000
3 49 93 25000
3 50 106 25000
3 51 121 25000
4 5 182 25000
4 6 125 25000
4 7 111 25000
4 8 115 25000
4 9 106 25000
4 10 101 25000
4 11 98 25000
4 12 113 25000
4 13 106 25000
4 14 122 25000
4 15 143 25000
4 16 144 25000
4 17 239 25000
4 18 178 25000
4 19 124 25000
4 20 112 25000
4 21 103 25000
4 22 97 25000
4 23 87 25000
4 24 87 25000
4 25 97 25000
4 26 107 25000
4 27 119 25000
4 28 143 25000
4 29 198 25000
4 30 262 25000
4 31 169 25000
4 32 139 25000
4 33 120 25000
4 34 98 25000
4 35 99 25000
4 36 97 25000
4 37 107 25000
4 38 113 25000
4 39 116 25000
4 40 130 25000
4 41 131 25000
4 42 163 25000
4 43 247 25000
4 44 179 25000
4 45 147 25000
4 46 123 25000
4 47 113 25000
4 48 98 25000
4 49 99 25000
4 50 98 25000
4 51 129 25000
5 6 180 25000
5 7 138 25000
5 8 119 25000
5 9 106 25000
5 10 99 25000
5 11 102 25000
5 12 127 25000
5 13 90 25000
5 14 91 25000
5 15 124 25000
5 16 156 25000
5 17 184 25000
5 18 244 25000
5 19 177 25000
5 20 131 25000
5 21 119 25000
5 22 99 25000
5 23 109 25000
5 24 95 25000
5 25 94 25000
5 26 99 25000
5 27 128 25000
5 28 135 25000
5 29 141 25000
5 30 189 25000
5 31 254 25000
5 32 188 25000
5 33 155 25000
5 34 116 25000
5 35 95 25000
5 36 104 25000
5 37 90 25000
5 38 93 25000
5 39 99 25000
5 40 100 25000
5 41 109 25000
5 42 151 25000
5 43 168 25000
5 44 242 25000
5 45 187 25000
5 46 150 25000
5 47 129 25000
5 48 97 25000
5 49 107 25000
5 50 87 25000
5 51 98 25000
6 7 190 25000
6 8 139 25000
6 9 115 25000
6 10 103 25000
6 11 99 25000
6 12 95 25000
6 13 115 25000
6 14 124 25000
6 15 93 25000
6 16 118 25000
6 17 135 25000
6 18 167 25000
6 19 251 25000
6 20 150 25000
6 21 149 25000
6 22 102 25000
6 23 90 25000
6 24 90 25000
6 25 111 25000
6 26 86 25000
6 27 87 25000
6 28 107 25000
6 29 117 25000
6 30 122 25000
6 31 161 25000
6 32 258 25000
6 33 154 25000
6 34 158 25000
6 35 109 25000
6 36 118 25000
6 37 96 25000
6 38 94 25000
6 39 95 25000
6 40 102 25000
6 41 100 25000
6 42 132 25000
6 43 140 25000
6 44 153 25000
6 45 245 25000
6 46 167 25000
6 47 120 25000
6 48 115 25000
6 49 109 25000
6 50 81 25000
6 51 114 25000
7 8 171 25000
7 9 172 25000
7 10 141 25000
7 11 129 25000
7 12 112 25000
7 13 83 25000
7 14 85 25000
7 15 81 25000
7 16 107 25000
7 17 107 25000
7 18 128 25000
7 19 155 25000
7 20 261 25000
7 21 155 25000
7 22 139 25000
7 23 124 25000
7 24 96 25000
7 25 95 25000
7 26 96 25000
7 27 87 25000
7 28 104 25000
7 29 124 25000
7 30 123 25000
7 31 151 25000
7 32 170 25000
7 33 252 25000
7 34 201 25000
7 35 138 25000
7 36 114 25000
7 37 108 25000
7 38 101 25000
7 39 84 25000
7 40 96 25000
7 41 107 25000
7 42 128 25000
7 43 117 25000
7 44 132 25000
7 45 176 25000
7 46 247 25000
7 47 196 25000
7 48 121 25000
7 49 109 25000
7 50 98 25000
7 51 112 25000
8 9 176 25000
8 10 137 25000
8 11 109 25000
8 12 114 25000
8 13 82 25000
8 14 110 25000
8 15 110 25000
8 16 86 25000
8 17 103 25000
8 18 126 25000
8 19 128 25000
8 20 164 25000
8 21 241 25000
8 22 168 25000
8 23 127 25000
8 24 123 25000
8 25 99 25000
8 26 98 25000
8 27 97 25000
8 28 91 25000
8 29 102 25000
8 30 99 25000
8 31 113 25000
8 32 130 25000
8 33 178 25000
8 34 252 25000
8 35 183 25000
8 36 141 25000
8 37 139 25000
8 38 91 25000
8 39 103 25000
8 40 113 25000
8 41 82 25000
8 42 93 25000
8 43 92 25000
8 44 122 25000
8 45 120 25000
8 46 154 25000
8 47 250 25000
8 48 166 25000
8 49 135 25000
8 50 121 25000
8 51 111 25000
9 10 191 25000
9 11 144 25000
9 12 127 25000
9 13 103 25000
9 14 109 25000
9 15 110 25000
9 16 100 25000
9 17 97 25000
9 18 87 25000
9 19 116 25000
9 20 133 25000
9 21 177 25000
9 22 272 25000
9 23 191 25000
9 24 136 25000
9 25 128 25000
9 26 95 25000
9 27 103 25000
9 28 84 25000
9 29 111 25000
9 30 90 25000
9 31 87 25000
9 32 122 25000
9 33 142 25000
9 34 196 25000
9 35 281 25000
9 36 203 25000
9 37 137 25000
9 38 106 25000
9 39 130 25000
9 40 118 25000
9 41 90 25000
9 42 84 25000
9 43 97 25000
9 44 93 25000
9 45 120 25000
9 46 151 25000
9 47 208 25000
9 48 284 25000
9 49 158 25000
9 50 150 25000
9 51 111 25000
10 11 208 25000
10 12 145 25000
10 13 107 25000
10 14 113 25000
10 15 89 25000
10 16 103 25000
10 17 83 25000
10 18 97 25000
10 19 99 25000
10 20 111 25000
10 21 137 25000
10 22 170 25000
10 23 269 25000
10 24 186 25000
10 25 134 25000
10 26 136 25000
10 27 103 25000
10 28 100 25000
10 29 98 25000
10 30 96 25000
10 31 94 25000
10 32 88 25000
10 33 124 25000
10 34 145 25000
10 35 180 25000
10 36 244 25000
10 37 177 25000
10 38 146 25000
10 39 109 25000
10 40 104 25000
10 41 113 25000
10 42 87 25000
10 43 101 25000
10 44 79 25000
10 45 112 25000
10 46 122 25000
10 47 118 25000
10 48 160 25000
10 49 241 25000
10 50 146 25000
10 51 132 25000
11 12 216 25000
11 13 145 25000
11 14 126 25000
11 15 119 25000
11 16 101 25000
11 17 101 25000
11 18 89 25000
11 19 86 25000
11 20 86 25000
11 21 123 25000
11 22 146 25000
11 23 196 25000
11 24 269 25000
11 25 173 25000
11 26 147 25000
11 27 133 25000
11 28 129 25000
11 29 92 25000
11 30 106 25000
11 31 78 25000
11 32 104 25000
11 33 102 25000
11 34 102 25000
11 35 126 25000
11 36 178 25000
11 37 254 25000
11 38 183 25000
11 39 150 25000
11 40 126 25000
11 41 103 25000
11 42 115 25000
11 43 83 25000
11 44 95 25000
11 45 102 25000
11 46 94 25000
11 47 119 25000
11 48 127 25000
11 49 182 25000
11 50 258 25000
11 51 167 25000
12 13 207 25000
12 14 177 25000
12 15 129 25000
12 16 106 25000
12 17 105 25000
12 18 113 25000
12 19 87 25000
12 20 105 25000
12 21 120 25000
12 22 139 25000
12 23 145 25000
12 24 210 25000
12 25 306 25000
12 26 204 25000
12 27 174 25000
12 28 139 25000
12 29 111 25000
12 30 121 25000
12 31 98 25000
12 32 100 25000
12 33 112 25000
12 34 117 25000
12 35 124 25000
12 36 157 25000
12 37 207 25000
12 38 314 25000
12 39 223 25000
12 40 154 25000
12 41 145 25000
12 42 124 25000
12 43 122 25000
12 44 106 25000
12 45 116 25000
12 46 98 25000
12 47 122 25000
12 48 127 25000
12 49 144 25000
12 50 191 25000
12 51 288 25000
13 14 204 25000
13 15 174 25000
13 16 102 25000
13 17 125 25000
13 18 87 25000
13 19 94 25000
13 20 101 25000
13 21 110 25000
13 22 111 25000
13 23 136 25000
13 24 184 25000
13 25 229 25000
13 26 268 25000
13 27 167 25000
13 28 139 25000
13 29 135 25000
13 30 121 25000
13 31 116 25000
13 32 100 25000
13 33 101 25000
13 34 101 25000
13 35 108 25000
13 36 131 25000
13 37 150 25000
13 38 206 25000
13 39 270 25000
13 40 184 25000
13 41 163 25000
13 42 136 25000
13 43 106 25000
13 44 98 25000
13 45 90 25000
13 46 74 25000
13 47 88 25000
13 48 114 25000
13 49 126 25000
13 50 150 25000
13 51 200 25000
14 15 183 25000
14 16 153 25000
14 17 129 25000
14 18 112 25000
14 19 100 25000
14 20 105 25000
14 21 97 25000
14 22 104 25000
14 23 120 25000
14 24 139 25000
14 25 160 25000
14 26 180 25000
14 27 287 25000
14 28 179 25000
14 29 140 25000
14 30 117 25000
14 31 117 25000
14 32 101 25000
14 33 106 25000
14 34 102 25000
14 35 109 25000
14 36 99 25000
14 37 128 25000
14 38 147 25000
14 39 189 25000
14 40 259 25000
14 41 190 25000
14 42 131 25000
14 43 122 25000
14 44 106 25000
14 45 83 25000
14 46 89 25000
14 47 92 25000
14 48 103 25000
14 49 98 25000
14 50 133 25000
14 51 161 25000
15 16 180 25000
15 17 146 25000
15 18 118 25000
15 19 97 25000
15 20 99 25000
15 21 122 25000
15 22 101 25000
15 23 98 25000
15 24 129 25000
15 25 160 25000
15 26 152 25000
15 27 196 25000
15 28 265 25000
15 29 167 25000
15 30 139 25000
15 31 105 25000
15 32 110 25000
15 33 101 25000
15 34 96 25000
15 35 99 25000
15 36 94 25000
15 37 111 25000
15 38 119 25000
15 39 155 25000
15 40 187 25000
15 41 273 25000
15 42 181 25000
15 43 127 25000
15 44 137 25000
15 45 116 25000
15 46 103 25000
15 47 87 25000
15 48 86 25000
15 49 102 25000
15 50 113 25000
15 51 146 25000
16 17 199 25000
16 18 154 25000
16 19 128 25000
16 20 114 25000
16 21 94 25000
16 22 98 25000
16 23 109 25000
16 24 88 25000
16 25 140 25000
16 26 130 25000
16 27 129 25000
16 28 176 25000
16 29 256 25000
16 30 185 25000
16 31 146 25000
16 32 127 25000
16 33 99 25000
16 34 103 25000
16 35 106 25000
16 36 109 25000
16 37 115 25000
16 38 125 25000
16 39 120 25000
16 40 152 25000
16 41 165 25000
16 42 249 25000
16 43 167 25000
16 44 147 25000
16 45 121 25000
16 46 76 25000
16 47 88 25000
16 48 86 25000
16 49 82 25000
16 50 92 25000
16 51 124 25000
17 18 201 25000
17 19 141 25000
17 20 124 25000
17 21 97 25000
17 22 110 25000
17 23 83 25000
17 24 110 25000
17 25 121 25000
17 26 117 25000
17 27 134 25000
17 28 130 25000
17 29 181 25000
17 30 240 25000
17 31 173 25000
17 32 123 25000
17 33 131 25000
17 34 101 25000
17 35 96 25000
17 36 96 25000
17 37 112 25000
17 38 109 25000
17 39 102 25000
17 40 123 25000
17 41 131 25000
17 42 173 25000
17 43 274 25000
17 44 182 25000
17 45 150 25000
17 46 100 25000
17 47 101 25000
17 48 94 25000
17 49 96 25000
17 50 129 25000
17 51 115 25000
18 19 175 25000
18 20 180 25000
18 21 109 25000
18 22 103 25000
18 23 112 25000
18 24 98 25000
18 25 120 25000
18 26 103 25000
18 27 107 25000
18 28 119 25000
18 29 146 25000
18 30 194 25000
18 31 264 25000
18 32 181 25000
18 33 123 25000
18 34 125 25000
18 35 97 25000
18 36 99 25000
18 37 72 25000
18 38 113 25000
18 39 103 25000
18 40 112 25000
18 41 120 25000
18 42 136 25000
18 43 166 25000
18 44 251 25000
18 45 167 25000
18 46 142 25000
18 47 129 25000
18 48 97 25000
18 49 101 25000
18 50 86 25000
18 51 100 25000
19 20 200 25000
19 21 162 25000
19 22 127 25000
19 23 95 25000
19 24 96 25000
19 25 85 25000
19 26 103 25000
19 27 91 25000
19 28 125 25000
19 29 116 25000
19 30 144 25000
19 31 177 25000
19 32 250 25000
19 33 152 25000
19 34 119 25000
19 35 114 25000
19 36 93 25000
19 37 87 25000
19 38 88 25000
19 39 105 25000
19 40 102 25000
19 41 108 25000
19 42 120 25000
19 43 134 25000
19 44 149 25000
19 45 282 25000
19 46 182 25000
19 47 139 25000
19 48 101 25000
19 49 99 25000
19 50 103 25000
19 51 95 25000
20 21 198 25000
20 22 136 25000
20 23 133 25000
20 24 100 25000
20 25 125 25000
20 26 90 25000
20 27 113 25000
20 28 92 25000
20 29 102 25000
20 30 108 25000
20 31 133 25000
20 32 183 25000
20 33 281 25000
20 34 181 25000
20 35 124 25000
20 36 130 25000
20 37 101 25000
20 38 84 25000
20 39 95 25000
20 40 88 25000
20 41 95 25000
20 42 97 25000
20 43 113 25000
20 44 134 25000
20 45 159 25000
20 46 267 25000
20 47 184 25000
20 48 127 25000
20 49 121 25000
20 50 115 25000
20 51 100 25000
21 22 183 25000
21 23 150 25000
21 24 130 25000
21 25 116 25000
21 26 85 25000
21 27 96 25000
21 28 96 25000
21 29 95 25000
21 30 91 25000
21 31 127 25000
21 32 136 25000
21 33 175 25000
21 34 276 25000
21 35 156 25000
21 36 149 25000
21 37 117 25000
21 38 105 25000
21 39 92 25000
21 40 98 25000
21 41 94 25000
21 42 101 25000
21 43 99 25000
21 44 124 25000
21 45 154 25000
21 46 195 25000
21 47 287 25000
21 48 182 25000
21 49 124 25000
21 50 118 25000
21 51 105 25000
22 23 204 25000
22 24 159 25000
22 25 135 25000
22 26 116 25000
22 27 110 25000
22 28 91 25000
22 29 110 25000
22 30 106 25000
22 31 112 25000
22 32 124 25000
22 33 128 25000
22 34 163 25000
22 35 269 25000
22 36 157 25000
22 37 132 25000
22 38 122 25000
22 39 104 25000
22 40 108 25000
22 41 84 25000
22 42 89 25000
22 43 91 25000
22 44 108 25000
22 45 93 25000
22 46 133 25000
22 47 155 25000
22 48 260 25000
22 49 164 25000
22 50 128 25000
22 51 116 25000
23 24 214 25000
23 25 160 25000
23 26 125 25000
23 27 109 25000
23 28 86 25000
23 29 96 25000
23 30 121 25000
23 31 103 25000
23 32 105 25000
23 33 106 25000
23 34 141 25000
23 35 180 25000
23 36 267 25000
23 37 169 25000
23 38 133 25000
23 39 132 25000
23 40 99 25000
23 41 99 25000
23 42 87 25000
23 43 97 25000
23 44 93 25000
23 45 105 25000
23 46 110 25000
23 47 128 25000
23 48 191 25000
23 49 249 25000
23 50 180 25000
23 51 142 25000
24 25 225 25000
24 26 158 25000
24 27 143 25000
24 28 121 25000
24 29 111 25000
24 30 99 25000
24 31 94 25000
24 32 118 25000
24 33 95 25000
24 34 132 25000
24 35 133 25000
24 36 166 25000
24 37 243 25000
24 38 190 25000
24 39 135 25000
24 40 128 25000
24 41 121 25000
24 42 97 25000
24 43 101 25000
24 44 98 25000
24 45 109 25000
24 46 79 25000
24 47 122 25000
24 48 148 25000
24 49 187 25000
24 50 268 25000
24 51 202 25000
25 26 199 25000
25 27 166 25000
25 28 123 25000
25 29 113 25000
25 30 115 25000
25 31 109 25000
25 32 111 25000
25 33 89 25000
25 34 119 25000
25 35 127 25000
25 36 143 25000
25 37 169 25000
25 38 258 25000
25 39 174 25000
25 40 164 25000
25 41 128 25000
25 42 121 25000
25 43 99 25000
25 44 116 25000
25 45 95 25000
25 46 105 25000
25 47 116 25000
25 48 114 25000
25 49 132 25000
25 50 165 25000
25 51 262 25000
26 27 216 25000
26 28 178 25000
26 29 142 25000
26 30 147 25000
26 31 111 25000
26 32 90 25000
26 33 91 25000
26 34 119 25000
26 35 122 25000
26 36 132 25000
26 37 194 25000
26 38 232 25000
26 39 276 25000
26 40 180 25000
26 41 158 25000
26 42 112 25000
26 43 123 25000
26 44 98 25000
26 45 81 25000
26 46 90 25000
26 47 89 25000
26 48 104 25000
26 49 100 25000
26 50 135 25000
26 51 204 25000
27 28 198 25000
27 29 137 25000
27 30 103 25000
27 31 117 25000
27 32 108 25000
27 33 91 25000
27 34 102 25000
27 35 95 25000
27 36 130 25000
27 37 170 25000
27 38 161 25000
27 39 197 25000
27 40 255 25000
27 41 170 25000
27 42 131 25000
27 43 133 25000
27 44 101 25000
27 45 91 25000
27 46 109 25000
27 47 86 25000
27 48 84 25000
27 49 113 25000
27 50 102 25000
27 51 163 25000
28 29 219 25000
28 30 140 25000
28 31 142 25000
28 32 114 25000
28 33 95 25000
28 34 104 25000
28 35 95 25000
28 36 114 25000
28 37 116 25000
28 38 147 25000
28 39 177 25000
28 40 205 25000
28 41 260 25000
28 42 153 25000
28 43 127 25000
28 44 126 25000
28 45 107 25000
28 46 104 25000
28 47 85 25000
28 48 76 25000
28 49 112 25000
28 50 116 25000
28 51 131 25000
29 30 195 25000
29 31 137 25000
29 32 125 25000
29 33 118 25000
29 34 98 25000
29 35 95 25000
29 36 96 25000
29 37 108 25000
29 38 135 25000
29 39 133 25000
29 40 139 25000
29 41 187 25000
29 42 287 25000
29 43 179 25000
29 44 158 25000
29 45 126 25000
29 46 104 25000
29 47 116 25000
29 48 99 25000
29 49 105 25000
29 50 110 25000
29 51 122 25000
30 31 214 25000
30 32 144 25000
30 33 116 25000
30 34 114 25000
30 35 100 25000
30 36 90 25000
30 37 109 25000
30 38 99 25000
30 39 135 25000
30 40 131 25000
30 41 158 25000
30 42 187 25000
30 43 230 25000
30 44 178 25000
30 45 125 25000
30 46 128 25000
30 47 106 25000
30 48 83 25000
30 49 85 25000
30 50 94 25000
30 51 94 25000
31 32 186 25000
31 33 154 25000
31 34 124 25000
31 35 111 25000
31 36 116 25000
31 37 95 25000
31 38 106 25000
31 39 103 25000
31 40 106 25000
31 41 136 25000
31 42 142 25000
31 43 176 25000
31 44 282 25000
31 45 191 25000
31 46 124 25000
31 47 125 25000
31 48 91 25000
31 49 85 25000
31 50 96 25000
31 51 117 25000
32 33 192 25000
32 34 129 25000
32 35 120 25000
32 36 107 25000
32 37 101 25000
32 38 106 25000
32 39 82 25000
32 40 87 25000
32 41 105 25000
32 42 112 25000
32 43 138 25000
32 44 166 25000
32 45 246 25000
32 46 170 25000
32 47 135 25000
32 48 105 25000
32 49 102 25000
32 50 96 25000
32 51 97 25000
33 34 193 25000
33 35 132 25000
33 36 128 25000
33 37 119 25000
33 38 102 25000
33 39 89 25000
33 40 104 25000
33 41 92 25000
33 42 113 25000
33 43 123 25000
33 44 149 25000
33 45 167 25000
33 46 266 25000
33 47 162 25000
33 48 156 25000
33 49 122 25000
33 50 95 25000
33 51 99 25000
34 35 192 25000
34 36 149 25000
34 37 128 25000
34 38 96 25000
34 39 110 25000
34 40 111 25000
34 41 105 25000
34 42 91 25000
34 43 105 25000
34 44 116 25000
34 45 144 25000
34 46 198 25000
34 47 259 25000
34 48 173 25000
34 49 131 25000
34 50 132 25000
34 51 109 25000
35 36 187 25000
35 37 138 25000
35 38 120 25000
35 39 115 25000
35 40 108 25000
35 41 100 25000
35 42 88 25000
35 43 88 25000
35 44 103 25000
35 45 116 25000
35 46 126 25000
35 47 174 25000
35 48 239 25000
35 49 180 25000
35 50 129 25000
35 51 120 25000
36 37 190 25000
36 38 164 25000
36 39 123 25000
36 40 121 25000
36 41 96 25000
36 42 95 25000
36 43 97 25000
36 44 102 25000
36 45 112 25000
36 46 122 25000
36 47 130 25000
36 48 169 25000
36 49 257 25000
36 50 169 25000
36 51 156 25000
37 38 217 25000
37 39 148 25000
37 40 139 25000
37 41 122 25000
37 42 104 25000
37 43 103 25000
37 44 103 25000
37 45 94 25000
37 46 98 25000
37 47 101 25000
37 48 140 25000
37 49 194 25000
37 50 277 25000
37 51 182 25000
38 39 201 25000
38 40 178 25000
38 41 133 25000
38 42 121 25000
38 43 106 25000
38 44 99 25000
38 45 93 25000
38 46 82 25000
38 47 100 25000
38 48 107 25000
38 49 143 25000
38 50 159 25000
38 51 271 25000
39 40 204 25000
39 41 158 25000
39 42 154 25000
39 43 139 25000
39 44 102 25000
39 45 100 25000
39 46 83 25000
39 47 96 25000
39 48 99 25000
39 49 151 25000
39 50 170 25000
39 51 226 25000
40 41 196 25000
40 42 153 25000
40 43 121 25000
40 44 98 25000
40 45 109 25000
40 46 93 25000
40 47 103 25000
40 48 108 25000
40 49 98 25000
40 50 136 25000
40 51 209 25000
41 42 190 25000
41 43 160 25000
41 44 133 25000
41 45 83 25000
41 46 103 25000
41 47 90 25000
41 48 105 25000
41 49 111 25000
41 50 121 25000
41 51 164 25000
42 43 209 25000
42 44 151 25000
42 45 120 25000
42 46 116 25000
42 47 101 25000
42 48 114 25000
42 49 113 25000
42 50 109 25000
42 51 122 25000
43 44 201 25000
43 45 171 25000
43 46 127 25000
43 47 108 25000
43 48 121 25000
43 49 103 25000
43 50 83 25000
43 51 105 25000
44 45 177 25000
44 46 134 25000
44 47 112 25000
44 48 104 25000
44 49 116 25000
44 50 114 25000
44 51 100 25000
45 46 198 25000
45 47 142 25000
45 48 131 25000
45 49 119 25000
45 50 101 25000
45 51 100 25000
46 47 195 25000
46 48 155 25000
46 49 119 25000
46 50 106 25000
46 51 113 25000
47 48 195 25000
47 49 143 25000
47 50 116 25000
47 51 117 25000
48 49 198 25000
48 50 144 25000
48 51 132 25000
49 50 185 25000
49 51 173 25000
50 51 196 25000
