0 1 206 25000
0 2 179 25000
0 3 117 25000
0 4 114 25000
0 5 100 25000
0 6 103 25000
0 7 122 25000
0 8 112 25000
0 9 142 25000
0 10 106 25000
0 11 156 25000
0 12 230 25000
0 13 237 25000
0 14 214 25000
0 15 133 25000
0 16 133 25000
0 17 131 25000
0 18 96 25000
0 19 106 25000
0 20 95 25000
0 21 87 25000
0 22 111 25000
0 23 114 25000
0 24 162 25000
0 25 198 25000
0 26 243 25000
0 27 201 25000
0 28 131 25000
0 29 123 25000
0 30 97 25000
0 31 119 25000
0 32 116 25000
0 33 96 25000
0 34 95 25000
0 35 109 25000
0 36 125 25000
0 37 118 25000
0 38 214 25000
0 39 257 25000
0 40 208 25000
0 41 145 25000
0 42 121 25000
0 43 114 25000
0 44 95 25000
0 45 104 25000
0 46 88 25000
0 47 111 25000
0 48 113 25000
0 49 121 25000
0 50 159 25000
0 51 209 25000
1 2 212 25000
1 3 157 25000
1 4 151 25000
1 5 98 25000
1 6 102 25000
1 7 90 25000
1 8 94 25000
1 9 92 25000
1 10 132 25000
1 11 124 25000
1 12 185 25000
1 13 175 25000
1 14 259 25000
1 15 181 25000
1 16 124 25000
1 17 134 25000
1 18 112 25000
1 19 109 25000
1 20 89 25000
1 21 102 25000
1 22 87 25000
1 23 138 25000
1 24 138 25000
1 25 143 25000
1 26 190 25000
1 27 264 25000
1 28 161 25000
1 29 138 25000
1 30 115 25000
1 31 116 25000
1 32 104 25000
1 33 98 25000
1 34 99 25000
1 35 98 25000
1 36 98 25000
1 37 118 25000
1 38 168 25000
1 39 185 25000
1 40 271 25000
1 41 178 25000
1 42 131 25000
1 43 127 25000
1 44 123 25000
1 45 110 25000
1 46 90 25000
1 47 103 25000
1 48 111 25000
1 49 111 25000
1 50 117 25000
1 51 160 25000
2 3 189 25000
2 4 141 25000
2 5 134 25000
2 6 98 25000
2 7 96 25000
2 8 110 25000
2 9 107 25000
2 10 103 25000
2 11 98 25000
2 12 152 25000
2 13 150 25000
2 14 184 25000
2 15 275 25000
2 16 179 25000
2 17 140 25000
2 18 136 25000
2 19 113 25000
2 20 119 25000
2 21 87 25000
2 22 87 25000
2 23 105 25000
2 24 115 25000
2 25 126 25000
2 26 151 25000
2 27 149 25000
2 28 240 25000
2 29 191 25000
2 30 140 25000
2 31 116 25000
2 32 114 25000
2 33 97 25000
2 34 91 25000
2 35 94 25000
2 36 89 25000
2 37 103 25000
2 38 125 25000
2 39 135 25000
2 40 184 25000
2 41 243 25000
2 42 176 25000
2 43 140 25000
2 44 134 25000
2 45 94 25000
2 46 103 25000
2 47 87 25000
2 48 88 25000
2 49 98 25000
2 50 92 25000
2 51 124 25000
3 4 206 25000
3 5 155 25000
3 6 131 25000
3 7 116 25000
3 8 109 25000
3 9 106 25000
3 10 112 25000
3 11 123 25000
3 12 120 25000
3 13 113 25000
3 14 146 25000
3 15 183 25000
3 16 286 25000
3 17 204 25000
3 18 140 25000
3 19 100 25000
3 20 86 25000
3 21 108 25000
3 22 97 25000
3 23 100 25000
3 24 92 25000
3 25 133 25000
3 26 114 25000
3 27 150 25000
3 28 166 25000
3 29 251 25000
3 30 180 25000
3 31 134 25000
3 32 131 25000
3 33 114 25000
3 34 103 25000
3 35 80 25000
3 36 85 25000
3 37 119 25000
3 38 132 25000
3 39 133 25000
3 40 152 25000
3 41 182 25000
3 42 252 25000
3 43 191 25000
3 44 152 25000
3 45 115 25000
3 46 124 25000
3 47 83 25000
3 48 94 25000
3 49 84 25000
3 50 106 25000
3 51 122 25000
4 5 174 25000
4 6 152 25000
4 7 109 25000
4 8 110 25000
4 9 101 25000
4 10 92 25000
4 11 99 25000
4 12 109 25000
4 13 107 25000
4 14 106 25000
4 15 140 25000
4 16 162 25000
4 17 254 25000
4 18 151 25000
4 19 149 25000
4 20 111 25000
4 21 102 25000
4 22 89 25000
4 23 82 25000
4 24 98 25000
4 25 101 25000
4 26 131 25000
4 27 122 25000
4 28 135 25000
4 29 159 25000
4 30 268 25000
4 31 177 25000
4 32 147 25000
4 33 118 25000
4 34 95 25000
4 35 96 25000
4 36 97 25000
4 37 101 25000
4 38 99 25000
4 39 97 25000
4 40 113 25000
4 41 117 25000
4 42 178 25000
4 43 280 25000
4 44 183 25000
4 45 147 25000
4 46 119 25000
4 47 104 25000
4 48 93 25000
4 49 97 25000
4 50 87 25000
4 51 122 25000
5 6 195 25000
5 7 140 25000
5 8 116 25000
5 9 106 25000
5 10 107 25000
5 11 121 25000
5 12 125 25000
5 13 115 25000
5 14 116 25000
5 15 116 25000
5 16 146 25000
5 17 183 25000
5 18 255 25000
5 19 186 25000
5 20 129 25000
5 21 105 25000
5 22 119 25000
5 23 78 25000
5 24 89 25000
5 25 97 25000
5 26 103 25000
5 27 106 25000
5 28 120 25000
5 29 134 25000
5 30 172 25000
5 31 267 25000
5 32 152 25000
5 33 120 25000
5 34 105 25000
5 35 97 25000
5 36 94 25000
5 37 75 25000
5 38 93 25000
5 39 122 25000
5 40 113 25000
5 41 110 25000
5 42 132 25000
5 43 167 25000
5 44 233 25000
5 45 187 25000
5 46 157 25000
5 47 120 25000
5 48 85 25000
5 49 91 25000
5 50 115 25000
5 51 80 25000
6 7 186 25000
6 8 150 25000
6 9 133 25000
6 10 112 25000
6 11 103 25000
6 12 111 25000
6 13 107 25000
6 14 100 25000
6 15 116 25000
6 16 130 25000
6 17 144 25000
6 18 159 25000
6 19 263 25000
6 20 191 25000
6 21 118 25000
6 22 120 25000
6 23 101 25000
6 24 110 25000
6 25 95 25000
6 26 111 25000
6 27 104 25000
6 28 115 25000
6 29 120 25000
6 30 165 25000
6 31 150 25000
6 32 260 25000
6 33 151 25000
6 34 124 25000
6 35 108 25000
6 36 82 25000
6 37 85 25000
6 38 97 25000
6 39 104 25000
6 40 115 25000
6 41 92 25000
6 42 136 25000
6 43 132 25000
6 44 158 25000
6 45 251 25000
6 46 198 25000
6 47 143 25000
6 48 123 25000
6 49 88 25000
6 50 95 25000
6 51 115 25000
7 8 175 25000
7 9 151 25000
7 10 111 25000
7 11 102 25000
7 12 103 25000
7 13 90 25000
7 14 86 25000
7 15 83 25000
7 16 95 25000
7 17 113 25000
7 18 122 25000
7 19 160 25000
7 20 228 25000
7 21 201 25000
7 22 125 25000
7 23 115 25000
7 24 90 25000
7 25 103 25000
7 26 117 25000
7 27 99 25000
7 28 96 25000
7 29 109 25000
7 30 118 25000
7 31 120 25000
7 32 181 25000
7 33 261 25000
7 34 178 25000
7 35 111 25000
7 36 126 25000
7 37 113 25000
7 38 93 25000
7 39 100 25000
7 40 108 25000
7 41 99 25000
7 42 95 25000
7 43 127 25000
7 44 126 25000
7 45 190 25000
7 46 260 25000
7 47 170 25000
7 48 146 25000
7 49 114 25000
7 50 126 25000
7 51 98 25000
8 9 188 25000
8 10 151 25000
8 11 120 25000
8 12 112 25000
8 13 101 25000
8 14 110 25000
8 15 99 25000
8 16 85 25000
8 17 110 25000
8 18 106 25000
8 19 142 25000
8 20 172 25000
8 21 246 25000
8 22 183 25000
8 23 130 25000
8 24 112 25000
8 25 110 25000
8 26 91 25000
8 27 85 25000
8 28 97 25000
8 29 113 25000
8 30 99 25000
8 31 98 25000
8 32 146 25000
8 33 167 25000
8 34 229 25000
8 35 169 25000
8 36 134 25000
8 37 102 25000
8 38 114 25000
8 39 100 25000
8 40 103 25000
8 41 84 25000
8 42 93 25000
8 43 83 25000
8 44 118 25000
8 45 149 25000
8 46 165 25000
8 47 258 25000
8 48 178 25000
8 49 147 25000
8 50 108 25000
8 51 103 25000
9 10 181 25000
9 11 143 25000
9 12 127 25000
9 13 97 25000
9 14 102 25000
9 15 89 25000
9 16 95 25000
9 17 84 25000
9 18 93 25000
9 19 131 25000
9 20 144 25000
9 21 175 25000
9 22 253 25000
9 23 168 25000
9 24 118 25000
9 25 137 25000
9 26 125 25000
9 27 83 25000
9 28 90 25000
9 29 81 25000
9 30 84 25000
9 31 105 25000
9 32 115 25000
9 33 118 25000
9 34 150 25000
9 35 239 25000
9 36 180 25000
9 37 130 25000
9 38 121 25000
9 39 114 25000
9 40 108 25000
9 41 88 25000
9 42 90 25000
9 43 78 25000
9 44 101 25000
9 45 110 25000
9 46 130 25000
9 47 178 25000
9 48 254 25000
9 49 173 25000
9 50 125 25000
9 51 119 25000
10 11 191 25000
10 12 164 25000
10 13 123 25000
10 14 111 25000
10 15 98 25000
10 16 102 25000
10 17 80 25000
10 18 94 25000
10 19 59 25000
10 20 98 25000
10 21 127 25000
10 22 160 25000
10 23 278 25000
10 24 172 25000
10 25 145 25000
10 26 120 25000
10 27 84 25000
10 28 92 25000
10 29 78 25000
10 30 110 25000
10 31 94 25000
10 32 134 25000
10 33 122 25000
10 34 132 25000
10 35 150 25000
10 36 260 25000
10 37 187 25000
10 38 134 25000
10 39 115 25000
10 40 108 25000
10 41 107 25000
10 42 104 25000
10 43 88 25000
10 44 88 25000
10 45 92 25000
10 46 117 25000
10 47 128 25000
10 48 173 25000
10 49 262 25000
10 50 179 25000
10 51 133 25000
11 12 219 25000
11 13 149 25000
11 14 132 25000
11 15 110 25000
11 16 107 25000
11 17 106 25000
11 18 77 25000
11 19 101 25000
11 20 107 25000
11 21 87 25000
11 22 131 25000
11 23 193 25000
11 24 277 25000
11 25 165 25000
11 26 150 25000
11 27 135 25000
11 28 123 25000
11 29 100 25000
11 30 96 25000
11 31 108 25000
11 32 99 25000
11 33 97 25000
11 34 129 25000
11 35 118 25000
11 36 161 25000
11 37 272 25000
11 38 173 25000
11 39 166 25000
11 40 138 25000
11 41 109 25000
11 42 101 25000
11 43 106 25000
11 44 108 25000
11 45 79 25000
11 46 86 25000
11 47 125 25000
11 48 135 25000
11 49 171 25000
11 50 254 25000
11 51 179 25000
12 13 244 25000
12 14 174 25000
12 15 149 25000
12 16 147 25000
12 17 142 25000
12 18 124 25000
12 19 109 25000
12 20 104 25000
12 21 119 25000
12 22 133 25000
12 23 139 25000
12 24 177 25000
12 25 331 25000
12 26 225 25000
12 27 168 25000
12 28 132 25000
12 29 140 25000
12 30 107 25000
12 31 99 25000
12 32 93 25000
12 33 101 25000
12 34 113 25000
12 35 130 25000
12 36 159 25000
12 37 212 25000
12 38 292 25000
12 39 197 25000
12 40 184 25000
12 41 155 25000
12 42 125 25000
12 43 129 25000
12 44 102 25000
12 45 84 25000
12 46 105 25000
12 47 115 25000
12 48 137 25000
12 49 169 25000
12 50 190 25000
12 51 304 25000
13 14 170 25000
13 15 157 25000
13 16 114 25000
13 17 114 25000
13 18 96 25000
13 19 94 25000
13 20 116 25000
13 21 110 25000
13 22 101 25000
13 23 125 25000
13 24 166 25000
13 25 242 25000
13 26 255 25000
13 27 191 25000
13 28 145 25000
13 29 122 25000
13 30 123 25000
13 31 110 25000
13 32 100 25000
13 33 115 25000
13 34 110 25000
13 35 102 25000
13 36 144 25000
13 37 146 25000
13 38 187 25000
13 39 274 25000
13 40 201 25000
13 41 147 25000
13 42 126 25000
13 43 111 25000
13 44 101 25000
13 45 79 25000
13 46 106 25000
13 47 112 25000
13 48 103 25000
13 49 126 25000
13 50 132 25000
13 51 187 25000
14 15 192 25000
14 16 175 25000
14 17 134 25000
14 18 124 25000
14 19 100 25000
14 20 99 25000
14 21 90 25000
14 22 110 25000
14 23 111 25000
14 24 134 25000
14 25 176 25000
14 26 191 25000
14 27 258 25000
14 28 183 25000
14 29 143 25000
14 30 111 25000
14 31 94 25000
14 32 85 25000
14 33 89 25000
14 34 89 25000
14 35 83 25000
14 36 111 25000
14 37 128 25000
14 38 151 25000
14 39 182 25000
14 40 262 25000
14 41 171 25000
14 42 154 25000
14 43 117 25000
14 44 98 25000
14 45 110 25000
14 46 105 25000
14 47 100 25000
14 48 93 25000
14 49 97 25000
14 50 115 25000
14 51 164 25000
15 16 177 25000
15 17 153 25000
15 18 117 25000
15 19 109 25000
15 20 109 25000
15 21 90 25000
15 22 90 25000
15 23 87 25000
15 24 102 25000
15 25 136 25000
15 26 170 25000
15 27 207 25000
15 28 263 25000
15 29 194 25000
15 30 125 25000
15 31 129 25000
15 32 109 25000
15 33 80 25000
15 34 94 25000
15 35 117 25000
15 36 109 25000
15 37 118 25000
15 38 129 25000
15 39 158 25000
15 40 170 25000
15 41 231 25000
15 42 178 25000
15 43 138 25000
15 44 105 25000
15 45 113 25000
15 46 106 25000
15 47 88 25000
15 48 86 25000
15 49 109 25000
15 50 107 25000
15 51 115 25000
16 17 210 25000
16 18 146 25000
16 19 146 25000
16 20 113 25000
16 21 97 25000
16 22 103 25000
16 23 83 25000
16 24 117 25000
16 25 138 25000
16 26 123 25000
16 27 133 25000
16 28 172 25000
16 29 297 25000
16 30 206 25000
16 31 151 25000
16 32 138 25000
16 33 106 25000
16 34 90 25000
16 35 110 25000
16 36 106 25000
16 37 96 25000
16 38 129 25000
16 39 128 25000
16 40 129 25000
16 41 173 25000
16 42 249 25000
16 43 171 25000
16 44 141 25000
16 45 128 25000
16 46 115 25000
16 47 82 25000
16 48 95 25000
16 49 83 25000
16 50 89 25000
16 51 103 25000
17 18 183 25000
17 19 151 25000
17 20 109 25000
17 21 99 25000
17 22 109 25000
17 23 91 25000
17 24 100 25000
17 25 128 25000
17 26 98 25000
17 27 125 25000
17 28 120 25000
17 29 187 25000
17 30 298 25000
17 31 198 25000
17 32 152 25000
17 33 106 25000
17 34 96 25000
17 35 86 25000
17 36 116 25000
17 37 108 25000
17 38 114 25000
17 39 111 25000
17 40 132 25000
17 41 139 25000
17 42 189 25000
17 43 274 25000
17 44 192 25000
17 45 121 25000
17 46 109 25000
17 47 105 25000
17 48 87 25000
17 49 85 25000
17 50 106 25000
17 51 98 25000
18 19 222 25000
18 20 155 25000
18 21 113 25000
18 22 106 25000
18 23 109 25000
18 24 100 25000
18 25 98 25000
18 26 110 25000
18 27 106 25000
18 28 118 25000
18 29 157 25000
18 30 166 25000
18 31 262 25000
18 32 193 25000
18 33 118 25000
18 34 117 25000
18 35 84 25000
18 36 90 25000
18 37 95 25000
18 38 92 25000
18 39 89 25000
18 40 115 25000
18 41 109 25000
18 42 137 25000
18 43 185 25000
18 44 222 25000
18 45 147 25000
18 46 122 25000
18 47 104 25000
18 48 87 25000
18 49 120 25000
18 50 102 25000
18 51 105 25000
19 20 197 25000
19 21 161 25000
19 22 126 25000
19 23 114 25000
19 24 125 25000
19 25 101 25000
19 26 95 25000
19 27 91 25000
19 28 111 25000
19 29 118 25000
19 30 143 25000
19 31 170 25000
19 32 264 25000
19 33 173 25000
19 34 155 25000
19 35 132 25000
19 36 111 25000
19 37 112 25000
19 38 108 25000
19 39 96 25000
19 40 97 25000
19 41 95 25000
19 42 120 25000
19 43 135 25000
19 44 164 25000
19 45 247 25000
19 46 175 25000
19 47 143 25000
19 48 116 25000
19 49 116 25000
19 50 96 25000
19 51 91 25000
20 21 181 25000
20 22 129 25000
20 23 106 25000
20 24 110 25000
20 25 99 25000
20 26 102 25000
20 27 102 25000
20 28 87 25000
20 29 94 25000
20 30 96 25000
20 31 140 25000
20 32 175 25000
20 33 260 25000
20 34 184 25000
20 35 103 25000
20 36 134 25000
20 37 96 25000
20 38 114 25000
20 39 99 25000
20 40 107 25000
20 41 112 25000
20 42 109 25000
20 43 98 25000
20 44 132 25000
20 45 176 25000
20 46 239 25000
20 47 179 25000
20 48 150 25000
20 49 113 25000
20 50 117 25000
20 51 109 25000
21 22 175 25000
21 23 136 25000
21 24 109 25000
21 25 113 25000
21 26 85 25000
21 27 85 25000
21 28 109 25000
21 29 97 25000
21 30 108 25000
21 31 89 25000
21 32 136 25000
21 33 171 25000
21 34 257 25000
21 35 173 25000
21 36 132 25000
21 37 100 25000
21 38 101 25000
21 39 100 25000
21 40 83 25000
21 41 75 25000
21 42 85 25000
21 43 91 25000
21 44 134 25000
21 45 129 25000
21 46 179 25000
21 47 249 25000
21 48 182 25000
21 49 121 25000
21 50 114 25000
21 51 97 25000
22 23 209 25000
22 24 137 25000
22 25 122 25000
22 26 110 25000
22 27 99 25000
22 28 109 25000
22 29 93 25000
22 30 77 25000
22 31 105 25000
22 32 119 25000
22 33 131 25000
22 34 174 25000
22 35 219 25000
22 36 178 25000
22 37 132 25000
22 38 123 25000
22 39 114 25000
22 40 87 25000
22 41 99 25000
22 42 93 25000
22 43 86 25000
22 44 114 25000
22 45 109 25000
22 46 146 25000
22 47 171 25000
22 48 257 25000
22 49 170 25000
22 50 117 25000
22 51 122 25000
23 24 187 25000
23 25 144 25000
23 26 128 25000
23 27 107 25000
23 28 121 25000
23 29 85 25000
23 30 109 25000
23 31 100 25000
23 32 110 25000
23 33 108 25000
23 34 150 25000
23 35 181 25000
23 36 218 25000
23 37 169 25000
23 38 146 25000
23 39 115 25000
23 40 92 25000
23 41 94 25000
23 42 78 25000
23 43 93 25000
23 44 102 25000
23 45 127 25000
23 46 117 25000
23 47 141 25000
23 48 197 25000
23 49 277 25000
23 50 184 25000
23 51 126 25000
24 25 212 25000
24 26 150 25000
24 27 133 25000
24 28 111 25000
24 29 101 25000
24 30 108 25000
24 31 100 25000
24 32 96 25000
24 33 98 25000
24 34 123 25000
24 35 137 25000
24 36 163 25000
24 37 297 25000
24 38 172 25000
24 39 151 25000
24 40 126 25000
24 41 117 25000
24 42 103 25000
24 43 73 25000
24 44 99 25000
24 45 83 25000
24 46 108 25000
24 47 104 25000
24 48 135 25000
24 49 176 25000
24 50 252 25000
24 51 165 25000
25 26 193 25000
25 27 153 25000
25 28 128 25000
25 29 122 25000
25 30 101 25000
25 31 104 25000
25 32 110 25000
25 33 109 25000
25 34 119 25000
25 35 98 25000
25 36 145 25000
25 37 188 25000
25 38 261 25000
25 39 189 25000
25 40 154 25000
25 41 138 25000
25 42 113 25000
25 43 114 25000
25 44 84 25000
25 45 100 25000
25 46 76 25000
25 47 105 25000
25 48 104 25000
25 49 149 25000
25 50 175 25000
25 51 286 25000
26 27 188 25000
26 28 160 25000
26 29 114 25000
26 30 119 25000
26 31 119 25000
26 32 104 25000
26 33 103 25000
26 34 113 25000
26 35 105 25000
26 36 136 25000
26 37 164 25000
26 38 236 25000
26 39 251 25000
26 40 196 25000
26 41 163 25000
26 42 139 25000
26 43 91 25000
26 44 90 25000
26 45 96 25000
26 46 110 25000
26 47 99 25000
26 48 115 25000
26 49 149 25000
26 50 165 25000
26 51 201 25000
27 28 209 25000
27 29 138 25000
27 30 137 25000
27 31 109 25000
27 32 108 25000
27 33 114 25000
27 34 84 25000
27 35 98 25000
27 36 129 25000
27 37 141 25000
27 38 184 25000
27 39 197 25000
27 40 262 25000
27 41 186 25000
27 42 145 25000
27 43 120 25000
27 44 118 25000
27 45 102 25000
27 46 102 25000
27 47 93 25000
27 48 102 25000
27 49 105 25000
27 50 127 25000
27 51 176 25000
28 29 195 25000
28 30 129 25000
28 31 121 25000
28 32 95 25000
28 33 121 25000
28 34 109 25000
28 35 92 25000
28 36 109 25000
28 37 135 25000
28 38 142 25000
28 39 146 25000
28 40 170 25000
28 41 239 25000
28 42 165 25000
28 43 132 25000
28 44 119 25000
28 45 93 25000
28 46 92 25000
28 47 116 25000
28 48 86 25000
28 49 75 25000
28 50 102 25000
28 51 159 25000
29 30 211 25000
29 31 137 25000
29 32 125 25000
29 33 109 25000
29 34 95 25000
29 35 103 25000
29 36 109 25000
29 37 93 25000
29 38 116 25000
29 39 148 25000
29 40 143 25000
29 41 191 25000
29 42 248 25000
29 43 160 25000
29 44 137 25000
29 45 102 25000
29 46 119 25000
29 47 95 25000
29 48 104 25000
29 49 95 25000
29 50 116 25000
29 51 128 25000
30 31 196 25000
30 32 148 25000
30 33 130 25000
30 34 124 25000
30 35 96 25000
30 36 107 25000
30 37 114 25000
30 38 108 25000
30 39 107 25000
30 40 130 25000
30 41 131 25000
30 42 195 25000
30 43 263 25000
30 44 190 25000
30 45 118 25000
30 46 127 25000
30 47 105 25000
30 48 101 25000
30 49 104 25000
30 50 82 25000
30 51 106 25000
31 32 196 25000
31 33 144 25000
31 34 129 25000
31 35 110 25000
31 36 118 25000
31 37 112 25000
31 38 105 25000
31 39 129 25000
31 40 99 25000
31 41 120 25000
31 42 162 25000
31 43 173 25000
31 44 283 25000
31 45 169 25000
31 46 150 25000
31 47 130 25000
31 48 106 25000
31 49 106 25000
31 50 97 25000
31 51 99 25000
32 33 214 25000
32 34 153 25000
32 35 112 25000
32 36 114 25000
32 37 121 25000
32 38 111 25000
32 39 98 25000
32 40 110 25000
32 41 88 25000
32 42 119 25000
32 43 155 25000
32 44 177 25000
32 45 261 25000
32 46 191 25000
32 47 135 25000
32 48 102 25000
32 49 109 25000
32 50 109 25000
32 51 95 25000
33 34 195 25000
33 35 127 25000
33 36 120 25000
33 37 103 25000
33 38 101 25000
33 39 95 25000
33 40 95 25000
33 41 84 25000
33 42 104 25000
33 43 114 25000
33 44 141 25000
33 45 178 25000
33 46 245 25000
33 47 156 25000
33 48 130 25000
33 49 105 25000
33 50 86 25000
33 51 97 25000
34 35 174 25000
34 36 135 25000
34 37 121 25000
34 38 126 25000
34 39 99 25000
34 40 108 25000
34 41 104 25000
34 42 95 25000
34 43 101 25000
34 44 114 25000
34 45 137 25000
34 46 167 25000
34 47 267 25000
34 48 166 25000
34 49 115 25000
34 50 118 25000
34 51 116 25000
35 36 208 25000
35 37 154 25000
35 38 124 25000
35 39 101 25000
35 40 90 25000
35 41 89 25000
35 42 82 25000
35 43 102 25000
35 44 107 25000
35 45 106 25000
35 46 132 25000
35 47 158 25000
35 48 229 25000
35 49 159 25000
35 50 108 25000
35 51 122 25000
36 37 201 25000
36 38 134 25000
36 39 116 25000
36 40 118 25000
36 41 95 25000
36 42 92 25000
36 43 111 25000
36 44 105 25000
36 45 101 25000
36 46 114 25000
36 47 142 25000
36 48 185 25000
36 49 283 25000
36 50 170 25000
36 51 145 25000
37 38 195 25000
37 39 170 25000
37 40 129 25000
37 41 128 25000
37 42 91 25000
37 43 104 25000
37 44 101 25000
37 45 105 25000
37 46 108 25000
37 47 104 25000
37 48 122 25000
37 49 173 25000
37 50 238 25000
37 51 162 25000
38 39 227 25000
38 40 150 25000
38 41 118 25000
38 42 108 25000
38 43 110 25000
38 44 111 25000
38 45 86 25000
38 46 95 25000
38 47 100 25000
38 48 116 25000
38 49 137 25000
38 50 199 25000
38 51 261 25000
39 40 202 25000
39 41 178 25000
39 42 125 25000
39 43 114 25000
39 44 106 25000
39 45 113 25000
39 46 108 25000
39 47 97 25000
39 48 140 25000
39 49 115 25000
39 50 159 25000
39 51 214 25000
40 41 218 25000
40 42 154 25000
40 43 111 25000
40 44 124 25000
40 45 125 25000
40 46 101 25000
40 47 100 25000
40 48 105 25000
40 49 121 25000
40 50 137 25000
40 51 180 25000
41 42 186 25000
41 43 162 25000
41 44 146 25000
41 45 129 25000
41 46 117 25000
41 47 95 25000
41 48 103 25000
41 49 93 25000
41 50 106 25000
41 51 136 25000
42 43 193 25000
42 44 156 25000
42 45 125 25000
42 46 94 25000
42 47 90 25000
42 48 85 25000
42 49 100 25000
42 50 99 25000
42 51 132 25000
43 44 170 25000
43 45 138 25000
43 46 118 25000
43 47 107 25000
43 48 89 25000
43 49 94 25000
43 50 86 25000
43 51 100 25000
44 45 203 25000
44 46 137 25000
44 47 128 25000
44 48 110 25000
44 49 96 25000
44 50 92 25000
44 51 99 25000
45 46 227 25000
45 47 138 25000
45 48 118 25000
45 49 112 25000
45 50 97 25000
45 51 91 25000
46 47 197 25000
46 48 141 25000
46 49 115 25000
46 50 130 25000
46 51 101 25000
47 48 195 25000
47 49 158 25000
47 50 123 25000
47 51 114 25000
48 49 201 25000
48 50 155 25000
48 51 133 25000
49 50 213 25000
49 51 141 25000
50 51 181 25000
