0 1 196 25000
0 2 182 25000
0 3 151 25000
0 4 117 25000
0 5 97 25000
0 6 101 25000
0 7 88 25000
0 8 112 25000
0 9 104 25000
0 10 131 25000
0 11 165 25000
0 12 245 25000
0 13 251 25000
0 14 195 25000
0 15 149 25000
0 16 114 25000
0 17 138 25000
0 18 103 25000
0 19 106 25000
0 20 81 25000
0 21 129 25000
0 22 104 25000
0 23 125 25000
0 24 156 25000
0 25 199 25000
0 26 282 25000
0 27 204 25000
0 28 150 25000
0 29 133 25000
0 30 94 25000
0 31 104 25000
0 32 105 25000
0 33 118 25000
0 34 108 25000
0 35 101 25000
0 36 120 25000
0 37 135 25000
0 38 183 25000
0 39 269 25000
0 40 188 25000
0 41 156 25000
0 42 110 25000
0 43 114 25000
0 44 95 25000
0 45 82 25000
0 46 98 25000
0 47 117 25000
0 48 114 25000
0 49 131 25000
0 50 131 25000
0 51 195 25000
1 2 186 25000
1 3 152 25000
1 4 142 25000
1 5 111 25000
1 6 95 25000
1 7 104 25000
1 8 105 25000
1 9 112 25000
1 10 121 25000
1 11 115 25000
1 12 199 25000
1 13 171 25000
1 14 238 25000
1 15 202 25000
1 16 141 25000
1 17 139 25000
1 18 119 25000
1 19 100 25000
1 20 95 25000
1 21 103 25000
1 22 107 25000
1 23 95 25000
1 24 129 25000
1 25 158 25000
1 26 166 25000
1 27 246 25000
1 28 156 25000
1 29 113 25000
1 30 114 25000
1 31 110 25000
1 32 95 25000
1 33 87 25000
1 34 91 25000
1 35 107 25000
1 36 120 25000
1 37 133 25000
1 38 165 25000
1 39 185 25000
1 40 260 25000
1 41 185 25000
1 42 153 25000
1 43 119 25000
1 44 109 25000
1 45 91 25000
1 46 113 25000
1 47 96 25000
1 48 92 25000
1 49 97 25000
1 50 123 25000
1 51 152 25000
2 3 188 25000
2 4 142 25000
2 5 143 25000
2 6 103 25000
2 7 102 25000
2 8 118 25000
2 9 98 25000
2 10 116 25000
2 11 100 25000
2 12 156 25000
2 13 154 25000
2 14 218 25000
2 15 235 25000
2 16 190 25000
2 17 148 25000
2 18 116 25000
2 19 118 25000
2 20 119 25000
2 21 106 25000
2 22 92 25000
2 23 96 25000
2 24 126 25000
2 25 135 25000
2 26 127 25000
2 27 180 25000
2 28 262 25000
2 29 198 25000
2 30 137 25000
2 31 127 25000
2 32 110 25000
2 33 95 25000
2 34 95 25000
2 35 89 25000
2 36 107 25000
2 37 144 25000
2 38 133 25000
2 39 138 25000
2 40 163 25000
2 41 283 25000
2 42 170 25000
2 43 151 25000
2 44 120 25000
2 45 106 25000
2 46 97 25000
2 47 98 25000
2 48 93 25000
2 49 100 25000
2 50 143 25000
2 51 139 25000
3 4 189 25000
3 5 139 25000
3 6 121 25000
3 7 109 25000
3 8 120 25000
3 9 98 25000
3 10 101 25000
3 11 115 25000
3 12 116 25000
3 13 123 25000
3 14 175 25000
3 15 182 25000
3 16 273 25000
3 17 176 25000
3 18 144 25000
3 19 135 25000
3 20 114 25000
3 21 107 25000
3 22 110 25000
3 23 82 25000
3 24 97 25000
3 25 104 25000
3 26 135 25000
3 27 144 25000
3 28 173 25000
3 29 273 25000
3 30 180 25000
3 31 143 25000
3 32 104 25000
3 33 92 25000
3 34 98 25000
3 35 96 25000
3 36 86 25000
3 37 99 25000
3 38 115 25000
3 39 117 25000
3 40 139 25000
3 41 195 25000
3 42 273 25000
3 43 177 25000
3 44 141 25000
3 45 125 25000
3 46 126 25000
3 47 100 25000
3 48 80 25000
3 49 73 25000
3 50 84 25000
3 51 120 25000
4 5 191 25000
4 6 141 25000
4 7 128 25000
4 8 113 25000
4 9 97 25000
4 10 79 25000
4 11 96 25000
4 12 113 25000
4 13 102 25000
4 14 131 25000
4 15 153 25000
4 16 189 25000
4 17 270 25000
4 18 177 25000
4 19 166 25000
4 20 145 25000
4 21 97 25000
4 22 99 25000
4 23 95 25000
4 24 109 25000
4 25 118 25000
4 26 123 25000
4 27 125 25000
4 28 134 25000
4 29 151 25000
4 30 242 25000
4 31 169 25000
4 32 124 25000
4 33 123 25000
4 34 100 25000
4 35 98 25000
4 36 93 25000
4 37 99 25000
4 38 101 25000
4 39 125 25000
4 40 116 25000
4 41 129 25000
4 42 182 25000
4 43 231 25000
4 44 197 25000
4 45 138 25000
4 46 113 25000
4 47 109 25000
4 48 110 25000
4 49 92 25000
4 50 95 25000
4 51 97 25000
5 6 196 25000
5 7 148 25000
5 8 134 25000
5 9 106 25000
5 10 85 25000
5 11 111 25000
5 12 111 25000
5 13 105 25000
5 14 104 25000
5 15 108 25000
5 16 126 25000
5 17 152 25000
5 18 250 25000
5 19 160 25000
5 20 154 25000
5 21 97 25000
5 22 97 25000
5 23 103 25000
5 24 79 25000
5 25 111 25000
5 26 106 25000
5 27 108 25000
5 28 131 25000
5 29 169 25000
5 30 157 25000
5 31 246 25000
5 32 176 25000
5 33 139 25000
5 34 109 25000
5 35 94 25000
5 36 87 25000
5 37 101 25000
5 38 107 25000
5 39 99 25000
5 40 124 25000
5 41 95 25000
5 42 155 25000
5 43 184 25000
5 44 263 25000
5 45 163 25000
5 46 152 25000
5 47 117 25000
5 48 124 25000
5 49 88 25000
5 50 81 25000
5 51 91 25000
6 7 173 25000
6 8 145 25000
6 9 132 25000
6 10 113 25000
6 11 94 25000
6 12 117 25000
6 13 124 25000
6 14 111 25000
6 15 104 25000
6 16 130 25000
6 17 123 25000
6 18 182 25000
6 19 248 25000
6 20 168 25000
6 21 129 25000
6 22 114 25000
6 23 114 25000
6 24 92 25000
6 25 106 25000
6 26 103 25000
6 27 96 25000
6 28 125 25000
6 29 111 25000
6 30 137 25000
6 31 183 25000
6 32 252 25000
6 33 178 25000
6 34 129 25000
6 35 118 25000
6 36 101 25000
6 37 118 25000
6 38 79 25000
6 39 92 25000
6 40 110 25000
6 41 106 25000
6 42 112 25000
6 43 127 25000
6 44 179 25000
6 45 278 25000
6 46 197 25000
6 47 112 25000
6 48 111 25000
6 49 109 25000
6 50 88 25000
6 51 114 25000
7 8 189 25000
7 9 137 25000
7 10 118 25000
7 11 115 25000
7 12 112 25000
7 13 102 25000
7 14 98 25000
7 15 101 25000
7 16 100 25000
7 17 114 25000
7 18 132 25000
7 19 158 25000
7 20 252 25000
7 21 169 25000
7 22 143 25000
7 23 108 25000
7 24 100 25000
7 25 99 25000
7 26 88 25000
7 27 93 25000
7 28 111 25000
7 29 91 25000
7 30 112 25000
7 31 143 25000
7 32 169 25000
7 33 253 25000
7 34 165 25000
7 35 129 25000
7 36 89 25000
7 37 121 25000
7 38 82 25000
7 39 101 25000
7 40 81 25000
7 41 94 25000
7 42 88 25000
7 43 114 25000
7 44 113 25000
7 45 170 25000
7 46 259 25000
7 47 184 25000
7 48 147 25000
7 49 139 25000
7 50 113 25000
7 51 88 25000
8 9 171 25000
8 10 141 25000
8 11 127 25000
8 12 123 25000
8 13 78 25000
8 14 87 25000
8 15 99 25000
8 16 73 25000
8 17 105 25000
8 18 111 25000
8 19 145 25000
8 20 178 25000
8 21 256 25000
8 22 186 25000
8 23 133 25000
8 24 137 25000
8 25 103 25000
8 26 99 25000
8 27 92 25000
8 28 108 25000
8 29 80 25000
8 30 93 25000
8 31 98 25000
8 32 122 25000
8 33 163 25000
8 34 265 25000
8 35 164 25000
8 36 147 25000
8 37 118 25000
8 38 109 25000
8 39 95 25000
8 40 95 25000
8 41 92 25000
8 42 111 25000
8 43 103 25000
8 44 129 25000
8 45 140 25000
8 46 181 25000
8 47 240 25000
8 48 167 25000
8 49 114 25000
8 50 115 25000
8 51 83 25000
9 10 196 25000
9 11 128 25000
9 12 113 25000
9 13 107 25000
9 14 104 25000
9 15 110 25000
9 16 78 25000
9 17 88 25000
9 18 111 25000
9 19 114 25000
9 20 152 25000
9 21 195 25000
9 22 258 25000
9 23 182 25000
9 24 139 25000
9 25 115 25000
9 26 99 25000
9 27 100 25000
9 28 101 25000
9 29 98 25000
9 30 81 25000
9 31 99 25000
9 32 123 25000
9 33 153 25000
9 34 168 25000
9 35 241 25000
9 36 171 25000
9 37 142 25000
9 38 129 25000
9 39 105 25000
9 40 103 25000
9 41 88 25000
9 42 84 25000
9 43 107 25000
9 44 104 25000
9 45 103 25000
9 46 138 25000
9 47 173 25000
9 48 266 25000
9 49 161 25000
9 50 136 25000
9 51 99 25000
10 11 184 25000
10 12 180 25000
10 13 122 25000
10 14 115 25000
10 15 102 25000
10 16 81 25000
10 17 94 25000
10 18 83 25000
10 19 93 25000
10 20 129 25000
10 21 131 25000
10 22 182 25000
10 23 273 25000
10 24 180 25000
10 25 136 25000
10 26 115 25000
10 27 100 25000
10 28 110 25000
10 29 93 25000
10 30 94 25000
10 31 104 25000
10 32 109 25000
10 33 105 25000
10 34 128 25000
10 35 147 25000
10 36 282 25000
10 37 156 25000
10 38 130 25000
10 39 119 25000
10 40 114 25000
10 41 128 25000
10 42 105 25000
10 43 95 25000
10 44 113 25000
10 45 120 25000
10 46 123 25000
10 47 125 25000
10 48 167 25000
10 49 261 25000
10 50 169 25000
10 51 131 25000
11 12 217 25000
11 13 143 25000
11 14 145 25000
11 15 127 25000
11 16 117 25000
11 17 97 25000
11 18 82 25000
11 19 82 25000
11 20 101 25000
11 21 112 25000
11 22 114 25000
11 23 142 25000
11 24 246 25000
11 25 181 25000
11 26 153 25000
11 27 123 25000
11 28 96 25000
11 29 84 25000
11 30 81 25000
11 31 100 25000
11 32 96 25000
11 33 97 25000
11 34 111 25000
11 35 133 25000
11 36 167 25000
11 37 266 25000
11 38 159 25000
11 39 140 25000
11 40 120 25000
11 41 117 25000
11 42 105 25000
11 43 105 25000
11 44 101 25000
11 45 120 25000
11 46 105 25000
11 47 104 25000
11 48 112 25000
11 49 157 25000
11 50 270 25000
11 51 190 25000
12 13 226 25000
12 14 172 25000
12 15 132 25000
12 16 120 25000
12 17 123 25000
12 18 107 25000
12 19 110 25000
12 20 109 25000
12 21 113 25000
12 22 128 25000
12 23 151 25000
12 24 192 25000
12 25 302 25000
12 26 225 25000
12 27 180 25000
12 28 132 25000
12 29 109 25000
12 30 127 25000
12 31 102 25000
12 32 96 25000
12 33 112 25000
12 34 113 25000
12 35 128 25000
12 36 114 25000
12 37 164 25000
12 38 298 25000
12 39 220 25000
12 40 149 25000
12 41 136 25000
12 42 131 25000
12 43 116 25000
12 44 103 25000
12 45 91 25000
12 46 113 25000
12 47 99 25000
12 48 123 25000
12 49 178 25000
12 50 228 25000
12 51 299 25000
13 14 219 25000
13 15 166 25000
13 16 117 25000
13 17 110 25000
13 18 97 25000
13 19 101 25000
13 20 93 25000
13 21 79 25000
13 22 113 25000
13 23 111 25000
13 24 149 25000
13 25 224 25000
13 26 284 25000
13 27 170 25000
13 28 145 25000
13 29 139 25000
13 30 102 25000
13 31 103 25000
13 32 98 25000
13 33 102 25000
13 34 108 25000
13 35 96 25000
13 36 127 25000
13 37 145 25000
13 38 209 25000
13 39 230 25000
13 40 176 25000
13 41 127 25000
13 42 131 25000
13 43 111 25000
13 44 94 25000
13 45 92 25000
13 46 93 25000
13 47 89 25000
13 48 99 25000
13 49 131 25000
13 50 152 25000
13 51 207 25000
14 15 203 25000
14 16 168 25000
14 17 127 25000
14 18 94 25000
14 19 105 25000
14 20 87 25000
14 21 119 25000
14 22 116 25000
14 23 115 25000
14 24 139 25000
14 25 177 25000
14 26 181 25000
14 27 267 25000
14 28 179 25000
14 29 152 25000
14 30 127 25000
14 31 108 25000
14 32 103 25000
14 33 87 25000
14 34 77 25000
14 35 102 25000
14 36 107 25000
14 37 143 25000
14 38 173 25000
14 39 183 25000
14 40 286 25000
14 41 161 25000
14 42 128 25000
14 43 128 25000
14 44 95 25000
14 45 101 25000
14 46 90 25000
14 47 87 25000
14 48 120 25000
14 49 108 25000
14 50 132 25000
14 51 149 25000
15 16 194 25000
15 17 157 25000
15 18 132 25000
15 19 116 25000
15 20 92 25000
15 21 106 25000
15 22 91 25000
15 23 111 25000
15 24 113 25000
15 25 158 25000
15 26 157 25000
15 27 181 25000
15 28 271 25000
15 29 173 25000
15 30 130 25000
15 31 109 25000
15 32 100 25000
15 33 100 25000
15 34 100 25000
15 35 103 25000
15 36 115 25000
15 37 118 25000
15 38 138 25000
15 39 135 25000
15 40 167 25000
15 41 242 25000
15 42 189 25000
15 43 143 25000
15 44 111 25000
15 45 114 25000
15 46 99 25000
15 47 88 25000
15 48 93 25000
15 49 107 25000
15 50 114 25000
15 51 117 25000
16 17 207 25000
16 18 153 25000
16 19 134 25000
16 20 119 25000
16 21 105 25000
16 22 111 25000
16 23 104 25000
16 24 125 25000
16 25 121 25000
16 26 131 25000
16 27 148 25000
16 28 158 25000
16 29 261 25000
16 30 174 25000
16 31 142 25000
16 32 132 25000
16 33 97 25000
16 34 99 25000
16 35 104 25000
16 36 94 25000
16 37 83 25000
16 38 119 25000
16 39 125 25000
16 40 158 25000
16 41 183 25000
16 42 268 25000
16 43 178 25000
16 44 148 25000
16 45 109 25000
16 46 87 25000
16 47 95 25000
16 48 81 25000
16 49 99 25000
16 50 89 25000
16 51 115 25000
17 18 196 25000
17 19 139 25000
17 20 121 25000
17 21 105 25000
17 22 97 25000
17 23 105 25000
17 24 95 25000
17 25 139 25000
17 26 129 25000
17 27 130 25000
17 28 154 25000
17 29 152 25000
17 30 299 25000
17 31 169 25000
17 32 137 25000
17 33 114 25000
17 34 105 25000
17 35 96 25000
17 36 79 25000
17 37 95 25000
17 38 94 25000
17 39 105 25000
17 40 124 25000
17 41 161 25000
17 42 186 25000
17 43 267 25000
17 44 162 25000
17 45 119 25000
17 46 115 25000
17 47 114 25000
17 48 97 25000
17 49 99 25000
17 50 105 25000
17 51 114 25000
18 19 220 25000
18 20 137 25000
18 21 130 25000
18 22 107 25000
18 23 89 25000
18 24 99 25000
18 25 113 25000
18 26 98 25000
18 27 102 25000
18 28 115 25000
18 29 134 25000
18 30 177 25000
18 31 259 25000
18 32 165 25000
18 33 131 25000
18 34 114 25000
18 35 105 25000
18 36 83 25000
18 37 101 25000
18 38 116 25000
18 39 99 25000
18 40 121 25000
18 41 110 25000
18 42 131 25000
18 43 150 25000
18 44 257 25000
18 45 157 25000
18 46 139 25000
18 47 107 25000
18 48 96 25000
18 49 85 25000
18 50 88 25000
18 51 96 25000
19 20 195 25000
19 21 153 25000
19 22 119 25000
19 23 115 25000
19 24 104 25000
19 25 108 25000
19 26 97 25000
19 27 81 25000
19 28 117 25000
19 29 139 25000
19 30 159 25000
19 31 188 25000
19 32 277 25000
19 33 206 25000
19 34 134 25000
19 35 104 25000
19 36 106 25000
19 37 102 25000
19 38 99 25000
19 39 99 25000
19 40 109 25000
19 41 127 25000
19 42 122 25000
19 43 131 25000
19 44 195 25000
19 45 261 25000
19 46 183 25000
19 47 137 25000
19 48 115 25000
19 49 76 25000
19 50 98 25000
19 51 98 25000
20 21 187 25000
20 22 131 25000
20 23 136 25000
20 24 97 25000
20 25 96 25000
20 26 105 25000
20 27 74 25000
20 28 98 25000
20 29 109 25000
20 30 128 25000
20 31 155 25000
20 32 164 25000
20 33 236 25000
20 34 168 25000
20 35 118 25000
20 36 108 25000
20 37 99 25000
20 38 87 25000
20 39 108 25000
20 40 95 25000
20 41 101 25000
20 42 116 25000
20 43 127 25000
20 44 160 25000
20 45 152 25000
20 46 254 25000
20 47 170 25000
20 48 128 25000
20 49 93 25000
20 50 107 25000
20 51 109 25000
21 22 190 25000
21 23 144 25000
21 24 115 25000
21 25 111 25000
21 26 119 25000
21 27 94 25000
21 28 103 25000
21 29 92 25000
21 30 115 25000
21 31 110 25000
21 32 132 25000
21 33 183 25000
21 34 296 25000
21 35 182 25000
21 36 145 25000
21 37 105 25000
21 38 115 25000
21 39 105 25000
21 40 104 25000
21 41 102 25000
21 42 80 25000
21 43 98 25000
21 44 100 25000
21 45 141 25000
21 46 176 25000
21 47 230 25000
21 48 179 25000
21 49 131 25000
21 50 127 25000
21 51 108 25000
22 23 206 25000
22 24 150 25000
22 25 136 25000
22 26 96 25000
22 27 94 25000
22 28 99 25000
22 29 74 25000
22 30 105 25000
22 31 106 25000
22 32 125 25000
22 33 133 25000
22 34 200 25000
22 35 273 25000
22 36 174 25000
22 37 140 25000
22 38 97 25000
22 39 133 25000
22 40 98 25000
22 41 87 25000
22 42 85 25000
22 43 95 25000
22 44 103 25000
22 45 98 25000
22 46 152 25000
22 47 155 25000
22 48 283 25000
22 49 155 25000
22 50 127 25000
22 51 109 25000
23 24 225 25000
23 25 151 25000
23 26 123 25000
23 27 119 25000
23 28 118 25000
23 29 93 25000
23 30 87 25000
23 31 105 25000
23 32 102 25000
23 33 128 25000
23 34 143 25000
23 35 181 25000
23 36 277 25000
23 37 179 25000
23 38 149 25000
23 39 112 25000
23 40 109 25000
23 41 102 25000
23 42 111 25000
23 43 89 25000
23 44 83 25000
23 45 95 25000
23 46 137 25000
23 47 122 25000
23 48 164 25000
23 49 265 25000
23 50 186 25000
23 51 112 25000
24 25 203 25000
24 26 132 25000
24 27 133 25000
24 28 116 25000
24 29 126 25000
24 30 111 25000
24 31 100 25000
24 32 115 25000
24 33 99 25000
24 34 111 25000
24 35 139 25000
24 36 178 25000
24 37 263 25000
24 38 175 25000
24 39 150 25000
24 40 118 25000
24 41 111 25000
24 42 108 25000
24 43 83 25000
24 44 82 25000
24 45 106 25000
24 46 80 25000
24 47 123 25000
24 48 123 25000
24 49 182 25000
24 50 273 25000
24 51 180 25000
25 26 222 25000
25 27 156 25000
25 28 137 25000
25 29 119 25000
25 30 121 25000
25 31 99 25000
25 32 104 25000
25 33 107 25000
25 34 113 25000
25 35 121 25000
25 36 136 25000
25 37 181 25000
25 38 277 25000
25 39 186 25000
25 40 151 25000
25 41 123 25000
25 42 127 25000
25 43 106 25000
25 44 100 25000
25 45 96 25000
25 46 112 25000
25 47 117 25000
25 48 114 25000
25 49 115 25000
25 50 184 25000
25 51 256 25000
26 27 203 25000
26 28 172 25000
26 29 126 25000
26 30 120 25000
26 31 121 25000
26 32 110 25000
26 33 107 25000
26 34 108 25000
26 35 109 25000
26 36 135 25000
26 37 158 25000
26 38 218 25000
26 39 296 25000
26 40 176 25000
26 41 125 25000
26 42 149 25000
26 43 113 25000
26 44 92 25000
26 45 111 25000
26 46 108 25000
26 47 119 25000
26 48 95 25000
26 49 103 25000
26 50 141 25000
26 51 182 25000
27 28 225 25000
27 29 157 25000
27 30 122 25000
27 31 119 25000
27 32 92 25000
27 33 78 25000
27 34 94 25000
27 35 99 25000
27 36 123 25000
27 37 154 25000
27 38 177 25000
27 39 180 25000
27 40 238 25000
27 41 160 25000
27 42 148 25000
27 43 114 25000
27 44 115 25000
27 45 85 25000
27 46 100 25000
27 47 84 25000
27 48 122 25000
27 49 117 25000
27 50 143 25000
27 51 149 25000
28 29 188 25000
28 30 141 25000
28 31 126 25000
28 32 115 25000
28 33 113 25000
28 34 109 25000
28 35 102 25000
28 36 110 25000
28 37 145 25000
28 38 143 25000
28 39 159 25000
28 40 174 25000
28 41 260 25000
28 42 185 25000
28 43 127 25000
28 44 118 25000
28 45 108 25000
28 46 86 25000
28 47 88 25000
28 48 88 25000
28 49 111 25000
28 50 120 25000
28 51 145 25000
29 30 194 25000
29 31 138 25000
29 32 128 25000
29 33 122 25000
29 34 89 25000
29 35 86 25000
29 36 104 25000
29 37 107 25000
29 38 123 25000
29 39 113 25000
29 40 142 25000
29 41 165 25000
29 42 260 25000
29 43 156 25000
29 44 136 25000
29 45 98 25000
29 46 95 25000
29 47 113 25000
29 48 80 25000
29 49 98 25000
29 50 104 25000
29 51 109 25000
30 31 205 25000
30 32 147 25000
30 33 121 25000
30 34 104 25000
30 35 92 25000
30 36 98 25000
30 37 121 25000
30 38 96 25000
30 39 90 25000
30 40 151 25000
30 41 133 25000
30 42 183 25000
30 43 236 25000
30 44 151 25000
30 45 150 25000
30 46 122 25000
30 47 116 25000
30 48 103 25000
30 49 110 25000
30 50 90 25000
30 51 87 25000
31 32 185 25000
31 33 168 25000
31 34 111 25000
31 35 118 25000
31 36 104 25000
31 37 111 25000
31 38 85 25000
31 39 107 25000
31 40 112 25000
31 41 122 25000
31 42 136 25000
31 43 174 25000
31 44 267 25000
31 45 140 25000
31 46 138 25000
31 47 111 25000
31 48 103 25000
31 49 114 25000
31 50 87 25000
31 51 87 25000
32 33 183 25000
32 34 160 25000
32 35 107 25000
32 36 102 25000
32 37 96 25000
32 38 106 25000
32 39 95 25000
32 40 116 25000
32 41 97 25000
32 42 105 25000
32 43 126 25000
32 44 193 25000
32 45 253 25000
32 46 157 25000
32 47 141 25000
32 48 102 25000
32 49 90 25000
32 50 98 25000
32 51 97 25000
33 34 176 25000
33 35 141 25000
33 36 114 25000
33 37 118 25000
33 38 100 25000
33 39 106 25000
33 40 104 25000
33 41 106 25000
33 42 103 25000
33 43 110 25000
33 44 153 25000
33 45 156 25000
33 46 283 25000
33 47 174 25000
33 48 125 25000
33 49 127 25000
33 50 97 25000
33 51 107 25000
34 35 183 25000
34 36 170 25000
34 37 141 25000
34 38 73 25000
34 39 114 25000
34 40 116 25000
34 41 108 25000
34 42 84 25000
34 43 102 25000
34 44 125 25000
34 45 108 25000
34 46 174 25000
34 47 255 25000
34 48 186 25000
34 49 135 25000
34 50 109 25000
34 51 94 25000
35 36 168 25000
35 37 128 25000
35 38 131 25000
35 39 115 25000
35 40 103 25000
35 41 95 25000
35 42 88 25000
35 43 89 25000
35 44 89 25000
35 45 104 25000
35 46 129 25000
35 47 161 25000
35 48 255 25000
35 49 167 25000
35 50 133 25000
35 51 97 25000
36 37 184 25000
36 38 156 25000
36 39 119 25000
36 40 99 25000
36 41 92 25000
36 42 105 25000
36 43 97 25000
36 44 102 25000
36 45 87 25000
36 46 122 25000
36 47 126 25000
36 48 169 25000
36 49 237 25000
36 50 175 25000
36 51 133 25000
37 38 194 25000
37 39 140 25000
37 40 134 25000
37 41 108 25000
37 42 81 25000
37 43 107 25000
37 44 80 25000
37 45 101 25000
37 46 108 25000
37 47 113 25000
37 48 115 25000
37 49 157 25000
37 50 245 25000
37 51 165 25000
38 39 208 25000
38 40 149 25000
38 41 126 25000
38 42 120 25000
38 43 102 25000
38 44 110 25000
38 45 99 25000
38 46 101 25000
38 47 102 25000
38 48 108 25000
38 49 130 25000
38 50 188 25000
38 51 271 25000
39 40 235 25000
39 41 140 25000
39 42 126 25000
39 43 99 25000
39 44 84 25000
39 45 87 25000
39 46 100 25000
39 47 93 25000
39 48 118 25000
39 49 108 25000
39 50 164 25000
39 51 232 25000
40 41 202 25000
40 42 165 25000
40 43 121 25000
40 44 118 25000
40 45 105 25000
40 46 119 25000
40 47 94 25000
40 48 131 25000
40 49 111 25000
40 50 140 25000
40 51 198 25000
41 42 193 25000
41 43 149 25000
41 44 112 25000
41 45 104 25000
41 46 117 25000
41 47 99 25000
41 48 96 25000
41 49 100 25000
41 50 120 25000
41 51 144 25000
42 43 188 25000
42 44 141 25000
42 45 116 25000
42 46 128 25000
42 47 105 25000
42 48 86 25000
42 49 100 25000
42 50 110 25000
42 51 124 25000
43 44 202 25000
43 45 138 25000
43 46 113 25000
43 47 101 25000
43 48 102 25000
43 49 83 25000
43 50 84 25000
43 51 128 25000
44 45 179 25000
44 46 132 25000
44 47 121 25000
44 48 95 25000
44 49 89 25000
44 50 95 25000
44 51 104 25000
45 46 194 25000
45 47 134 25000
45 48 127 25000
45 49 83 25000
45 50 102 25000
45 51 91 25000
46 47 174 25000
46 48 135 25000
46 49 121 25000
46 50 128 25000
46 51 121 25000
47 48 199 25000
47 49 129 25000
47 50 118 25000
47 51 93 25000
48 49 199 25000
48 50 142 25000
48 51 137 25000
49 50 175 25000
49 51 161 25000
50 51 182 25000
