0 1 131 25000
0 2 128 25000
0 3 116 25000
0 4 126 25000
0 5 125 25000
0 6 130 25000
0 7 138 25000
0 8 142 25000
0 9 131 25000
0 10 114 25000
0 11 132 25000
0 12 178 25000
0 13 105 25000
0 14 126 25000
0 15 117 25000
0 16 129 25000
0 17 131 25000
0 18 105 25000
0 19 125 25000
0 20 130 25000
0 21 129 25000
0 22 141 25000
0 23 118 25000
0 24 126 25000
0 25 126 25000
0 26 109 25000
0 27 116 25000
0 28 114 25000
0 29 107 25000
0 30 109 25000
0 31 138 25000
0 32 129 25000
0 33 124 25000
0 34 124 25000
0 35 124 25000
0 36 115 25000
0 37 105 25000
0 38 114 25000
0 39 116 25000
0 40 135 25000
0 41 120 25000
0 42 123 25000
0 43 137 25000
0 44 124 25000
0 45 120 25000
0 46 117 25000
0 47 134 25000
0 48 139 25000
0 49 119 25000
0 50 152 25000
0 51 124 25000
1 2 131 25000
1 3 124 25000
1 4 137 25000
1 5 125 25000
1 6 134 25000
1 7 123 25000
1 8 130 25000
1 9 121 25000
1 10 121 25000
1 11 126 25000
1 12 141 25000
1 13 119 25000
1 14 132 25000
1 15 116 25000
1 16 106 25000
1 17 130 25000
1 18 138 25000
1 19 111 25000
1 20 117 25000
1 21 129 25000
1 22 115 25000
1 23 135 25000
1 24 121 25000
1 25 110 25000
1 26 117 25000
1 27 125 25000
1 28 111 25000
1 29 118 25000
1 30 113 25000
1 31 125 25000
1 32 114 25000
1 33 127 25000
1 34 121 25000
1 35 134 25000
1 36 105 25000
1 37 102 25000
1 38 117 25000
1 39 124 25000
1 40 122 25000
1 41 119 25000
1 42 114 25000
1 43 108 25000
1 44 137 25000
1 45 134 25000
1 46 110 25000
1 47 113 25000
1 48 119 25000
1 49 110 25000
1 50 116 25000
1 51 125 25000
2 3 106 25000
2 4 120 25000
2 5 133 25000
2 6 142 25000
2 7 130 25000
2 8 148 25000
2 9 122 25000
2 10 110 25000
2 11 127 25000
2 12 153 25000
2 13 120 25000
2 14 119 25000
2 15 106 25000
2 16 95 25000
2 17 130 25000
2 18 124 25000
2 19 124 25000
2 20 124 25000
2 21 120 25000
2 22 119 25000
2 23 140 25000
2 24 102 25000
2 25 123 25000
2 26 122 25000
2 27 108 25000
2 28 128 25000
2 29 105 25000
2 30 107 25000
2 31 123 25000
2 32 132 25000
2 33 108 25000
2 34 115 25000
2 35 128 25000
2 36 118 25000
2 37 119 25000
2 38 121 25000
2 39 114 25000
2 40 136 25000
2 41 114 25000
2 42 118 25000
2 43 108 25000
2 44 137 25000
2 45 125 25000
2 46 131 25000
2 47 108 25000
2 48 117 25000
2 49 132 25000
2 50 107 25000
2 51 106 25000
3 4 131 25000
3 5 120 25000
3 6 111 25000
3 7 134 25000
3 8 111 25000
3 9 118 25000
3 10 126 25000
3 11 134 25000
3 12 130 25000
3 13 116 25000
3 14 127 25000
3 15 117 25000
3 16 140 25000
3 17 118 25000
3 18 126 25000
3 19 119 25000
3 20 106 25000
3 21 130 25000
3 22 121 25000
3 23 103 25000
3 24 104 25000
3 25 129 25000
3 26 127 25000
3 27 117 25000
3 28 107 25000
3 29 116 25000
3 30 124 25000
3 31 123 25000
3 32 106 25000
3 33 136 25000
3 34 138 25000
3 35 111 25000
3 36 112 25000
3 37 147 25000
3 38 107 25000
3 39 103 25000
3 40 113 25000
3 41 121 25000
3 42 110 25000
3 43 122 25000
3 44 138 25000
3 45 123 25000
3 46 130 25000
3 47 109 25000
3 48 127 25000
3 49 124 25000
3 50 117 25000
3 51 118 25000
4 5 136 25000
4 6 132 25000
4 7 113 25000
4 8 130 25000
4 9 111 25000
4 10 121 25000
4 11 127 25000
4 12 150 25000
4 13 121 25000
4 14 96 25000
4 15 123 25000
4 16 112 25000
4 17 109 25000
4 18 90 25000
4 19 105 25000
4 20 95 25000
4 21 103 25000
4 22 136 25000
4 23 105 25000
4 24 124 25000
4 25 118 25000
4 26 130 25000
4 27 105 25000
4 28 121 25000
4 29 134 25000
4 30 126 25000
4 31 123 25000
4 32 151 25000
4 33 136 25000
4 34 116 25000
4 35 122 25000
4 36 129 25000
4 37 109 25000
4 38 121 25000
4 39 93 25000
4 40 121 25000
4 41 98 25000
4 42 100 25000
4 43 146 25000
4 44 101 25000
4 45 134 25000
4 46 136 25000
4 47 134 25000
4 48 113 25000
4 49 111 25000
4 50 120 25000
4 51 149 25000
5 6 130 25000
5 7 132 25000
5 8 120 25000
5 9 127 25000
5 10 88 25000
5 11 130 25000
5 12 140 25000
5 13 118 25000
5 14 104 25000
5 15 110 25000
5 16 112 25000
5 17 117 25000
5 18 119 25000
5 19 114 25000
5 20 112 25000
5 21 107 25000
5 22 123 25000
5 23 112 25000
5 24 124 25000
5 25 98 25000
5 26 118 25000
5 27 121 25000
5 28 117 25000
5 29 114 25000
5 30 118 25000
5 31 109 25000
5 32 108 25000
5 33 114 25000
5 34 113 25000
5 35 110 25000
5 36 117 25000
5 37 106 25000
5 38 108 25000
5 39 126 25000
5 40 115 25000
5 41 122 25000
5 42 135 25000
5 43 135 25000
5 44 118 25000
5 45 120 25000
5 46 123 25000
5 47 130 25000
5 48 108 25000
5 49 128 25000
5 50 141 25000
5 51 109 25000
6 7 118 25000
6 8 122 25000
6 9 135 25000
6 10 128 25000
6 11 116 25000
6 12 154 25000
6 13 128 25000
6 14 118 25000
6 15 120 25000
6 16 121 25000
6 17 125 25000
6 18 119 25000
6 19 110 25000
6 20 123 25000
6 21 121 25000
6 22 140 25000
6 23 117 25000
6 24 130 25000
6 25 118 25000
6 26 119 25000
6 27 122 25000
6 28 114 25000
6 29 124 25000
6 30 151 25000
6 31 111 25000
6 32 134 25000
6 33 101 25000
6 34 125 25000
6 35 126 25000
6 36 115 25000
6 37 87 25000
6 38 111 25000
6 39 117 25000
6 40 145 25000
6 41 120 25000
6 42 127 25000
6 43 114 25000
6 44 114 25000
6 45 121 25000
6 46 129 25000
6 47 113 25000
6 48 126 25000
6 49 100 25000
6 50 130 25000
6 51 130 25000
7 8 132 25000
7 9 128 25000
7 10 122 25000
7 11 129 25000
7 12 156 25000
7 13 120 25000
7 14 109 25000
7 15 98 25000
7 16 118 25000
7 17 114 25000
7 18 115 25000
7 19 109 25000
7 20 109 25000
7 21 137 25000
7 22 126 25000
7 23 120 25000
7 24 111 25000
7 25 106 25000
7 26 118 25000
7 27 126 25000
7 28 119 25000
7 29 116 25000
7 30 120 25000
7 31 122 25000
7 32 135 25000
7 33 119 25000
7 34 123 25000
7 35 101 25000
7 36 149 25000
7 37 126 25000
7 38 104 25000
7 39 106 25000
7 40 120 25000
7 41 126 25000
7 42 93 25000
7 43 119 25000
7 44 132 25000
7 45 137 25000
7 46 113 25000
7 47 134 25000
7 48 124 25000
7 49 133 25000
7 50 123 25000
7 51 121 25000
8 9 119 25000
8 10 136 25000
8 11 139 25000
8 12 140 25000
8 13 124 25000
8 14 134 25000
8 15 130 25000
8 16 121 25000
8 17 113 25000
8 18 118 25000
8 19 121 25000
8 20 114 25000
8 21 111 25000
8 22 119 25000
8 23 120 25000
8 24 135 25000
8 25 116 25000
8 26 113 25000
8 27 116 25000
8 28 108 25000
8 29 128 25000
8 30 133 25000
8 31 107 25000
8 32 116 25000
8 33 104 25000
8 34 112 25000
8 35 128 25000
8 36 115 25000
8 37 132 25000
8 38 110 25000
8 39 119 25000
8 40 122 25000
8 41 121 25000
8 42 132 25000
8 43 101 25000
8 44 133 25000
8 45 124 25000
8 46 124 25000
8 47 112 25000
8 48 124 25000
8 49 122 25000
8 50 120 25000
8 51 121 25000
9 10 113 25000
9 11 112 25000
9 12 135 25000
9 13 118 25000
9 14 127 25000
9 15 109 25000
9 16 131 25000
9 17 99 25000
9 18 105 25000
9 19 128 25000
9 20 103 25000
9 21 115 25000
9 22 135 25000
9 23 121 25000
9 24 122 25000
9 25 129 25000
9 26 121 25000
9 27 115 25000
9 28 124 25000
9 29 110 25000
9 30 112 25000
9 31 114 25000
9 32 113 25000
9 33 109 25000
9 34 112 25000
9 35 109 25000
9 36 132 25000
9 37 123 25000
9 38 107 25000
9 39 128 25000
9 40 123 25000
9 41 114 25000
9 42 107 25000
9 43 113 25000
9 44 111 25000
9 45 108 25000
9 46 122 25000
9 47 108 25000
9 48 120 25000
9 49 131 25000
9 50 108 25000
9 51 128 25000
10 11 110 25000
10 12 145 25000
10 13 126 25000
10 14 115 25000
10 15 103 25000
10 16 111 25000
10 17 124 25000
10 18 117 25000
10 19 88 25000
10 20 109 25000
10 21 114 25000
10 22 118 25000
10 23 115 25000
10 24 122 25000
10 25 134 25000
10 26 128 25000
10 27 91 25000
10 28 112 25000
10 29 119 25000
10 30 127 25000
10 31 118 25000
10 32 138 25000
10 33 114 25000
10 34 125 25000
10 35 113 25000
10 36 120 25000
10 37 123 25000
10 38 111 25000
10 39 110 25000
10 40 117 25000
10 41 122 25000
10 42 142 25000
10 43 130 25000
10 44 114 25000
10 45 121 25000
10 46 129 25000
10 47 106 25000
10 48 102 25000
10 49 113 25000
10 50 127 25000
10 51 108 25000
11 12 142 25000
11 13 118 25000
11 14 107 25000
11 15 108 25000
11 16 121 25000
11 17 134 25000
11 18 108 25000
11 19 133 25000
11 20 122 25000
11 21 98 25000
11 22 120 25000
11 23 141 25000
11 24 135 25000
11 25 117 25000
11 26 113 25000
11 27 128 25000
11 28 128 25000
11 29 130 25000
11 30 114 25000
11 31 146 25000
11 32 112 25000
11 33 130 25000
11 34 130 25000
11 35 110 25000
11 36 129 25000
11 37 124 25000
11 38 135 25000
11 39 133 25000
11 40 113 25000
11 41 120 25000
11 42 125 25000
11 43 137 25000
11 44 161 25000
11 45 107 25000
11 46 110 25000
11 47 124 25000
11 48 120 25000
11 49 121 25000
11 50 121 25000
11 51 127 25000
12 13 135 25000
12 14 138 25000
12 15 133 25000
12 16 156 25000
12 17 147 25000
12 18 124 25000
12 19 139 25000
12 20 127 25000
12 21 130 25000
12 22 137 25000
12 23 122 25000
12 24 136 25000
12 25 138 25000
12 26 141 25000
12 27 126 25000
12 28 128 25000
12 29 151 25000
12 30 136 25000
12 31 117 25000
12 32 127 25000
12 33 117 25000
12 34 157 25000
12 35 129 25000
12 36 135 25000
12 37 161 25000
12 38 144 25000
12 39 143 25000
12 40 136 25000
12 41 143 25000
12 42 122 25000
12 43 140 25000
12 44 134 25000
12 45 123 25000
12 46 134 25000
12 47 142 25000
12 48 136 25000
12 49 145 25000
12 50 120 25000
12 51 166 25000
13 14 95 25000
13 15 106 25000
13 16 115 25000
13 17 134 25000
13 18 136 25000
13 19 133 25000
13 20 139 25000
13 21 129 25000
13 22 134 25000
13 23 112 25000
13 24 128 25000
13 25 138 25000
13 26 117 25000
13 27 150 25000
13 28 117 25000
13 29 115 25000
13 30 121 25000
13 31 112 25000
13 32 123 25000
13 33 121 25000
13 34 129 25000
13 35 111 25000
13 36 116 25000
13 37 137 25000
13 38 126 25000
13 39 122 25000
13 40 130 25000
13 41 113 25000
13 42 127 25000
13 43 117 25000
13 44 132 25000
13 45 124 25000
13 46 130 25000
13 47 110 25000
13 48 125 25000
13 49 127 25000
13 50 106 25000
13 51 119 25000
14 15 113 25000
14 16 148 25000
14 17 111 25000
14 18 119 25000
14 19 132 25000
14 20 118 25000
14 21 116 25000
14 22 114 25000
14 23 114 25000
14 24 146 25000
14 25 111 25000
14 26 125 25000
14 27 119 25000
14 28 113 25000
14 29 122 25000
14 30 127 25000
14 31 105 25000
14 32 111 25000
14 33 114 25000
14 34 129 25000
14 35 100 25000
14 36 116 25000
14 37 121 25000
14 38 120 25000
14 39 111 25000
14 40 121 25000
14 41 110 25000
14 42 135 25000
14 43 129 25000
14 44 122 25000
14 45 123 25000
14 46 126 25000
14 47 120 25000
14 48 107 25000
14 49 115 25000
14 50 113 25000
14 51 132 25000
15 16 130 25000
15 17 114 25000
15 18 116 25000
15 19 121 25000
15 20 127 25000
15 21 112 25000
15 22 116 25000
15 23 110 25000
15 24 124 25000
15 25 126 25000
15 26 115 25000
15 27 102 25000
15 28 135 25000
15 29 133 25000
15 30 115 25000
15 31 122 25000
15 32 135 25000
15 33 105 25000
15 34 134 25000
15 35 127 25000
15 36 125 25000
15 37 108 25000
15 38 121 25000
15 39 100 25000
15 40 109 25000
15 41 118 25000
15 42 117 25000
15 43 109 25000
15 44 96 25000
15 45 126 25000
15 46 119 25000
15 47 133 25000
15 48 110 25000
15 49 126 25000
15 50 105 25000
15 51 95 25000
16 17 150 25000
16 18 129 25000
16 19 145 25000
16 20 108 25000
16 21 136 25000
16 22 116 25000
16 23 112 25000
16 24 139 25000
16 25 125 25000
16 26 116 25000
16 27 117 25000
16 28 114 25000
16 29 126 25000
16 30 120 25000
16 31 120 25000
16 32 130 25000
16 33 118 25000
16 34 120 25000
16 35 122 25000
16 36 134 25000
16 37 125 25000
16 38 115 25000
16 39 120 25000
16 40 101 25000
16 41 130 25000
16 42 112 25000
16 43 110 25000
16 44 105 25000
16 45 119 25000
16 46 122 25000
16 47 106 25000
16 48 133 25000
16 49 101 25000
16 50 99 25000
16 51 110 25000
17 18 107 25000
17 19 116 25000
17 20 105 25000
17 21 120 25000
17 22 124 25000
17 23 118 25000
17 24 127 25000
17 25 140 25000
17 26 114 25000
17 27 124 25000
17 28 110 25000
17 29 119 25000
17 30 139 25000
17 31 139 25000
17 32 137 25000
17 33 127 25000
17 34 117 25000
17 35 125 25000
17 36 132 25000
17 37 123 25000
17 38 137 25000
17 39 114 25000
17 40 123 25000
17 41 114 25000
17 42 119 25000
17 43 118 25000
17 44 127 25000
17 45 106 25000
17 46 125 25000
17 47 117 25000
17 48 103 25000
17 49 123 25000
17 50 128 25000
17 51 102 25000
18 19 130 25000
18 20 126 25000
18 21 133 25000
18 22 139 25000
18 23 128 25000
18 24 141 25000
18 25 120 25000
18 26 141 25000
18 27 103 25000
18 28 113 25000
18 29 128 25000
18 30 104 25000
18 31 131 25000
18 32 151 25000
18 33 111 25000
18 34 115 25000
18 35 108 25000
18 36 122 25000
18 37 116 25000
18 38 117 25000
18 39 94 25000
18 40 109 25000
18 41 108 25000
18 42 101 25000
18 43 123 25000
18 44 112 25000
18 45 110 25000
18 46 113 25000
18 47 105 25000
18 48 118 25000
18 49 135 25000
18 50 119 25000
18 51 142 25000
19 20 127 25000
19 21 124 25000
19 22 129 25000
19 23 127 25000
19 24 148 25000
19 25 129 25000
19 26 100 25000
19 27 100 25000
19 28 123 25000
19 29 138 25000
19 30 122 25000
19 31 128 25000
19 32 120 25000
19 33 120 25000
19 34 123 25000
19 35 124 25000
19 36 138 25000
19 37 129 25000
19 38 142 25000
19 39 123 25000
19 40 120 25000
19 41 124 25000
19 42 118 25000
19 43 101 25000
19 44 113 25000
19 45 128 25000
19 46 114 25000
19 47 122 25000
19 48 107 25000
19 49 116 25000
19 50 134 25000
19 51 120 25000
20 21 108 25000
20 22 122 25000
20 23 102 25000
20 24 110 25000
20 25 130 25000
20 26 125 25000
20 27 127 25000
20 28 98 25000
20 29 112 25000
20 30 104 25000
20 31 132 25000
20 32 138 25000
20 33 119 25000
20 34 114 25000
20 35 109 25000
20 36 135 25000
20 37 119 25000
20 38 138 25000
20 39 115 25000
20 40 127 25000
20 41 110 25000
20 42 123 25000
20 43 131 25000
20 44 109 25000
20 45 134 25000
20 46 116 25000
20 47 116 25000
20 48 115 25000
20 49 120 25000
20 50 127 25000
20 51 127 25000
21 22 118 25000
21 23 120 25000
21 24 129 25000
21 25 116 25000
21 26 99 25000
21 27 103 25000
21 28 121 25000
21 29 119 25000
21 30 116 25000
21 31 99 25000
21 32 131 25000
21 33 117 25000
21 34 132 25000
21 35 126 25000
21 36 141 25000
21 37 116 25000
21 38 125 25000
21 39 116 25000
21 40 104 25000
21 41 105 25000
21 42 114 25000
21 43 113 25000
21 44 126 25000
21 45 117 25000
21 46 121 25000
21 47 95 25000
21 48 126 25000
21 49 115 25000
21 50 108 25000
21 51 103 25000
22 23 112 25000
22 24 120 25000
22 25 125 25000
22 26 127 25000
22 27 119 25000
22 28 122 25000
22 29 119 25000
22 30 127 25000
22 31 119 25000
22 32 129 25000
22 33 118 25000
22 34 133 25000
22 35 119 25000
22 36 130 25000
22 37 126 25000
22 38 100 25000
22 39 133 25000
22 40 114 25000
22 41 128 25000
22 42 119 25000
22 43 106 25000
22 44 137 25000
22 45 119 25000
22 46 135 25000
22 47 114 25000
22 48 105 25000
22 49 113 25000
22 50 109 25000
22 51 121 25000
23 24 106 25000
23 25 113 25000
23 26 104 25000
23 27 120 25000
23 28 132 25000
23 29 100 25000
23 30 135 25000
23 31 121 25000
23 32 126 25000
23 33 113 25000
23 34 130 25000
23 35 127 25000
23 36 110 25000
23 37 118 25000
23 38 164 25000
23 39 111 25000
23 40 109 25000
23 41 128 25000
23 42 120 25000
23 43 128 25000
23 44 123 25000
23 45 132 25000
23 46 136 25000
23 47 124 25000
23 48 120 25000
23 49 126 25000
23 50 129 25000
23 51 97 25000
24 25 141 25000
24 26 121 25000
24 27 117 25000
24 28 140 25000
24 29 132 25000
24 30 132 25000
24 31 127 25000
24 32 116 25000
24 33 111 25000
24 34 113 25000
24 35 126 25000
24 36 115 25000
24 37 138 25000
24 38 120 25000
24 39 120 25000
24 40 130 25000
24 41 120 25000
24 42 133 25000
24 43 103 25000
24 44 131 25000
24 45 117 25000
24 46 125 25000
24 47 122 25000
24 48 102 25000
24 49 137 25000
24 50 95 25000
24 51 132 25000
25 26 112 25000
25 27 123 25000
25 28 112 25000
25 29 119 25000
25 30 120 25000
25 31 132 25000
25 32 129 25000
25 33 135 25000
25 34 120 25000
25 35 114 25000
25 36 129 25000
25 37 124 25000
25 38 126 25000
25 39 117 25000
25 40 121 25000
25 41 124 25000
25 42 113 25000
25 43 115 25000
25 44 110 25000
25 45 115 25000
25 46 98 25000
25 47 117 25000
25 48 125 25000
25 49 122 25000
25 50 113 25000
25 51 109 25000
26 27 132 25000
26 28 130 25000
26 29 110 25000
26 30 127 25000
26 31 132 25000
26 32 124 25000
26 33 110 25000
26 34 134 25000
26 35 139 25000
26 36 130 25000
26 37 130 25000
26 38 123 25000
26 39 105 25000
26 40 120 25000
26 41 129 25000
26 42 133 25000
26 43 117 25000
26 44 109 25000
26 45 134 25000
26 46 133 25000
26 47 122 25000
26 48 118 25000
26 49 121 25000
26 50 135 25000
26 51 119 25000
27 28 125 25000
27 29 115 25000
27 30 124 25000
27 31 122 25000
27 32 124 25000
27 33 126 25000
27 34 115 25000
27 35 111 25000
27 36 117 25000
27 37 117 25000
27 38 114 25000
27 39 124 25000
27 40 110 25000
27 41 137 25000
27 42 134 25000
27 43 132 25000
27 44 125 25000
27 45 122 25000
27 46 115 25000
27 47 116 25000
27 48 126 25000
27 49 123 25000
27 50 136 25000
27 51 123 25000
28 29 119 25000
28 30 124 25000
28 31 122 25000
28 32 117 25000
28 33 148 25000
28 34 132 25000
28 35 118 25000
28 36 114 25000
28 37 130 25000
28 38 108 25000
28 39 117 25000
28 40 111 25000
28 41 117 25000
28 42 121 25000
28 43 115 25000
28 44 106 25000
28 45 116 25000
28 46 117 25000
28 47 117 25000
28 48 102 25000
28 49 108 25000
28 50 109 25000
28 51 124 25000
29 30 138 25000
29 31 100 25000
29 32 120 25000
29 33 123 25000
29 34 108 25000
29 35 125 25000
29 36 135 25000
29 37 119 25000
29 38 125 25000
29 39 110 25000
29 40 118 25000
29 41 128 25000
29 42 115 25000
29 43 105 25000
29 44 119 25000
29 45 107 25000
29 46 137 25000
29 47 121 25000
29 48 117 25000
29 49 107 25000
29 50 122 25000
29 51 111 25000
30 31 137 25000
30 32 124 25000
30 33 113 25000
30 34 126 25000
30 35 134 25000
30 36 126 25000
30 37 135 25000
30 38 136 25000
30 39 116 25000
30 40 126 25000
30 41 93 25000
30 42 138 25000
30 43 131 25000
30 44 120 25000
30 45 115 25000
30 46 121 25000
30 47 115 25000
30 48 138 25000
30 49 140 25000
30 50 123 25000
30 51 135 25000
31 32 138 25000
31 33 116 25000
31 34 114 25000
31 35 127 25000
31 36 136 25000
31 37 134 25000
31 38 117 25000
31 39 148 25000
31 40 118 25000
31 41 115 25000
31 42 131 25000
31 43 95 25000
31 44 144 25000
31 45 123 25000
31 46 131 25000
31 47 112 25000
31 48 129 25000
31 49 121 25000
31 50 114 25000
31 51 112 25000
32 33 116 25000
32 34 134 25000
32 35 116 25000
32 36 139 25000
32 37 145 25000
32 38 123 25000
32 39 108 25000
32 40 132 25000
32 41 105 25000
32 42 112 25000
32 43 138 25000
32 44 135 25000
32 45 140 25000
32 46 124 25000
32 47 116 25000
32 48 111 25000
32 49 133 25000
32 50 146 25000
32 51 114 25000
33 34 145 25000
33 35 151 25000
33 36 114 25000
33 37 107 25000
33 38 131 25000
33 39 108 25000
33 40 131 25000
33 41 130 25000
33 42 127 25000
33 43 111 25000
33 44 116 25000
33 45 116 25000
33 46 123 25000
33 47 100 25000
33 48 109 25000
33 49 117 25000
33 50 121 25000
33 51 110 25000
34 35 116 25000
34 36 119 25000
34 37 131 25000
34 38 107 25000
34 39 120 25000
34 40 134 25000
34 41 116 25000
34 42 126 25000
34 43 126 25000
34 44 125 25000
34 45 118 25000
34 46 115 25000
34 47 151 25000
34 48 117 25000
34 49 98 25000
34 50 120 25000
34 51 126 25000
35 36 143 25000
35 37 110 25000
35 38 113 25000
35 39 127 25000
35 40 115 25000
35 41 129 25000
35 42 122 25000
35 43 124 25000
35 44 118 25000
35 45 116 25000
35 46 116 25000
35 47 115 25000
35 48 121 25000
35 49 111 25000
35 50 117 25000
35 51 110 25000
36 37 129 25000
36 38 109 25000
36 39 113 25000
36 40 140 25000
36 41 121 25000
36 42 117 25000
36 43 120 25000
36 44 113 25000
36 45 111 25000
36 46 125 25000
36 47 111 25000
36 48 134 25000
36 49 131 25000
36 50 118 25000
36 51 126 25000
37 38 137 25000
37 39 126 25000
37 40 131 25000
37 41 134 25000
37 42 100 25000
37 43 137 25000
37 44 132 25000
37 45 120 25000
37 46 124 25000
37 47 107 25000
37 48 101 25000
37 49 121 25000
37 50 107 25000
37 51 103 25000
38 39 148 25000
38 40 118 25000
38 41 112 25000
38 42 119 25000
38 43 104 25000
38 44 130 25000
38 45 112 25000
38 46 118 25000
38 47 114 25000
38 48 135 25000
38 49 126 25000
38 50 135 25000
38 51 107 25000
39 40 121 25000
39 41 129 25000
39 42 118 25000
39 43 116 25000
39 44 118 25000
39 45 139 25000
39 46 145 25000
39 47 114 25000
39 48 137 25000
39 49 109 25000
39 50 119 25000
39 51 114 25000
40 41 124 25000
40 42 129 25000
40 43 101 25000
40 44 148 25000
40 45 136 25000
40 46 143 25000
40 47 105 25000
40 48 131 25000
40 49 144 25000
40 50 113 25000
40 51 120 25000
41 42 117 25000
41 43 124 25000
41 44 145 25000
41 45 137 25000
41 46 108 25000
41 47 126 25000
41 48 141 25000
41 49 122 25000
41 50 123 25000
41 51 141 25000
42 43 114 25000
42 44 109 25000
42 45 118 25000
42 46 122 25000
42 47 108 25000
42 48 114 25000
42 49 134 25000
42 50 113 25000
42 51 123 25000
43 44 128 25000
43 45 115 25000
43 46 118 25000
43 47 119 25000
43 48 122 25000
43 49 130 25000
43 50 116 25000
43 51 128 25000
44 45 122 25000
44 46 135 25000
44 47 116 25000
44 48 123 25000
44 49 125 25000
44 50 119 25000
44 51 119 25000
45 46 143 25000
45 47 131 25000
45 48 131 25000
45 49 138 25000
45 50 108 25000
45 51 118 25000
46 47 141 25000
46 48 121 25000
46 49 111 25000
46 50 116 25000
46 51 139 25000
47 48 149 25000
47 49 139 25000
47 50 115 25000
47 51 131 25000
48 49 129 25000
48 50 115 25000
48 51 126 25000
49 50 125 25000
49 51 132 25000
50 51 120 25000
