0 1 132 25000
0 2 130 25000
0 3 123 25000
0 4 116 25000
0 5 126 25000
0 6 109 25000
0 7 134 25000
0 8 115 25000
0 9 129 25000
0 10 120 25000
0 11 133 25000
0 12 168 25000
0 13 136 25000
0 14 144 25000
0 15 159 25000
0 16 115 25000
0 17 127 25000
0 18 139 25000
0 19 118 25000
0 20 120 25000
0 21 116 25000
0 22 111 25000
0 23 127 25000
0 24 118 25000
0 25 146 25000
0 26 118 25000
0 27 118 25000
0 28 110 25000
0 29 116 25000
0 30 139 25000
0 31 141 25000
0 32 131 25000
0 33 137 25000
0 34 135 25000
0 35 123 25000
0 36 129 25000
0 37 125 25000
0 38 148 25000
0 39 132 25000
0 40 136 25000
0 41 130 25000
0 42 142 25000
0 43 123 25000
0 44 97 25000
0 45 117 25000
0 46 118 25000
0 47 115 25000
0 48 117 25000
0 49 137 25000
0 50 136 25000
0 51 133 25000
1 2 127 25000
1 3 120 25000
1 4 119 25000
1 5 125 25000
1 6 127 25000
1 7 149 25000
1 8 122 25000
1 9 110 25000
1 10 129 25000
1 11 114 25000
1 12 154 25000
1 13 125 25000
1 14 122 25000
1 15 121 25000
1 16 118 25000
1 17 102 25000
1 18 120 25000
1 19 133 25000
1 20 123 25000
1 21 127 25000
1 22 145 25000
1 23 141 25000
1 24 132 25000
1 25 143 25000
1 26 112 25000
1 27 146 25000
1 28 120 25000
1 29 123 25000
1 30 134 25000
1 31 118 25000
1 32 127 25000
1 33 108 25000
1 34 131 25000
1 35 106 25000
1 36 125 25000
1 37 101 25000
1 38 139 25000
1 39 126 25000
1 40 118 25000
1 41 133 25000
1 42 133 25000
1 43 144 25000
1 44 139 25000
1 45 123 25000
1 46 150 25000
1 47 125 25000
1 48 111 25000
1 49 127 25000
1 50 120 25000
1 51 118 25000
2 3 144 25000
2 4 134 25000
2 5 132 25000
2 6 135 25000
2 7 127 25000
2 8 135 25000
2 9 106 25000
2 10 104 25000
2 11 130 25000
2 12 127 25000
2 13 134 25000
2 14 124 25000
2 15 120 25000
2 16 115 25000
2 17 122 25000
2 18 136 25000
2 19 133 25000
2 20 118 25000
2 21 118 25000
2 22 137 25000
2 23 97 25000
2 24 126 25000
2 25 132 25000
2 26 117 25000
2 27 119 25000
2 28 121 25000
2 29 108 25000
2 30 117 25000
2 31 124 25000
2 32 123 25000
2 33 132 25000
2 34 141 25000
2 35 123 25000
2 36 134 25000
2 37 115 25000
2 38 115 25000
2 39 98 25000
2 40 116 25000
2 41 127 25000
2 42 105 25000
2 43 138 25000
2 44 139 25000
2 45 129 25000
2 46 141 25000
2 47 113 25000
2 48 128 25000
2 49 118 25000
2 50 91 25000
2 51 114 25000
3 4 131 25000
3 5 153 25000
3 6 116 25000
3 7 154 25000
3 8 115 25000
3 9 125 25000
3 10 118 25000
3 11 129 25000
3 12 126 25000
3 13 155 25000
3 14 139 25000
3 15 126 25000
3 16 117 25000
3 17 126 25000
3 18 122 25000
3 19 133 25000
3 20 109 25000
3 21 128 25000
3 22 131 25000
3 23 133 25000
3 24 125 25000
3 25 134 25000
3 26 127 25000
3 27 129 25000
3 28 128 25000
3 29 122 25000
3 30 119 25000
3 31 106 25000
3 32 125 25000
3 33 113 25000
3 34 124 25000
3 35 121 25000
3 36 117 25000
3 37 140 25000
3 38 125 25000
3 39 113 25000
3 40 119 25000
3 41 145 25000
3 42 124 25000
3 43 119 25000
3 44 127 25000
3 45 143 25000
3 46 125 25000
3 47 119 25000
3 48 123 25000
3 49 113 25000
3 50 124 25000
3 51 131 25000
4 5 144 25000
4 6 128 25000
4 7 140 25000
4 8 127 25000
4 9 132 25000
4 10 109 25000
4 11 123 25000
4 12 143 25000
4 13 122 25000
4 14 124 25000
4 15 130 25000
4 16 127 25000
4 17 149 25000
4 18 108 25000
4 19 128 25000
4 20 143 25000
4 21 147 25000
4 22 125 25000
4 23 128 25000
4 24 126 25000
4 25 107 25000
4 26 119 25000
4 27 130 25000
4 28 133 25000
4 29 140 25000
4 30 119 25000
4 31 110 25000
4 32 133 25000
4 33 94 25000
4 34 114 25000
4 35 113 25000
4 36 125 25000
4 37 109 25000
4 38 130 25000
4 39 101 25000
4 40 136 25000
4 41 124 25000
4 42 117 25000
4 43 128 25000
4 44 132 25000
4 45 115 25000
4 46 136 25000
4 47 111 25000
4 48 145 25000
4 49 120 25000
4 50 110 25000
4 51 123 25000
5 6 135 25000
5 7 132 25000
5 8 117 25000
5 9 132 25000
5 10 101 25000
5 11 122 25000
5 12 149 25000
5 13 144 25000
5 14 98 25000
5 15 134 25000
5 16 151 25000
5 17 133 25000
5 18 134 25000
5 19 122 25000
5 20 117 25000
5 21 116 25000
5 22 137 25000
5 23 130 25000
5 24 116 25000
5 25 117 25000
5 26 124 25000
5 27 109 25000
5 28 132 25000
5 29 124 25000
5 30 137 25000
5 31 131 25000
5 32 114 25000
5 33 133 25000
5 34 131 25000
5 35 123 25000
5 36 129 25000
5 37 119 25000
5 38 134 25000
5 39 120 25000
5 40 141 25000
5 41 119 25000
5 42 126 25000
5 43 117 25000
5 44 136 25000
5 45 126 25000
5 46 127 25000
5 47 118 25000
5 48 128 25000
5 49 128 25000
5 50 95 25000
5 51 147 25000
6 7 130 25000
6 8 146 25000
6 9 123 25000
6 10 132 25000
6 11 121 25000
6 12 152 25000
6 13 122 25000
6 14 132 25000
6 15 113 25000
6 16 106 25000
6 17 130 25000
6 18 121 25000
6 19 121 25000
6 20 106 25000
6 21 139 25000
6 22 125 25000
6 23 118 25000
6 24 152 25000
6 25 118 25000
6 26 145 25000
6 27 139 25000
6 28 135 25000
6 29 133 25000
6 30 98 25000
6 31 122 25000
6 32 118 25000
6 33 118 25000
6 34 111 25000
6 35 129 25000
6 36 118 25000
6 37 146 25000
6 38 122 25000
6 39 125 25000
6 40 118 25000
6 41 121 25000
6 42 131 25000
6 43 133 25000
6 44 126 25000
6 45 119 25000
6 46 133 25000
6 47 122 25000
6 48 135 25000
6 49 127 25000
6 50 109 25000
6 51 103 25000
7 8 136 25000
7 9 150 25000
7 10 129 25000
7 11 119 25000
7 12 158 25000
7 13 137 25000
7 14 117 25000
7 15 136 25000
7 16 139 25000
7 17 136 25000
7 18 115 25000
7 19 135 25000
7 20 137 25000
7 21 148 25000
7 22 138 25000
7 23 131 25000
7 24 105 25000
7 25 118 25000
7 26 136 25000
7 27 108 25000
7 28 135 25000
7 29 127 25000
7 30 136 25000
7 31 126 25000
7 32 106 25000
7 33 110 25000
7 34 119 25000
7 35 135 25000
7 36 127 25000
7 37 115 25000
7 38 137 25000
7 39 123 25000
7 40 121 25000
7 41 127 25000
7 42 123 25000
7 43 123 25000
7 44 134 25000
7 45 129 25000
7 46 119 25000
7 47 119 25000
7 48 138 25000
7 49 112 25000
7 50 122 25000
7 51 118 25000
8 9 145 25000
8 10 148 25000
8 11 114 25000
8 12 170 25000
8 13 121 25000
8 14 136 25000
8 15 121 25000
8 16 119 25000
8 17 142 25000
8 18 128 25000
8 19 126 25000
8 20 115 25000
8 21 120 25000
8 22 135 25000
8 23 112 25000
8 24 129 25000
8 25 117 25000
8 26 135 25000
8 27 116 25000
8 28 126 25000
8 29 122 25000
8 30 133 25000
8 31 141 25000
8 32 113 25000
8 33 123 25000
8 34 114 25000
8 35 114 25000
8 36 126 25000
8 37 106 25000
8 38 103 25000
8 39 144 25000
8 40 111 25000
8 41 110 25000
8 42 116 25000
8 43 123 25000
8 44 112 25000
8 45 130 25000
8 46 122 25000
8 47 113 25000
8 48 119 25000
8 49 150 25000
8 50 109 25000
8 51 129 25000
9 10 128 25000
9 11 134 25000
9 12 151 25000
9 13 144 25000
9 14 138 25000
9 15 131 25000
9 16 116 25000
9 17 143 25000
9 18 111 25000
9 19 132 25000
9 20 122 25000
9 21 119 25000
9 22 133 25000
9 23 126 25000
9 24 127 25000
9 25 141 25000
9 26 138 25000
9 27 109 25000
9 28 126 25000
9 29 116 25000
9 30 112 25000
9 31 124 25000
9 32 135 25000
9 33 119 25000
9 34 118 25000
9 35 116 25000
9 36 118 25000
9 37 118 25000
9 38 115 25000
9 39 119 25000
9 40 132 25000
9 41 128 25000
9 42 118 25000
9 43 135 25000
9 44 120 25000
9 45 101 25000
9 46 120 25000
9 47 133 25000
9 48 128 25000
9 49 113 25000
9 50 121 25000
9 51 119 25000
10 11 136 25000
10 12 140 25000
10 13 126 25000
10 14 119 25000
10 15 131 25000
10 16 125 25000
10 17 119 25000
10 18 124 25000
10 19 158 25000
10 20 130 25000
10 21 125 25000
10 22 130 25000
10 23 131 25000
10 24 107 25000
10 25 111 25000
10 26 121 25000
10 27 118 25000
10 28 117 25000
10 29 119 25000
10 30 126 25000
10 31 125 25000
10 32 133 25000
10 33 130 25000
10 34 134 25000
10 35 115 25000
10 36 127 25000
10 37 128 25000
10 38 114 25000
10 39 106 25000
10 40 134 25000
10 41 126 25000
10 42 134 25000
10 43 121 25000
10 44 129 25000
10 45 121 25000
10 46 114 25000
10 47 109 25000
10 48 104 25000
10 49 134 25000
10 50 122 25000
10 51 135 25000
11 12 130 25000
11 13 113 25000
11 14 128 25000
11 15 128 25000
11 16 130 25000
11 17 123 25000
11 18 112 25000
11 19 118 25000
11 20 140 25000
11 21 122 25000
11 22 125 25000
11 23 112 25000
11 24 128 25000
11 25 121 25000
11 26 139 25000
11 27 104 25000
11 28 112 25000
11 29 120 25000
11 30 136 25000
11 31 122 25000
11 32 117 25000
11 33 117 25000
11 34 158 25000
11 35 122 25000
11 36 125 25000
11 37 126 25000
11 38 112 25000
11 39 107 25000
11 40 102 25000
11 41 118 25000
11 42 111 25000
11 43 141 25000
11 44 124 25000
11 45 132 25000
11 46 119 25000
11 47 129 25000
11 48 114 25000
11 49 131 25000
11 50 124 25000
11 51 112 25000
12 13 150 25000
12 14 146 25000
12 15 159 25000
12 16 153 25000
12 17 151 25000
12 18 145 25000
12 19 140 25000
12 20 144 25000
12 21 158 25000
12 22 157 25000
12 23 141 25000
12 24 130 25000
12 25 154 25000
12 26 124 25000
12 27 144 25000
12 28 131 25000
12 29 151 25000
12 30 164 25000
12 31 144 25000
12 32 154 25000
12 33 151 25000
12 34 132 25000
12 35 144 25000
12 36 149 25000
12 37 149 25000
12 38 132 25000
12 39 148 25000
12 40 139 25000
12 41 154 25000
12 42 147 25000
12 43 135 25000
12 44 132 25000
12 45 132 25000
12 46 148 25000
12 47 116 25000
12 48 143 25000
12 49 132 25000
12 50 137 25000
12 51 144 25000
13 14 136 25000
13 15 127 25000
13 16 139 25000
13 17 138 25000
13 18 136 25000
13 19 135 25000
13 20 130 25000
13 21 136 25000
13 22 136 25000
13 23 142 25000
13 24 139 25000
13 25 132 25000
13 26 113 25000
13 27 113 25000
13 28 132 25000
13 29 111 25000
13 30 126 25000
13 31 124 25000
13 32 140 25000
13 33 139 25000
13 34 135 25000
13 35 125 25000
13 36 124 25000
13 37 128 25000
13 38 140 25000
13 39 146 25000
13 40 136 25000
13 41 125 25000
13 42 124 25000
13 43 135 25000
13 44 120 25000
13 45 140 25000
13 46 124 25000
13 47 131 25000
13 48 124 25000
13 49 130 25000
13 50 121 25000
13 51 132 25000
14 15 131 25000
14 16 138 25000
14 17 132 25000
14 18 135 25000
14 19 137 25000
14 20 129 25000
14 21 137 25000
14 22 128 25000
14 23 124 25000
14 24 136 25000
14 25 116 25000
14 26 130 25000
14 27 108 25000
14 28 126 25000
14 29 123 25000
14 30 118 25000
14 31 122 25000
14 32 127 25000
14 33 123 25000
14 34 126 25000
14 35 130 25000
14 36 126 25000
14 37 135 25000
14 38 126 25000
14 39 125 25000
14 40 123 25000
14 41 137 25000
14 42 114 25000
14 43 128 25000
14 44 116 25000
14 45 133 25000
14 46 130 25000
14 47 99 25000
14 48 124 25000
14 49 124 25000
14 50 125 25000
14 51 117 25000
15 16 133 25000
15 17 140 25000
15 18 144 25000
15 19 126 25000
15 20 131 25000
15 21 131 25000
15 22 137 25000
15 23 141 25000
15 24 129 25000
15 25 132 25000
15 26 129 25000
15 27 127 25000
15 28 150 25000
15 29 128 25000
15 30 152 25000
15 31 127 25000
15 32 115 25000
15 33 115 25000
15 34 152 25000
15 35 135 25000
15 36 119 25000
15 37 124 25000
15 38 115 25000
15 39 152 25000
15 40 112 25000
15 41 131 25000
15 42 129 25000
15 43 123 25000
15 44 132 25000
15 45 130 25000
15 46 125 25000
15 47 111 25000
15 48 131 25000
15 49 142 25000
15 50 118 25000
15 51 128 25000
16 17 119 25000
16 18 130 25000
16 19 136 25000
16 20 146 25000
16 21 135 25000
16 22 152 25000
16 23 135 25000
16 24 122 25000
16 25 147 25000
16 26 125 25000
16 27 106 25000
16 28 117 25000
16 29 132 25000
16 30 136 25000
16 31 121 25000
16 32 136 25000
16 33 135 25000
16 34 152 25000
16 35 119 25000
16 36 135 25000
16 37 153 25000
16 38 153 25000
16 39 128 25000
16 40 125 25000
16 41 131 25000
16 42 129 25000
16 43 124 25000
16 44 137 25000
16 45 148 25000
16 46 136 25000
16 47 120 25000
16 48 118 25000
16 49 112 25000
16 50 113 25000
16 51 126 25000
17 18 133 25000
17 19 143 25000
17 20 121 25000
17 21 128 25000
17 22 146 25000
17 23 146 25000
17 24 134 25000
17 25 147 25000
17 26 117 25000
17 27 109 25000
17 28 133 25000
17 29 144 25000
17 30 145 25000
17 31 124 25000
17 32 113 25000
17 33 147 25000
17 34 134 25000
17 35 140 25000
17 36 136 25000
17 37 127 25000
17 38 107 25000
17 39 113 25000
17 40 132 25000
17 41 117 25000
17 42 110 25000
17 43 140 25000
17 44 119 25000
17 45 139 25000
17 46 140 25000
17 47 101 25000
17 48 134 25000
17 49 118 25000
17 50 117 25000
17 51 122 25000
18 19 144 25000
18 20 148 25000
18 21 107 25000
18 22 120 25000
18 23 123 25000
18 24 128 25000
18 25 123 25000
18 26 120 25000
18 27 113 25000
18 28 132 25000
18 29 113 25000
18 30 140 25000
18 31 119 25000
18 32 150 25000
18 33 116 25000
18 34 142 25000
18 35 132 25000
18 36 131 25000
18 37 119 25000
18 38 141 25000
18 39 117 25000
18 40 111 25000
18 41 143 25000
18 42 111 25000
18 43 120 25000
18 44 124 25000
18 45 118 25000
18 46 111 25000
18 47 132 25000
18 48 113 25000
18 49 130 25000
18 50 129 25000
18 51 123 25000
19 20 145 25000
19 21 150 25000
19 22 131 25000
19 23 155 25000
19 24 120 25000
19 25 117 25000
19 26 113 25000
19 27 122 25000
19 28 124 25000
19 29 113 25000
19 30 118 25000
19 31 115 25000
19 32 121 25000
19 33 97 25000
19 34 123 25000
19 35 138 25000
19 36 146 25000
19 37 122 25000
19 38 147 25000
19 39 114 25000
19 40 132 25000
19 41 139 25000
19 42 122 25000
19 43 123 25000
19 44 110 25000
19 45 135 25000
19 46 120 25000
19 47 114 25000
19 48 133 25000
19 49 110 25000
19 50 124 25000
19 51 115 25000
20 21 137 25000
20 22 123 25000
20 23 119 25000
20 24 146 25000
20 25 123 25000
20 26 113 25000
20 27 122 25000
20 28 109 25000
20 29 104 25000
20 30 139 25000
20 31 110 25000
20 32 127 25000
20 33 107 25000
20 34 112 25000
20 35 122 25000
20 36 127 25000
20 37 112 25000
20 38 134 25000
20 39 144 25000
20 40 110 25000
20 41 119 25000
20 42 99 25000
20 43 139 25000
20 44 119 25000
20 45 108 25000
20 46 123 25000
20 47 120 25000
20 48 124 25000
20 49 109 25000
20 50 112 25000
20 51 118 25000
21 22 144 25000
21 23 134 25000
21 24 140 25000
21 25 121 25000
21 26 117 25000
21 27 126 25000
21 28 119 25000
21 29 126 25000
21 30 113 25000
21 31 129 25000
21 32 126 25000
21 33 134 25000
21 34 132 25000
21 35 144 25000
21 36 120 25000
21 37 123 25000
21 38 127 25000
21 39 125 25000
21 40 136 25000
21 41 110 25000
21 42 123 25000
21 43 148 25000
21 44 123 25000
21 45 124 25000
21 46 148 25000
21 47 125 25000
21 48 123 25000
21 49 115 25000
21 50 124 25000
21 51 125 25000
22 23 161 25000
22 24 126 25000
22 25 139 25000
22 26 141 25000
22 27 107 25000
22 28 138 25000
22 29 127 25000
22 30 128 25000
22 31 130 25000
22 32 134 25000
22 33 101 25000
22 34 120 25000
22 35 129 25000
22 36 131 25000
22 37 157 25000
22 38 128 25000
22 39 127 25000
22 40 114 25000
22 41 120 25000
22 42 117 25000
22 43 138 25000
22 44 139 25000
22 45 158 25000
22 46 127 25000
22 47 134 25000
22 48 112 25000
22 49 128 25000
22 50 118 25000
22 51 125 25000
23 24 134 25000
23 25 121 25000
23 26 124 25000
23 27 115 25000
23 28 132 25000
23 29 137 25000
23 30 132 25000
23 31 121 25000
23 32 121 25000
23 33 122 25000
23 34 128 25000
23 35 118 25000
23 36 124 25000
23 37 142 25000
23 38 112 25000
23 39 137 25000
23 40 150 25000
23 41 103 25000
23 42 149 25000
23 43 128 25000
23 44 128 25000
23 45 122 25000
23 46 135 25000
23 47 120 25000
23 48 108 25000
23 49 125 25000
23 50 114 25000
23 51 125 25000
24 25 114 25000
24 26 121 25000
24 27 126 25000
24 28 126 25000
24 29 131 25000
24 30 124 25000
24 31 116 25000
24 32 124 25000
24 33 123 25000
24 34 123 25000
24 35 116 25000
24 36 90 25000
24 37 119 25000
24 38 118 25000
24 39 134 25000
24 40 125 25000
24 41 109 25000
24 42 108 25000
24 43 117 25000
24 44 116 25000
24 45 113 25000
24 46 117 25000
24 47 125 25000
24 48 123 25000
24 49 107 25000
24 50 114 25000
24 51 113 25000
25 26 128 25000
25 27 127 25000
25 28 132 25000
25 29 109 25000
25 30 147 25000
25 31 126 25000
25 32 133 25000
25 33 137 25000
25 34 132 25000
25 35 135 25000
25 36 141 25000
25 37 117 25000
25 38 125 25000
25 39 117 25000
25 40 103 25000
25 41 118 25000
25 42 129 25000
25 43 122 25000
25 44 111 25000
25 45 120 25000
25 46 132 25000
25 47 140 25000
25 48 122 25000
25 49 110 25000
25 50 120 25000
25 51 119 25000
26 27 105 25000
26 28 130 25000
26 29 102 25000
26 30 111 25000
26 31 105 25000
26 32 138 25000
26 33 128 25000
26 34 130 25000
26 35 144 25000
26 36 139 25000
26 37 129 25000
26 38 131 25000
26 39 122 25000
26 40 126 25000
26 41 128 25000
26 42 107 25000
26 43 135 25000
26 44 144 25000
26 45 128 25000
26 46 112 25000
26 47 126 25000
26 48 130 25000
26 49 121 25000
26 50 110 25000
26 51 125 25000
27 28 116 25000
27 29 108 25000
27 30 122 25000
27 31 126 25000
27 32 121 25000
27 33 111 25000
27 34 142 25000
27 35 142 25000
27 36 124 25000
27 37 109 25000
27 38 125 25000
27 39 112 25000
27 40 110 25000
27 41 109 25000
27 42 119 25000
27 43 124 25000
27 44 125 25000
27 45 113 25000
27 46 109 25000
27 47 112 25000
27 48 111 25000
27 49 137 25000
27 50 123 25000
27 51 127 25000
28 29 117 25000
28 30 146 25000
28 31 115 25000
28 32 132 25000
28 33 129 25000
28 34 141 25000
28 35 134 25000
28 36 123 25000
28 37 121 25000
28 38 132 25000
28 39 111 25000
28 40 121 25000
28 41 120 25000
28 42 130 25000
28 43 115 25000
28 44 118 25000
28 45 130 25000
28 46 119 25000
28 47 116 25000
28 48 114 25000
28 49 111 25000
28 50 115 25000
28 51 120 25000
29 30 123 25000
29 31 120 25000
29 32 149 25000
29 33 129 25000
29 34 114 25000
29 35 148 25000
29 36 134 25000
29 37 131 25000
29 38 128 25000
29 39 95 25000
29 40 129 25000
29 41 146 25000
29 42 117 25000
29 43 119 25000
29 44 134 25000
29 45 137 25000
29 46 142 25000
29 47 128 25000
29 48 117 25000
29 49 124 25000
29 50 115 25000
29 51 130 25000
30 31 155 25000
30 32 113 25000
30 33 137 25000
30 34 133 25000
30 35 124 25000
30 36 120 25000
30 37 144 25000
30 38 127 25000
30 39 133 25000
30 40 109 25000
30 41 138 25000
30 42 125 25000
30 43 147 25000
30 44 111 25000
30 45 129 25000
30 46 126 25000
30 47 117 25000
30 48 124 25000
30 49 116 25000
30 50 133 25000
30 51 114 25000
31 32 125 25000
31 33 150 25000
31 34 158 25000
31 35 119 25000
31 36 129 25000
31 37 120 25000
31 38 153 25000
31 39 141 25000
31 40 149 25000
31 41 117 25000
31 42 145 25000
31 43 130 25000
31 44 126 25000
31 45 121 25000
31 46 129 25000
31 47 131 25000
31 48 113 25000
31 49 116 25000
31 50 102 25000
31 51 109 25000
32 33 137 25000
32 34 148 25000
32 35 127 25000
32 36 126 25000
32 37 123 25000
32 38 127 25000
32 39 112 25000
32 40 126 25000
32 41 124 25000
32 42 115 25000
32 43 129 25000
32 44 124 25000
32 45 141 25000
32 46 107 25000
32 47 127 25000
32 48 115 25000
32 49 106 25000
32 50 141 25000
32 51 134 25000
33 34 162 25000
33 35 117 25000
33 36 131 25000
33 37 120 25000
33 38 127 25000
33 39 113 25000
33 40 131 25000
33 41 138 25000
33 42 125 25000
33 43 124 25000
33 44 137 25000
33 45 114 25000
33 46 135 25000
33 47 115 25000
33 48 119 25000
33 49 136 25000
33 50 127 25000
33 51 108 25000
34 35 150 25000
34 36 140 25000
34 37 110 25000
34 38 142 25000
34 39 139 25000
34 40 124 25000
34 41 123 25000
34 42 132 25000
34 43 123 25000
34 44 129 25000
34 45 147 25000
34 46 136 25000
34 47 120 25000
34 48 122 25000
34 49 123 25000
34 50 154 25000
34 51 112 25000
35 36 133 25000
35 37 131 25000
35 38 135 25000
35 39 118 25000
35 40 136 25000
35 41 149 25000
35 42 122 25000
35 43 124 25000
35 44 125 25000
35 45 107 25000
35 46 113 25000
35 47 116 25000
35 48 131 25000
35 49 125 25000
35 50 129 25000
35 51 105 25000
36 37 142 25000
36 38 139 25000
36 39 130 25000
36 40 121 25000
36 41 132 25000
36 42 108 25000
36 43 130 25000
36 44 120 25000
36 45 135 25000
36 46 132 25000
36 47 125 25000
36 48 130 25000
36 49 136 25000
36 50 131 25000
36 51 130 25000
37 38 156 25000
37 39 132 25000
37 40 129 25000
37 41 146 25000
37 42 145 25000
37 43 120 25000
37 44 124 25000
37 45 116 25000
37 46 123 25000
37 47 122 25000
37 48 131 25000
37 49 108 25000
37 50 123 25000
37 51 128 25000
38 39 118 25000
38 40 115 25000
38 41 114 25000
38 42 135 25000
38 43 125 25000
38 44 124 25000
38 45 134 25000
38 46 110 25000
38 47 116 25000
38 48 139 25000
38 49 106 25000
38 50 132 25000
38 51 128 25000
39 40 131 25000
39 41 147 25000
39 42 136 25000
39 43 115 25000
39 44 118 25000
39 45 117 25000
39 46 113 25000
39 47 120 25000
39 48 127 25000
39 49 107 25000
39 50 125 25000
39 51 143 25000
40 41 126 25000
40 42 140 25000
40 43 126 25000
40 44 117 25000
40 45 133 25000
40 46 141 25000
40 47 131 25000
40 48 133 25000
40 49 125 25000
40 50 123 25000
40 51 126 25000
41 42 137 25000
41 43 130 25000
41 44 140 25000
41 45 130 25000
41 46 115 25000
41 47 134 25000
41 48 122 25000
41 49 136 25000
41 50 94 25000
41 51 117 25000
42 43 130 25000
42 44 141 25000
42 45 143 25000
42 46 156 25000
42 47 128 25000
42 48 134 25000
42 49 112 25000
42 50 140 25000
42 51 128 25000
43 44 149 25000
43 45 119 25000
43 46 107 25000
43 47 136 25000
43 48 130 25000
43 49 138 25000
43 50 126 25000
43 51 123 25000
44 45 141 25000
44 46 151 25000
44 47 120 25000
44 48 118 25000
44 49 135 25000
44 50 121 25000
44 51 128 25000
45 46 134 25000
45 47 143 25000
45 48 138 25000
45 49 121 25000
45 50 123 25000
45 51 129 25000
46 47 130 25000
46 48 120 25000
46 49 127 25000
46 50 120 25000
46 51 126 25000
47 48 101 25000
47 49 138 25000
47 50 127 25000
47 51 135 25000
48 49 134 25000
48 50 122 25000
48 51 126 25000
49 50 117 25000
49 51 136 25000
50 51 142 25000
