0 1 228 25000
0 2 159 25000
0 3 123 25000
0 4 130 25000
0 5 109 25000
0 6 112 25000
0 7 95 25000
0 8 89 25000
0 9 107 25000
0 10 125 25000
0 11 146 25000
0 12 261 25000
0 13 241 25000
0 14 195 25000
0 15 159 25000
0 16 133 25000
0 17 102 25000
0 18 100 25000
0 19 106 25000
0 20 119 25000
0 21 105 25000
0 22 113 25000
0 23 128 25000
0 24 129 25000
0 25 206 25000
0 26 269 25000
0 27 161 25000
0 28 148 25000
0 29 125 25000
0 30 94 25000
0 31 92 25000
0 32 106 25000
0 33 115 25000
0 34 94 25000
0 35 93 25000
0 36 107 25000
0 37 150 25000
0 38 210 25000
0 39 237 25000
0 40 185 25000
0 41 135 25000
0 42 125 25000
0 43 86 25000
0 44 106 25000
0 45 115 25000
0 46 74 25000
0 47 96 25000
0 48 92 25000
0 49 110 25000
0 50 137 25000
0 51 218 25000
1 2 185 25000
1 3 141 25000
1 4 124 25000
1 5 127 25000
1 6 95 25000
1 7 112 25000
1 8 95 25000
1 9 92 25000
1 10 98 25000
1 11 142 25000
1 12 187 25000
1 13 186 25000
1 14 244 25000
1 15 151 25000
1 16 138 25000
1 17 111 25000
1 18 110 25000
1 19 106 25000
1 20 107 25000
1 21 87 25000
1 22 97 25000
1 23 120 25000
1 24 145 25000
1 25 173 25000
1 26 175 25000
1 27 261 25000
1 28 183 25000
1 29 132 25000
1 30 113 25000
1 31 101 25000
1 32 106 25000
1 33 92 25000
1 34 88 25000
1 35 99 25000
1 36 103 25000
1 37 121 25000
1 38 147 25000
1 39 188 25000
1 40 248 25000
1 41 174 25000
1 42 137 25000
1 43 121 25000
1 44 112 25000
1 45 93 25000
1 46 90 25000
1 47 85 25000
1 48 91 25000
1 49 111 25000
1 50 116 25000
1 51 171 25000
2 3 188 25000
2 4 159 25000
2 5 132 25000
2 6 109 25000
2 7 103 25000
2 8 91 25000
2 9 75 25000
2 10 104 25000
2 11 120 25000
2 12 147 25000
2 13 162 25000
2 14 197 25000
2 15 258 25000
2 16 161 25000
2 17 133 25000
2 18 127 25000
2 19 119 25000
2 20 96 25000
2 21 114 25000
2 22 76 25000
2 23 92 25000
2 24 102 25000
2 25 135 25000
2 26 166 25000
2 27 177 25000
2 28 257 25000
2 29 184 25000
2 30 136 25000
2 31 131 25000
2 32 100 25000
2 33 95 25000
2 34 89 25000
2 35 102 25000
2 36 97 25000
2 37 121 25000
2 38 148 25000
2 39 149 25000
2 40 179 25000
2 41 258 25000
2 42 165 25000
2 43 133 25000
2 44 118 25000
2 45 114 25000
2 46 92 25000
2 47 93 25000
2 48 98 25000
2 49 99 25000
2 50 105 25000
2 51 139 25000
3 4 210 25000
3 5 162 25000
3 6 125 25000
3 7 119 25000
3 8 116 25000
3 9 87 25000
3 10 87 25000
3 11 95 25000
3 12 123 25000
3 13 115 25000
3 14 140 25000
3 15 175 25000
3 16 243 25000
3 17 164 25000
3 18 137 25000
3 19 105 25000
3 20 93 25000
3 21 97 25000
3 22 102 25000
3 23 92 25000
3 24 107 25000
3 25 110 25000
3 26 113 25000
3 27 117 25000
3 28 177 25000
3 29 248 25000
3 30 162 25000
3 31 131 25000
3 32 119 25000
3 33 104 25000
3 34 92 25000
3 35 79 25000
3 36 85 25000
3 37 111 25000
3 38 106 25000
3 39 126 25000
3 40 156 25000
3 41 174 25000
3 42 213 25000
3 43 162 25000
3 44 138 25000
3 45 122 25000
3 46 111 25000
3 47 104 25000
3 48 109 25000
3 49 100 25000
3 50 97 25000
3 51 119 25000
4 5 168 25000
4 6 142 25000
4 7 120 25000
4 8 106 25000
4 9 107 25000
4 10 101 25000
4 11 109 25000
4 12 110 25000
4 13 103 25000
4 14 118 25000
4 15 139 25000
4 16 176 25000
4 17 255 25000
4 18 184 25000
4 19 126 25000
4 20 116 25000
4 21 117 25000
4 22 92 25000
4 23 115 25000
4 24 105 25000
4 25 99 25000
4 26 110 25000
4 27 121 25000
4 28 139 25000
4 29 163 25000
4 30 242 25000
4 31 166 25000
4 32 133 25000
4 33 100 25000
4 34 116 25000
4 35 86 25000
4 36 79 25000
4 37 104 25000
4 38 93 25000
4 39 112 25000
4 40 110 25000
4 41 149 25000
4 42 194 25000
4 43 246 25000
4 44 200 25000
4 45 134 25000
4 46 108 25000
4 47 106 25000
4 48 90 25000
4 49 87 25000
4 50 93 25000
4 51 110 25000
5 6 196 25000
5 7 129 25000
5 8 128 25000
5 9 100 25000
5 10 90 25000
5 11 109 25000
5 12 131 25000
5 13 120 25000
5 14 115 25000
5 15 106 25000
5 16 130 25000
5 17 194 25000
5 18 247 25000
5 19 158 25000
5 20 151 25000
5 21 121 25000
5 22 107 25000
5 23 104 25000
5 24 112 25000
5 25 117 25000
5 26 122 25000
5 27 105 25000
5 28 130 25000
5 29 126 25000
5 30 171 25000
5 31 232 25000
5 32 169 25000
5 33 156 25000
5 34 114 25000
5 35 100 25000
5 36 97 25000
5 37 86 25000
5 38 103 25000
5 39 111 25000
5 40 106 25000
5 41 115 25000
5 42 137 25000
5 43 183 25000
5 44 245 25000
5 45 166 25000
5 46 119 25000
5 47 124 25000
5 48 96 25000
5 49 104 25000
5 50 101 25000
5 51 115 25000
6 7 182 25000
6 8 148 25000
6 9 123 25000
6 10 120 25000
6 11 113 25000
6 12 113 25000
6 13 109 25000
6 14 95 25000
6 15 116 25000
6 16 98 25000
6 17 161 25000
6 18 184 25000
6 19 261 25000
6 20 177 25000
6 21 134 25000
6 22 128 25000
6 23 102 25000
6 24 90 25000
6 25 87 25000
6 26 99 25000
6 27 107 25000
6 28 116 25000
6 29 118 25000
6 30 112 25000
6 31 172 25000
6 32 245 25000
6 33 190 25000
6 34 150 25000
6 35 109 25000
6 36 87 25000
6 37 109 25000
6 38 115 25000
6 39 93 25000
6 40 107 25000
6 41 115 25000
6 42 111 25000
6 43 123 25000
6 44 184 25000
6 45 271 25000
6 46 188 25000
6 47 114 25000
6 48 119 25000
6 49 109 25000
6 50 102 25000
6 51 91 25000
7 8 198 25000
7 9 119 25000
7 10 114 25000
7 11 101 25000
7 12 103 25000
7 13 104 25000
7 14 101 25000
7 15 83 25000
7 16 109 25000
7 17 95 25000
7 18 132 25000
7 19 164 25000
7 20 269 25000
7 21 154 25000
7 22 128 25000
7 23 100 25000
7 24 96 25000
7 25 96 25000
7 26 86 25000
7 27 96 25000
7 28 96 25000
7 29 108 25000
7 30 93 25000
7 31 124 25000
7 32 167 25000
7 33 265 25000
7 34 137 25000
7 35 122 25000
7 36 100 25000
7 37 84 25000
7 38 111 25000
7 39 63 25000
7 40 94 25000
7 41 83 25000
7 42 108 25000
7 43 118 25000
7 44 148 25000
7 45 148 25000
7 46 246 25000
7 47 181 25000
7 48 134 25000
7 49 111 25000
7 50 98 25000
7 51 99 25000
8 9 176 25000
8 10 157 25000
8 11 109 25000
8 12 119 25000
8 13 132 25000
8 14 73 25000
8 15 101 25000
8 16 96 25000
8 17 121 25000
8 18 129 25000
8 19 143 25000
8 20 160 25000
8 21 268 25000
8 22 185 25000
8 23 141 25000
8 24 123 25000
8 25 102 25000
8 26 128 25000
8 27 87 25000
8 28 82 25000
8 29 84 25000
8 30 111 25000
8 31 121 25000
8 32 123 25000
8 33 161 25000
8 34 246 25000
8 35 165 25000
8 36 140 25000
8 37 111 25000
8 38 107 25000
8 39 103 25000
8 40 86 25000
8 41 87 25000
8 42 89 25000
8 43 93 25000
8 44 129 25000
8 45 115 25000
8 46 202 25000
8 47 268 25000
8 48 168 25000
8 49 127 25000
8 50 125 25000
8 51 99 25000
9 10 170 25000
9 11 155 25000
9 12 158 25000
9 13 107 25000
9 14 123 25000
9 15 102 25000
9 16 96 25000
9 17 116 25000
9 18 108 25000
9 19 111 25000
9 20 137 25000
9 21 192 25000
9 22 274 25000
9 23 167 25000
9 24 127 25000
9 25 108 25000
9 26 115 25000
9 27 91 25000
9 28 77 25000
9 29 81 25000
9 30 84 25000
9 31 100 25000
9 32 123 25000
9 33 158 25000
9 34 157 25000
9 35 239 25000
9 36 157 25000
9 37 142 25000
9 38 113 25000
9 39 130 25000
9 40 88 25000
9 41 93 25000
9 42 79 25000
9 43 109 25000
9 44 110 25000
9 45 110 25000
9 46 149 25000
9 47 168 25000
9 48 273 25000
9 49 170 25000
9 50 129 25000
9 51 121 25000
10 11 197 25000
10 12 152 25000
10 13 133 25000
10 14 95 25000
10 15 91 25000
10 16 99 25000
10 17 88 25000
10 18 92 25000
10 19 117 25000
10 20 113 25000
10 21 145 25000
10 22 180 25000
10 23 271 25000
10 24 184 25000
10 25 134 25000
10 26 114 25000
10 27 111 25000
10 28 99 25000
10 29 102 25000
10 30 84 25000
10 31 74 25000
10 32 122 25000
10 33 110 25000
10 34 130 25000
10 35 159 25000
10 36 262 25000
10 37 162 25000
10 38 108 25000
10 39 124 25000
10 40 90 25000
10 41 102 25000
10 42 89 25000
10 43 92 25000
10 44 101 25000
10 45 88 25000
10 46 131 25000
10 47 130 25000
10 48 173 25000
10 49 261 25000
10 50 166 25000
10 51 135 25000
11 12 209 25000
11 13 155 25000
11 14 136 25000
11 15 126 25000
11 16 96 25000
11 17 107 25000
11 18 97 25000
11 19 113 25000
11 20 108 25000
11 21 111 25000
11 22 142 25000
11 23 187 25000
11 24 258 25000
11 25 163 25000
11 26 161 25000
11 27 108 25000
11 28 114 25000
11 29 96 25000
11 30 97 25000
11 31 102 25000
11 32 93 25000
11 33 104 25000
11 34 129 25000
11 35 144 25000
11 36 185 25000
11 37 278 25000
11 38 183 25000
11 39 141 25000
11 40 111 25000
11 41 104 25000
11 42 93 25000
11 43 100 25000
11 44 90 25000
11 45 91 25000
11 46 94 25000
11 47 96 25000
11 48 133 25000
11 49 165 25000
11 50 280 25000
11 51 177 25000
12 13 223 25000
12 14 186 25000
12 15 140 25000
12 16 154 25000
12 17 125 25000
12 18 104 25000
12 19 125 25000
12 20 99 25000
12 21 126 25000
12 22 147 25000
12 23 171 25000
12 24 216 25000
12 25 283 25000
12 26 204 25000
12 27 164 25000
12 28 129 25000
12 29 117 25000
12 30 120 25000
12 31 102 25000
12 32 105 25000
12 33 85 25000
12 34 114 25000
12 35 118 25000
12 36 172 25000
12 37 196 25000
12 38 290 25000
12 39 261 25000
12 40 151 25000
12 41 128 25000
12 42 129 25000
12 43 113 25000
12 44 119 25000
12 45 97 25000
12 46 115 25000
12 47 127 25000
12 48 122 25000
12 49 142 25000
12 50 204 25000
12 51 275 25000
13 14 195 25000
13 15 163 25000
13 16 109 25000
13 17 137 25000
13 18 143 25000
13 19 107 25000
13 20 110 25000
13 21 106 25000
13 22 98 25000
13 23 120 25000
13 24 147 25000
13 25 234 25000
13 26 300 25000
13 27 176 25000
13 28 131 25000
13 29 116 25000
13 30 102 25000
13 31 100 25000
13 32 104 25000
13 33 80 25000
13 34 117 25000
13 35 113 25000
13 36 115 25000
13 37 143 25000
13 38 203 25000
13 39 293 25000
13 40 172 25000
13 41 140 25000
13 42 119 25000
13 43 108 25000
13 44 107 25000
13 45 105 25000
13 46 97 25000
13 47 102 25000
13 48 120 25000
13 49 127 25000
13 50 138 25000
13 51 182 25000
14 15 225 25000
14 16 160 25000
14 17 131 25000
14 18 94 25000
14 19 112 25000
14 20 88 25000
14 21 97 25000
14 22 98 25000
14 23 112 25000
14 24 136 25000
14 25 174 25000
14 26 179 25000
14 27 249 25000
14 28 197 25000
14 29 155 25000
14 30 124 25000
14 31 101 25000
14 32 107 25000
14 33 89 25000
14 34 95 25000
14 35 79 25000
14 36 101 25000
14 37 117 25000
14 38 167 25000
14 39 163 25000
14 40 230 25000
14 41 170 25000
14 42 145 25000
14 43 98 25000
14 44 110 25000
14 45 113 25000
14 46 96 25000
14 47 87 25000
14 48 100 25000
14 49 103 25000
14 50 138 25000
14 51 160 25000
15 16 209 25000
15 17 143 25000
15 18 126 25000
15 19 125 25000
15 20 107 25000
15 21 105 25000
15 22 100 25000
15 23 111 25000
15 24 124 25000
15 25 121 25000
15 26 152 25000
15 27 180 25000
15 28 266 25000
15 29 187 25000
15 30 146 25000
15 31 106 25000
15 32 109 25000
15 33 111 25000
15 34 94 25000
15 35 84 25000
15 36 90 25000
15 37 110 25000
15 38 153 25000
15 39 160 25000
15 40 189 25000
15 41 274 25000
15 42 175 25000
15 43 122 25000
15 44 122 25000
15 45 103 25000
15 46 108 25000
15 47 86 25000
15 48 82 25000
15 49 103 25000
15 50 118 25000
15 51 107 25000
16 17 192 25000
16 18 148 25000
16 19 111 25000
16 20 105 25000
16 21 91 25000
16 22 106 25000
16 23 96 25000
16 24 112 25000
16 25 129 25000
16 26 159 25000
16 27 138 25000
16 28 165 25000
16 29 231 25000
16 30 186 25000
16 31 138 25000
16 32 109 25000
16 33 112 25000
16 34 78 25000
16 35 91 25000
16 36 78 25000
16 37 95 25000
16 38 120 25000
16 39 135 25000
16 40 131 25000
16 41 166 25000
16 42 274 25000
16 43 182 25000
16 44 129 25000
16 45 102 25000
16 46 122 25000
16 47 81 25000
16 48 97 25000
16 49 93 25000
16 50 104 25000
16 51 136 25000
17 18 205 25000
17 19 161 25000
17 20 130 25000
17 21 126 25000
17 22 116 25000
17 23 93 25000
17 24 94 25000
17 25 115 25000
17 26 120 25000
17 27 119 25000
17 28 147 25000
17 29 193 25000
17 30 262 25000
17 31 192 25000
17 32 137 25000
17 33 109 25000
17 34 99 25000
17 35 96 25000
17 36 85 25000
17 37 109 25000
17 38 113 25000
17 39 142 25000
17 40 116 25000
17 41 146 25000
17 42 189 25000
17 43 257 25000
17 44 181 25000
17 45 136 25000
17 46 125 25000
17 47 121 25000
17 48 95 25000
17 49 106 25000
17 50 91 25000
17 51 96 25000
18 19 205 25000
18 20 146 25000
18 21 133 25000
18 22 100 25000
18 23 97 25000
18 24 94 25000
18 25 94 25000
18 26 130 25000
18 27 115 25000
18 28 113 25000
18 29 131 25000
18 30 196 25000
18 31 244 25000
18 32 189 25000
18 33 151 25000
18 34 122 25000
18 35 105 25000
18 36 99 25000
18 37 100 25000
18 38 97 25000
18 39 135 25000
18 40 88 25000
18 41 122 25000
18 42 157 25000
18 43 195 25000
18 44 249 25000
18 45 163 25000
18 46 153 25000
18 47 99 25000
18 48 83 25000
18 49 96 25000
18 50 84 25000
18 51 109 25000
19 20 180 25000
19 21 146 25000
19 22 135 25000
19 23 128 25000
19 24 102 25000
19 25 117 25000
19 26 112 25000
19 27 124 25000
19 28 112 25000
19 29 118 25000
19 30 138 25000
19 31 206 25000
19 32 260 25000
19 33 167 25000
19 34 130 25000
19 35 91 25000
19 36 100 25000
19 37 113 25000
19 38 107 25000
19 39 111 25000
19 40 102 25000
19 41 124 25000
19 42 102 25000
19 43 137 25000
19 44 149 25000
19 45 258 25000
19 46 189 25000
19 47 130 25000
19 48 115 25000
19 49 82 25000
19 50 93 25000
19 51 117 25000
20 21 200 25000
20 22 141 25000
20 23 119 25000
20 24 102 25000
20 25 99 25000
20 26 119 25000
20 27 107 25000
20 28 96 25000
20 29 104 25000
20 30 103 25000
20 31 142 25000
20 32 184 25000
20 33 292 25000
20 34 178 25000
20 35 119 25000
20 36 113 25000
20 37 125 25000
20 38 95 25000
20 39 111 25000
20 40 112 25000
20 41 84 25000
20 42 94 25000
20 43 121 25000
20 44 134 25000
20 45 189 25000
20 46 250 25000
20 47 172 25000
20 48 128 25000
20 49 121 25000
20 50 92 25000
20 51 87 25000
21 22 188 25000
21 23 161 25000
21 24 109 25000
21 25 105 25000
21 26 112 25000
21 27 116 25000
21 28 95 25000
21 29 98 25000
21 30 114 25000
21 31 105 25000
21 32 159 25000
21 33 191 25000
21 34 249 25000
21 35 176 25000
21 36 123 25000
21 37 115 25000
21 38 92 25000
21 39 96 25000
21 40 97 25000
21 41 87 25000
21 42 88 25000
21 43 99 25000
21 44 114 25000
21 45 125 25000
21 46 177 25000
21 47 291 25000
21 48 161 25000
21 49 142 25000
21 50 110 25000
21 51 115 25000
22 23 194 25000
22 24 130 25000
22 25 119 25000
22 26 84 25000
22 27 79 25000
22 28 91 25000
22 29 114 25000
22 30 96 25000
22 31 99 25000
22 32 114 25000
22 33 143 25000
22 34 175 25000
22 35 271 25000
22 36 195 25000
22 37 128 25000
22 38 105 25000
22 39 132 25000
22 40 95 25000
22 41 86 25000
22 42 90 25000
22 43 90 25000
22 44 103 25000
22 45 104 25000
22 46 133 25000
22 47 192 25000
22 48 257 25000
22 49 207 25000
22 50 134 25000
22 51 127 25000
23 24 200 25000
23 25 134 25000
23 26 140 25000
23 27 105 25000
23 28 135 25000
23 29 95 25000
23 30 95 25000
23 31 102 25000
23 32 97 25000
23 33 100 25000
23 34 139 25000
23 35 145 25000
23 36 244 25000
23 37 176 25000
23 38 155 25000
23 39 139 25000
23 40 101 25000
23 41 115 25000
23 42 104 25000
23 43 91 25000
23 44 114 25000
23 45 118 25000
23 46 113 25000
23 47 138 25000
23 48 181 25000
23 49 281 25000
23 50 155 25000
23 51 136 25000
24 25 183 25000
24 26 160 25000
24 27 120 25000
24 28 107 25000
24 29 90 25000
24 30 101 25000
24 31 94 25000
24 32 93 25000
24 33 88 25000
24 34 118 25000
24 35 119 25000
24 36 180 25000
24 37 264 25000
24 38 199 25000
24 39 131 25000
24 40 110 25000
24 41 124 25000
24 42 110 25000
24 43 101 25000
24 44 98 25000
24 45 100 25000
24 46 93 25000
24 47 116 25000
24 48 138 25000
24 49 174 25000
24 50 237 25000
24 51 155 25000
25 26 163 25000
25 27 130 25000
25 28 119 25000
25 29 121 25000
25 30 119 25000
25 31 90 25000
25 32 92 25000
25 33 99 25000
25 34 109 25000
25 35 107 25000
25 36 150 25000
25 37 167 25000
25 38 271 25000
25 39 200 25000
25 40 151 25000
25 41 113 25000
25 42 115 25000
25 43 106 25000
25 44 85 25000
25 45 104 25000
25 46 104 25000
25 47 98 25000
25 48 108 25000
25 49 152 25000
25 50 182 25000
25 51 255 25000
26 27 212 25000
26 28 168 25000
26 29 161 25000
26 30 124 25000
26 31 111 25000
26 32 104 25000
26 33 105 25000
26 34 113 25000
26 35 92 25000
26 36 137 25000
26 37 157 25000
26 38 219 25000
26 39 281 25000
26 40 178 25000
26 41 132 25000
26 42 121 25000
26 43 110 25000
26 44 102 25000
26 45 83 25000
26 46 99 25000
26 47 115 25000
26 48 119 25000
26 49 141 25000
26 50 149 25000
26 51 209 25000
27 28 203 25000
27 29 164 25000
27 30 128 25000
27 31 120 25000
27 32 120 25000
27 33 96 25000
27 34 113 25000
27 35 115 25000
27 36 140 25000
27 37 120 25000
27 38 155 25000
27 39 183 25000
27 40 239 25000
27 41 183 25000
27 42 133 25000
27 43 116 25000
27 44 90 25000
27 45 103 25000
27 46 62 25000
27 47 118 25000
27 48 101 25000
27 49 106 25000
27 50 113 25000
27 51 137 25000
28 29 197 25000
28 30 152 25000
28 31 119 25000
28 32 117 25000
28 33 102 25000
28 34 96 25000
28 35 100 25000
28 36 103 25000
28 37 126 25000
28 38 148 25000
28 39 144 25000
28 40 204 25000
28 41 253 25000
28 42 157 25000
28 43 149 25000
28 44 129 25000
28 45 110 25000
28 46 103 25000
28 47 106 25000
28 48 100 25000
28 49 93 25000
28 50 123 25000
28 51 118 25000
29 30 197 25000
29 31 139 25000
29 32 120 25000
29 33 103 25000
29 34 121 25000
29 35 94 25000
29 36 78 25000
29 37 108 25000
29 38 133 25000
29 39 131 25000
29 40 140 25000
29 41 169 25000
29 42 267 25000
29 43 173 25000
29 44 129 25000
29 45 114 25000
29 46 110 25000
29 47 96 25000
29 48 106 25000
29 49 98 25000
29 50 116 25000
29 51 99 25000
30 31 189 25000
30 32 152 25000
30 33 140 25000
30 34 94 25000
30 35 116 25000
30 36 106 25000
30 37 95 25000
30 38 104 25000
30 39 112 25000
30 40 105 25000
30 41 138 25000
30 42 188 25000
30 43 266 25000
30 44 157 25000
30 45 129 25000
30 46 103 25000
30 47 120 25000
30 48 98 25000
30 49 78 25000
30 50 97 25000
30 51 119 25000
31 32 190 25000
31 33 155 25000
31 34 98 25000
31 35 103 25000
31 36 95 25000
31 37 119 25000
31 38 104 25000
31 39 126 25000
31 40 106 25000
31 41 116 25000
31 42 116 25000
31 43 195 25000
31 44 239 25000
31 45 180 25000
31 46 145 25000
31 47 125 25000
31 48 109 25000
31 49 94 25000
31 50 93 25000
31 51 118 25000
32 33 208 25000
32 34 163 25000
32 35 120 25000
32 36 107 25000
32 37 89 25000
32 38 102 25000
32 39 96 25000
32 40 100 25000
32 41 112 25000
32 42 104 25000
32 43 146 25000
32 44 161 25000
32 45 261 25000
32 46 176 25000
32 47 153 25000
32 48 122 25000
32 49 102 25000
32 50 91 25000
32 51 101 25000
33 34 176 25000
33 35 138 25000
33 36 117 25000
33 37 104 25000
33 38 103 25000
33 39 98 25000
33 40 89 25000
33 41 80 25000
33 42 104 25000
33 43 98 25000
33 44 138 25000
33 45 167 25000
33 46 256 25000
33 47 200 25000
33 48 145 25000
33 49 130 25000
33 50 98 25000
33 51 111 25000
34 35 186 25000
34 36 130 25000
34 37 104 25000
34 38 104 25000
34 39 106 25000
34 40 83 25000
34 41 98 25000
34 42 102 25000
34 43 103 25000
34 44 138 25000
34 45 132 25000
34 46 181 25000
34 47 293 25000
34 48 167 25000
34 49 139 25000
34 50 107 25000
34 51 111 25000
35 36 191 25000
35 37 119 25000
35 38 123 25000
35 39 101 25000
35 40 107 25000
35 41 93 25000
35 42 99 25000
35 43 86 25000
35 44 96 25000
35 45 95 25000
35 46 138 25000
35 47 177 25000
35 48 264 25000
35 49 177 25000
35 50 151 25000
35 51 137 25000
36 37 178 25000
36 38 127 25000
36 39 142 25000
36 40 100 25000
36 41 89 25000
36 42 95 25000
36 43 83 25000
36 44 91 25000
36 45 95 25000
36 46 110 25000
36 47 115 25000
36 48 177 25000
36 49 278 25000
36 50 191 25000
36 51 126 25000
37 38 204 25000
37 39 153 25000
37 40 123 25000
37 41 119 25000
37 42 107 25000
37 43 108 25000
37 44 86 25000
37 45 86 25000
37 46 94 25000
37 47 109 25000
37 48 136 25000
37 49 163 25000
37 50 242 25000
37 51 163 25000
38 39 183 25000
38 40 160 25000
38 41 128 25000
38 42 113 25000
38 43 106 25000
38 44 105 25000
38 45 117 25000
38 46 87 25000
38 47 102 25000
38 48 121 25000
38 49 143 25000
38 50 183 25000
38 51 253 25000
39 40 212 25000
39 41 165 25000
39 42 123 25000
39 43 111 25000
39 44 105 25000
39 45 106 25000
39 46 89 25000
39 47 95 25000
39 48 101 25000
39 49 126 25000
39 50 149 25000
39 51 206 25000
40 41 200 25000
40 42 168 25000
40 43 130 25000
40 44 109 25000
40 45 103 25000
40 46 103 25000
40 47 97 25000
40 48 114 25000
40 49 122 25000
40 50 129 25000
40 51 180 25000
41 42 178 25000
41 43 146 25000
41 44 119 25000
41 45 94 25000
41 46 101 25000
41 47 86 25000
41 48 95 25000
41 49 107 25000
41 50 90 25000
41 51 152 25000
42 43 207 25000
42 44 132 25000
42 45 144 25000
42 46 89 25000
42 47 106 25000
42 48 89 25000
42 49 94 25000
42 50 88 25000
42 51 100 25000
43 44 176 25000
43 45 155 25000
43 46 112 25000
43 47 116 25000
43 48 82 25000
43 49 90 25000
43 50 95 25000
43 51 127 25000
44 45 186 25000
44 46 133 25000
44 47 136 25000
44 48 110 25000
44 49 98 25000
44 50 97 25000
44 51 110 25000
45 46 221 25000
45 47 155 25000
45 48 125 25000
45 49 113 25000
45 50 83 25000
45 51 111 25000
46 47 169 25000
46 48 132 25000
46 49 143 25000
46 50 98 25000
46 51 111 25000
47 48 183 25000
47 49 139 25000
47 50 135 25000
47 51 114 25000
48 49 223 25000
48 50 137 25000
48 51 114 25000
49 50 162 25000
49 51 147 25000
50 51 182 25000
