0 1 149 25000
0 2 132 25000
0 3 125 25000
0 4 141 25000
0 5 130 25000
0 6 136 25000
0 7 144 25000
0 8 122 25000
0 9 144 25000
0 10 110 25000
0 11 129 25000
0 12 154 25000
0 13 105 25000
0 14 131 25000
0 15 128 25000
0 16 140 25000
0 17 122 25000
0 18 125 25000
0 19 123 25000
0 20 126 25000
0 21 144 25000
0 22 138 25000
0 23 125 25000
0 24 133 25000
0 25 127 25000
0 26 110 25000
0 27 117 25000
0 28 130 25000
0 29 122 25000
0 30 106 25000
0 31 136 25000
0 32 143 25000
0 33 125 25000
0 34 135 25000
0 35 139 25000
0 36 123 25000
0 37 124 25000
0 38 128 25000
0 39 114 25000
0 40 120 25000
0 41 123 25000
0 42 127 25000
0 43 143 25000
0 44 135 25000
0 45 112 25000
0 46 128 25000
0 47 143 25000
0 48 131 25000
0 49 131 25000
0 50 149 25000
0 51 120 25000
1 2 139 25000
1 3 122 25000
1 4 144 25000
1 5 120 25000
1 6 128 25000
1 7 131 25000
1 8 120 25000
1 9 123 25000
1 10 142 25000
1 11 134 25000
1 12 149 25000
1 13 114 25000
1 14 118 25000
1 15 125 25000
1 16 115 25000
1 17 135 25000
1 18 132 25000
1 19 134 25000
1 20 118 25000
1 21 129 25000
1 22 123 25000
1 23 129 25000
1 24 102 25000
1 25 109 25000
1 26 124 25000
1 27 136 25000
1 28 123 25000
1 29 121 25000
1 30 135 25000
1 31 131 25000
1 32 121 25000
1 33 123 25000
1 34 129 25000
1 35 134 25000
1 36 123 25000
1 37 107 25000
1 38 136 25000
1 39 126 25000
1 40 128 25000
1 41 106 25000
1 42 122 25000
1 43 118 25000
1 44 137 25000
1 45 143 25000
1 46 124 25000
1 47 107 25000
1 48 110 25000
1 49 126 25000
1 50 108 25000
1 51 127 25000
2 3 118 25000
2 4 133 25000
2 5 138 25000
2 6 138 25000
2 7 129 25000
2 8 131 25000
2 9 119 25000
2 10 123 25000
2 11 123 25000
2 12 140 25000
2 13 122 25000
2 14 123 25000
2 15 124 25000
2 16 109 25000
2 17 141 25000
2 18 123 25000
2 19 115 25000
2 20 122 25000
2 21 123 25000
2 22 133 25000
2 23 125 25000
2 24 104 25000
2 25 119 25000
2 26 126 25000
2 27 112 25000
2 28 122 25000
2 29 104 25000
2 30 121 25000
2 31 124 25000
2 32 131 25000
2 33 114 25000
2 34 122 25000
2 35 132 25000
2 36 113 25000
2 37 115 25000
2 38 121 25000
2 39 100 25000
2 40 135 25000
2 41 115 25000
2 42 117 25000
2 43 138 25000
2 44 138 25000
2 45 115 25000
2 46 141 25000
2 47 117 25000
2 48 120 25000
2 49 130 25000
2 50 117 25000
2 51 112 25000
3 4 140 25000
3 5 123 25000
3 6 133 25000
3 7 123 25000
3 8 114 25000
3 9 130 25000
3 10 125 25000
3 11 123 25000
3 12 144 25000
3 13 124 25000
3 14 137 25000
3 15 135 25000
3 16 151 25000
3 17 128 25000
3 18 137 25000
3 19 120 25000
3 20 105 25000
3 21 112 25000
3 22 143 25000
3 23 110 25000
3 24 115 25000
3 25 129 25000
3 26 125 25000
3 27 114 25000
3 28 126 25000
3 29 120 25000
3 30 138 25000
3 31 124 25000
3 32 130 25000
3 33 129 25000
3 34 126 25000
3 35 96 25000
3 36 111 25000
3 37 130 25000
3 38 131 25000
3 39 128 25000
3 40 138 25000
3 41 120 25000
3 42 113 25000
3 43 133 25000
3 44 137 25000
3 45 121 25000
3 46 142 25000
3 47 120 25000
3 48 129 25000
3 49 115 25000
3 50 126 25000
3 51 124 25000
4 5 140 25000
4 6 131 25000
4 7 137 25000
4 8 140 25000
4 9 113 25000
4 10 131 25000
4 11 125 25000
4 12 155 25000
4 13 127 25000
4 14 114 25000
4 15 134 25000
4 16 113 25000
4 17 120 25000
4 18 102 25000
4 19 116 25000
4 20 110 25000
4 21 112 25000
4 22 131 25000
4 23 129 25000
4 24 130 25000
4 25 113 25000
4 26 135 25000
4 27 120 25000
4 28 116 25000
4 29 143 25000
4 30 139 25000
4 31 130 25000
4 32 137 25000
4 33 131 25000
4 34 138 25000
4 35 116 25000
4 36 127 25000
4 37 116 25000
4 38 125 25000
4 39 104 25000
4 40 130 25000
4 41 103 25000
4 42 113 25000
4 43 137 25000
4 44 124 25000
4 45 144 25000
4 46 135 25000
4 47 145 25000
4 48 147 25000
4 49 120 25000
4 50 120 25000
4 51 156 25000
5 6 155 25000
5 7 142 25000
5 8 120 25000
5 9 132 25000
5 10 113 25000
5 11 141 25000
5 12 141 25000
5 13 126 25000
5 14 124 25000
5 15 106 25000
5 16 136 25000
5 17 124 25000
5 18 127 25000
5 19 123 25000
5 20 140 25000
5 21 114 25000
5 22 121 25000
5 23 102 25000
5 24 126 25000
5 25 116 25000
5 26 119 25000
5 27 125 25000
5 28 119 25000
5 29 117 25000
5 30 131 25000
5 31 114 25000
5 32 109 25000
5 33 116 25000
5 34 144 25000
5 35 109 25000
5 36 108 25000
5 37 104 25000
5 38 120 25000
5 39 114 25000
5 40 126 25000
5 41 128 25000
5 42 141 25000
5 43 118 25000
5 44 119 25000
5 45 136 25000
5 46 136 25000
5 47 144 25000
5 48 111 25000
5 49 127 25000
5 50 138 25000
5 51 104 25000
6 7 142 25000
6 8 124 25000
6 9 145 25000
6 10 127 25000
6 11 139 25000
6 12 163 25000
6 13 126 25000
6 14 119 25000
6 15 129 25000
6 16 121 25000
6 17 131 25000
6 18 131 25000
6 19 135 25000
6 20 129 25000
6 21 119 25000
6 22 147 25000
6 23 113 25000
6 24 131 25000
6 25 109 25000
6 26 115 25000
6 27 128 25000
6 28 120 25000
6 29 141 25000
6 30 148 25000
6 31 92 25000
6 32 142 25000
6 33 103 25000
6 34 121 25000
6 35 115 25000
6 36 112 25000
6 37 103 25000
6 38 118 25000
6 39 120 25000
6 40 151 25000
6 41 128 25000
6 42 136 25000
6 43 126 25000
6 44 122 25000
6 45 121 25000
6 46 144 25000
6 47 131 25000
6 48 136 25000
6 49 107 25000
6 50 148 25000
6 51 117 25000
7 8 132 25000
7 9 132 25000
7 10 137 25000
7 11 126 25000
7 12 146 25000
7 13 125 25000
7 14 127 25000
7 15 110 25000
7 16 121 25000
7 17 126 25000
7 18 122 25000
7 19 111 25000
7 20 122 25000
7 21 142 25000
7 22 124 25000
7 23 125 25000
7 24 119 25000
7 25 121 25000
7 26 138 25000
7 27 138 25000
7 28 122 25000
7 29 120 25000
7 30 133 25000
7 31 130 25000
7 32 127 25000
7 33 128 25000
7 34 122 25000
7 35 122 25000
7 36 137 25000
7 37 133 25000
7 38 116 25000
7 39 107 25000
7 40 139 25000
7 41 123 25000
7 42 109 25000
7 43 124 25000
7 44 127 25000
7 45 146 25000
7 46 122 25000
7 47 136 25000
7 48 133 25000
7 49 127 25000
7 50 116 25000
7 51 135 25000
8 9 105 25000
8 10 137 25000
8 11 127 25000
8 12 144 25000
8 13 122 25000
8 14 140 25000
8 15 123 25000
8 16 122 25000
8 17 140 25000
8 18 103 25000
8 19 130 25000
8 20 116 25000
8 21 131 25000
8 22 128 25000
8 23 141 25000
8 24 134 25000
8 25 130 25000
8 26 129 25000
8 27 124 25000
8 28 109 25000
8 29 139 25000
8 30 118 25000
8 31 108 25000
8 32 140 25000
8 33 114 25000
8 34 99 25000
8 35 125 25000
8 36 109 25000
8 37 110 25000
8 38 115 25000
8 39 126 25000
8 40 127 25000
8 41 116 25000
8 42 149 25000
8 43 117 25000
8 44 137 25000
8 45 119 25000
8 46 106 25000
8 47 118 25000
8 48 147 25000
8 49 132 25000
8 50 123 25000
8 51 114 25000
9 10 132 25000
9 11 123 25000
9 12 149 25000
9 13 116 25000
9 14 127 25000
9 15 110 25000
9 16 138 25000
9 17 116 25000
9 18 120 25000
9 19 125 25000
9 20 121 25000
9 21 98 25000
9 22 128 25000
9 23 112 25000
9 24 117 25000
9 25 131 25000
9 26 126 25000
9 27 126 25000
9 28 120 25000
9 29 102 25000
9 30 120 25000
9 31 120 25000
9 32 130 25000
9 33 111 25000
9 34 123 25000
9 35 120 25000
9 36 129 25000
9 37 131 25000
9 38 114 25000
9 39 126 25000
9 40 115 25000
9 41 117 25000
9 42 139 25000
9 43 133 25000
9 44 115 25000
9 45 118 25000
9 46 137 25000
9 47 123 25000
9 48 133 25000
9 49 132 25000
9 50 118 25000
9 51 131 25000
10 11 142 25000
10 12 181 25000
10 13 131 25000
10 14 135 25000
10 15 115 25000
10 16 125 25000
10 17 132 25000
10 18 117 25000
10 19 99 25000
10 20 120 25000
10 21 114 25000
10 22 115 25000
10 23 119 25000
10 24 118 25000
10 25 124 25000
10 26 136 25000
10 27 88 25000
10 28 100 25000
10 29 122 25000
10 30 138 25000
10 31 133 25000
10 32 152 25000
10 33 127 25000
10 34 132 25000
10 35 111 25000
10 36 125 25000
10 37 134 25000
10 38 138 25000
10 39 106 25000
10 40 116 25000
10 41 145 25000
10 42 133 25000
10 43 145 25000
10 44 119 25000
10 45 131 25000
10 46 132 25000
10 47 108 25000
10 48 119 25000
10 49 123 25000
10 50 150 25000
10 51 115 25000
11 12 153 25000
11 13 123 25000
11 14 114 25000
11 15 120 25000
11 16 114 25000
11 17 140 25000
11 18 104 25000
11 19 134 25000
11 20 124 25000
11 21 117 25000
11 22 122 25000
11 23 142 25000
11 24 133 25000
11 25 134 25000
11 26 114 25000
11 27 136 25000
11 28 133 25000
11 29 136 25000
11 30 130 25000
11 31 148 25000
11 32 120 25000
11 33 127 25000
11 34 139 25000
11 35 118 25000
11 36 124 25000
11 37 115 25000
11 38 117 25000
11 39 129 25000
11 40 124 25000
11 41 127 25000
11 42 113 25000
11 43 133 25000
11 44 157 25000
11 45 111 25000
11 46 122 25000
11 47 117 25000
11 48 103 25000
11 49 136 25000
11 50 127 25000
11 51 132 25000
12 13 150 25000
12 14 136 25000
12 15 151 25000
12 16 167 25000
12 17 154 25000
12 18 139 25000
12 19 156 25000
12 20 138 25000
12 21 151 25000
12 22 134 25000
12 23 130 25000
12 24 138 25000
12 25 147 25000
12 26 139 25000
12 27 132 25000
12 28 128 25000
12 29 153 25000
12 30 129 25000
12 31 137 25000
12 32 139 25000
12 33 128 25000
12 34 145 25000
12 35 133 25000
12 36 126 25000
12 37 148 25000
12 38 134 25000
12 39 121 25000
12 40 131 25000
12 41 155 25000
12 42 143 25000
12 43 136 25000
12 44 135 25000
12 45 126 25000
12 46 134 25000
12 47 141 25000
12 48 137 25000
12 49 163 25000
12 50 130 25000
12 51 167 25000
13 14 102 25000
13 15 120 25000
13 16 117 25000
13 17 138 25000
13 18 131 25000
13 19 129 25000
13 20 152 25000
13 21 141 25000
13 22 137 25000
13 23 125 25000
13 24 143 25000
13 25 156 25000
13 26 124 25000
13 27 129 25000
13 28 121 25000
13 29 126 25000
13 30 117 25000
13 31 115 25000
13 32 122 25000
13 33 146 25000
13 34 150 25000
13 35 119 25000
13 36 118 25000
13 37 132 25000
13 38 127 25000
13 39 132 25000
13 40 139 25000
13 41 117 25000
13 42 128 25000
13 43 120 25000
13 44 130 25000
13 45 126 25000
13 46 113 25000
13 47 134 25000
13 48 124 25000
13 49 142 25000
13 50 100 25000
13 51 117 25000
14 15 117 25000
14 16 143 25000
14 17 125 25000
14 18 124 25000
14 19 122 25000
14 20 116 25000
14 21 119 25000
14 22 130 25000
14 23 117 25000
14 24 135 25000
14 25 132 25000
14 26 121 25000
14 27 116 25000
14 28 114 25000
14 29 120 25000
14 30 145 25000
14 31 124 25000
14 32 125 25000
14 33 121 25000
14 34 134 25000
14 35 113 25000
14 36 128 25000
14 37 146 25000
14 38 142 25000
14 39 116 25000
14 40 120 25000
14 41 122 25000
14 42 139 25000
14 43 125 25000
14 44 119 25000
14 45 130 25000
14 46 130 25000
14 47 135 25000
14 48 108 25000
14 49 124 25000
14 50 111 25000
14 51 140 25000
15 16 136 25000
15 17 129 25000
15 18 138 25000
15 19 127 25000
15 20 123 25000
15 21 130 25000
15 22 132 25000
15 23 125 25000
15 24 129 25000
15 25 151 25000
15 26 125 25000
15 27 137 25000
15 28 129 25000
15 29 123 25000
15 30 106 25000
15 31 133 25000
15 32 129 25000
15 33 114 25000
15 34 135 25000
15 35 143 25000
15 36 124 25000
15 37 93 25000
15 38 108 25000
15 39 107 25000
15 40 104 25000
15 41 107 25000
15 42 119 25000
15 43 118 25000
15 44 96 25000
15 45 124 25000
15 46 116 25000
15 47 140 25000
15 48 97 25000
15 49 142 25000
15 50 108 25000
15 51 106 25000
16 17 138 25000
16 18 124 25000
16 19 153 25000
16 20 117 25000
16 21 149 25000
16 22 142 25000
16 23 120 25000
16 24 132 25000
16 25 136 25000
16 26 113 25000
16 27 110 25000
16 28 120 25000
16 29 145 25000
16 30 134 25000
16 31 140 25000
16 32 130 25000
16 33 105 25000
16 34 137 25000
16 35 130 25000
16 36 134 25000
16 37 123 25000
16 38 133 25000
16 39 129 25000
16 40 99 25000
16 41 129 25000
16 42 113 25000
16 43 115 25000
16 44 114 25000
16 45 141 25000
16 46 139 25000
16 47 99 25000
16 48 132 25000
16 49 112 25000
16 50 124 25000
16 51 122 25000
17 18 118 25000
17 19 130 25000
17 20 132 25000
17 21 123 25000
17 22 145 25000
17 23 129 25000
17 24 131 25000
17 25 143 25000
17 26 121 25000
17 27 129 25000
17 28 129 25000
17 29 134 25000
17 30 134 25000
17 31 128 25000
17 32 144 25000
17 33 124 25000
17 34 135 25000
17 35 126 25000
17 36 136 25000
17 37 108 25000
17 38 133 25000
17 39 117 25000
17 40 135 25000
17 41 130 25000
17 42 136 25000
17 43 130 25000
17 44 130 25000
17 45 110 25000
17 46 133 25000
17 47 139 25000
17 48 111 25000
17 49 138 25000
17 50 134 25000
17 51 123 25000
18 19 129 25000
18 20 132 25000
18 21 130 25000
18 22 134 25000
18 23 144 25000
18 24 142 25000
18 25 142 25000
18 26 157 25000
18 27 125 25000
18 28 119 25000
18 29 135 25000
18 30 113 25000
18 31 142 25000
18 32 150 25000
18 33 120 25000
18 34 135 25000
18 35 114 25000
18 36 142 25000
18 37 120 25000
18 38 130 25000
18 39 109 25000
18 40 118 25000
18 41 109 25000
18 42 121 25000
18 43 122 25000
18 44 111 25000
18 45 115 25000
18 46 113 25000
18 47 111 25000
18 48 122 25000
18 49 152 25000
18 50 116 25000
18 51 131 25000
19 20 117 25000
19 21 124 25000
19 22 128 25000
19 23 113 25000
19 24 141 25000
19 25 138 25000
19 26 123 25000
19 27 102 25000
19 28 134 25000
19 29 130 25000
19 30 127 25000
19 31 120 25000
19 32 117 25000
19 33 133 25000
19 34 148 25000
19 35 125 25000
19 36 135 25000
19 37 130 25000
19 38 143 25000
19 39 129 25000
19 40 132 25000
19 41 130 25000
19 42 135 25000
19 43 106 25000
19 44 125 25000
19 45 123 25000
19 46 115 25000
19 47 127 25000
19 48 127 25000
19 49 129 25000
19 50 140 25000
19 51 125 25000
20 21 119 25000
20 22 117 25000
20 23 107 25000
20 24 125 25000
20 25 123 25000
20 26 144 25000
20 27 117 25000
20 28 117 25000
20 29 128 25000
20 30 116 25000
20 31 134 25000
20 32 139 25000
20 33 124 25000
20 34 135 25000
20 35 120 25000
20 36 128 25000
20 37 129 25000
20 38 135 25000
20 39 115 25000
20 40 144 25000
20 41 135 25000
20 42 131 25000
20 43 130 25000
20 44 132 25000
20 45 141 25000
20 46 121 25000
20 47 119 25000
20 48 122 25000
20 49 117 25000
20 50 119 25000
20 51 117 25000
21 22 116 25000
21 23 129 25000
21 24 140 25000
21 25 137 25000
21 26 119 25000
21 27 101 25000
21 28 126 25000
21 29 133 25000
21 30 122 25000
21 31 116 25000
21 32 144 25000
21 33 133 25000
21 34 123 25000
21 35 138 25000
21 36 139 25000
21 37 122 25000
21 38 126 25000
21 39 119 25000
21 40 123 25000
21 41 132 25000
21 42 117 25000
21 43 113 25000
21 44 144 25000
21 45 137 25000
21 46 120 25000
21 47 112 25000
21 48 138 25000
21 49 114 25000
21 50 114 25000
21 51 108 25000
22 23 140 25000
22 24 130 25000
22 25 136 25000
22 26 122 25000
22 27 113 25000
22 28 128 25000
22 29 127 25000
22 30 120 25000
22 31 142 25000
22 32 125 25000
22 33 123 25000
22 34 133 25000
22 35 123 25000
22 36 137 25000
22 37 119 25000
22 38 117 25000
22 39 130 25000
22 40 127 25000
22 41 121 25000
22 42 114 25000
22 43 141 25000
22 44 142 25000
22 45 111 25000
22 46 134 25000
22 47 111 25000
22 48 123 25000
22 49 121 25000
22 50 119 25000
22 51 156 25000
23 24 110 25000
23 25 132 25000
23 26 111 25000
23 27 116 25000
23 28 140 25000
23 29 101 25000
23 30 125 25000
23 31 116 25000
23 32 152 25000
23 33 134 25000
23 34 120 25000
23 35 129 25000
23 36 129 25000
23 37 121 25000
23 38 148 25000
23 39 100 25000
23 40 112 25000
23 41 135 25000
23 42 111 25000
23 43 127 25000
23 44 135 25000
23 45 144 25000
23 46 137 25000
23 47 131 25000
23 48 129 25000
23 49 145 25000
23 50 135 25000
23 51 103 25000
24 25 152 25000
24 26 107 25000
24 27 141 25000
24 28 134 25000
24 29 137 25000
24 30 122 25000
24 31 134 25000
24 32 121 25000
24 33 127 25000
24 34 117 25000
24 35 132 25000
24 36 128 25000
24 37 145 25000
24 38 124 25000
24 39 118 25000
24 40 124 25000
24 41 121 25000
24 42 141 25000
24 43 110 25000
24 44 122 25000
24 45 118 25000
24 46 144 25000
24 47 122 25000
24 48 117 25000
24 49 140 25000
24 50 127 25000
24 51 128 25000
25 26 117 25000
25 27 122 25000
25 28 123 25000
25 29 116 25000
25 30 120 25000
25 31 127 25000
25 32 139 25000
25 33 137 25000
25 34 128 25000
25 35 133 25000
25 36 150 25000
25 37 132 25000
25 38 126 25000
25 39 130 25000
25 40 106 25000
25 41 132 25000
25 42 110 25000
25 43 131 25000
25 44 114 25000
25 45 127 25000
25 46 101 25000
25 47 123 25000
25 48 116 25000
25 49 131 25000
25 50 137 25000
25 51 114 25000
26 27 141 25000
26 28 128 25000
26 29 127 25000
26 30 140 25000
26 31 138 25000
26 32 134 25000
26 33 126 25000
26 34 142 25000
26 35 143 25000
26 36 138 25000
26 37 146 25000
26 38 140 25000
26 39 124 25000
26 40 117 25000
26 41 122 25000
26 42 146 25000
26 43 108 25000
26 44 110 25000
26 45 115 25000
26 46 141 25000
26 47 131 25000
26 48 128 25000
26 49 135 25000
26 50 144 25000
26 51 125 25000
27 28 129 25000
27 29 133 25000
27 30 143 25000
27 31 134 25000
27 32 148 25000
27 33 136 25000
27 34 108 25000
27 35 121 25000
27 36 128 25000
27 37 127 25000
27 38 132 25000
27 39 144 25000
27 40 122 25000
27 41 117 25000
27 42 119 25000
27 43 107 25000
27 44 137 25000
27 45 126 25000
27 46 128 25000
27 47 106 25000
27 48 138 25000
27 49 118 25000
27 50 147 25000
27 51 112 25000
28 29 124 25000
28 30 131 25000
28 31 112 25000
28 32 123 25000
28 33 151 25000
28 34 135 25000
28 35 125 25000
28 36 138 25000
28 37 134 25000
28 38 114 25000
28 39 106 25000
28 40 115 25000
28 41 109 25000
28 42 116 25000
28 43 118 25000
28 44 118 25000
28 45 116 25000
28 46 113 25000
28 47 125 25000
28 48 104 25000
28 49 104 25000
28 50 112 25000
28 51 136 25000
29 30 135 25000
29 31 111 25000
29 32 119 25000
29 33 127 25000
29 34 141 25000
29 35 125 25000
29 36 133 25000
29 37 125 25000
29 38 131 25000
29 39 117 25000
29 40 125 25000
29 41 127 25000
29 42 124 25000
29 43 125 25000
29 44 128 25000
29 45 115 25000
29 46 129 25000
29 47 133 25000
29 48 125 25000
29 49 121 25000
29 50 130 25000
29 51 134 25000
30 31 151 25000
30 32 134 25000
30 33 131 25000
30 34 140 25000
30 35 127 25000
30 36 140 25000
30 37 138 25000
30 38 147 25000
30 39 126 25000
30 40 134 25000
30 41 112 25000
30 42 128 25000
30 43 121 25000
30 44 133 25000
30 45 121 25000
30 46 128 25000
30 47 113 25000
30 48 142 25000
30 49 148 25000
30 50 113 25000
30 51 110 25000
31 32 141 25000
31 33 110 25000
31 34 142 25000
31 35 132 25000
31 36 124 25000
31 37 143 25000
31 38 130 25000
31 39 139 25000
31 40 125 25000
31 41 126 25000
31 42 133 25000
31 43 142 25000
31 44 142 25000
31 45 135 25000
31 46 143 25000
31 47 125 25000
31 48 134 25000
31 49 130 25000
31 50 119 25000
31 51 120 25000
32 33 129 25000
32 34 148 25000
32 35 110 25000
32 36 160 25000
32 37 146 25000
32 38 124 25000
32 39 110 25000
32 40 133 25000
32 41 119 25000
32 42 119 25000
32 43 133 25000
32 44 147 25000
32 45 137 25000
32 46 123 25000
32 47 126 25000
32 48 125 25000
32 49 129 25000
32 50 148 25000
32 51 121 25000
33 34 147 25000
33 35 138 25000
33 36 125 25000
33 37 113 25000
33 38 135 25000
33 39 113 25000
33 40 120 25000
33 41 138 25000
33 42 127 25000
33 43 118 25000
33 44 115 25000
33 45 128 25000
33 46 138 25000
33 47 117 25000
33 48 106 25000
33 49 134 25000
33 50 125 25000
33 51 114 25000
34 35 140 25000
34 36 112 25000
34 37 133 25000
34 38 126 25000
34 39 130 25000
34 40 158 25000
34 41 124 25000
34 42 122 25000
34 43 128 25000
34 44 131 25000
34 45 118 25000
34 46 123 25000
34 47 132 25000
34 48 119 25000
34 49 105 25000
34 50 136 25000
34 51 140 25000
35 36 144 25000
35 37 105 25000
35 38 113 25000
35 39 130 25000
35 40 127 25000
35 41 126 25000
35 42 131 25000
35 43 156 25000
35 44 123 25000
35 45 117 25000
35 46 139 25000
35 47 129 25000
35 48 129 25000
35 49 128 25000
35 50 117 25000
35 51 122 25000
36 37 136 25000
36 38 129 25000
36 39 107 25000
36 40 124 25000
36 41 124 25000
36 42 121 25000
36 43 141 25000
36 44 127 25000
36 45 122 25000
36 46 137 25000
36 47 127 25000
36 48 135 25000
36 49 138 25000
36 50 127 25000
36 51 140 25000
37 38 118 25000
37 39 108 25000
37 40 134 25000
37 41 127 25000
37 42 110 25000
37 43 149 25000
37 44 144 25000
37 45 118 25000
37 46 146 25000
37 47 97 25000
37 48 123 25000
37 49 134 25000
37 50 113 25000
37 51 112 25000
38 39 147 25000
38 40 130 25000
38 41 112 25000
38 42 113 25000
38 43 128 25000
38 44 122 25000
38 45 125 25000
38 46 123 25000
38 47 117 25000
38 48 137 25000
38 49 136 25000
38 50 127 25000
38 51 117 25000
39 40 134 25000
39 41 136 25000
39 42 122 25000
39 43 130 25000
39 44 131 25000
39 45 137 25000
39 46 130 25000
39 47 117 25000
39 48 125 25000
39 49 131 25000
39 50 136 25000
39 51 119 25000
40 41 144 25000
40 42 130 25000
40 43 107 25000
40 44 132 25000
40 45 132 25000
40 46 146 25000
40 47 110 25000
40 48 143 25000
40 49 145 25000
40 50 117 25000
40 51 120 25000
41 42 114 25000
41 43 137 25000
41 44 138 25000
41 45 146 25000
41 46 115 25000
41 47 110 25000
41 48 134 25000
41 49 120 25000
41 50 129 25000
41 51 128 25000
42 43 133 25000
42 44 128 25000
42 45 127 25000
42 46 126 25000
42 47 123 25000
42 48 132 25000
42 49 140 25000
42 50 129 25000
42 51 133 25000
43 44 145 25000
43 45 123 25000
43 46 122 25000
43 47 118 25000
43 48 119 25000
43 49 122 25000
43 50 117 25000
43 51 123 25000
44 45 139 25000
44 46 131 25000
44 47 134 25000
44 48 119 25000
44 49 136 25000
44 50 133 25000
44 51 126 25000
45 46 154 25000
45 47 123 25000
45 48 129 25000
45 49 152 25000
45 50 111 25000
45 51 131 25000
46 47 143 25000
46 48 133 25000
46 49 132 25000
46 50 131 25000
46 51 145 25000
47 48 130 25000
47 49 132 25000
47 50 131 25000
47 51 129 25000
48 49 124 25000
48 50 119 25000
48 51 132 25000
49 50 147 25000
49 51 138 25000
50 51 124 25000
