0 1 154 25000
0 2 141 25000
0 3 138 25000
0 4 130 25000
0 5 127 25000
0 6 111 25000
0 7 113 25000
0 8 125 25000
0 9 116 25000
0 10 141 25000
0 11 132 25000
0 12 159 25000
0 13 117 25000
0 14 129 25000
0 15 143 25000
0 16 112 25000
0 17 130 25000
0 18 131 25000
0 19 136 25000
0 20 154 25000
0 21 144 25000
0 22 121 25000
0 23 129 25000
0 24 126 25000
0 25 120 25000
0 26 138 25000
0 27 103 25000
0 28 131 25000
0 29 131 25000
0 30 144 25000
0 31 129 25000
0 32 121 25000
0 33 161 25000
0 34 101 25000
0 35 108 25000
0 36 105 25000
0 37 129 25000
0 38 111 25000
0 39 123 25000
0 40 134 25000
0 41 122 25000
0 42 145 25000
0 43 112 25000
0 44 122 25000
0 45 126 25000
0 46 123 25000
0 47 129 25000
0 48 108 25000
0 49 113 25000
0 50 117 25000
0 51 127 25000
1 2 127 25000
1 3 129 25000
1 4 119 25000
1 5 120 25000
1 6 133 25000
1 7 139 25000
1 8 125 25000
1 9 127 25000
1 10 117 25000
1 11 125 25000
1 12 164 25000
1 13 142 25000
1 14 107 25000
1 15 126 25000
1 16 126 25000
1 17 139 25000
1 18 124 25000
1 19 118 25000
1 20 133 25000
1 21 137 25000
1 22 124 25000
1 23 134 25000
1 24 143 25000
1 25 127 25000
1 26 127 25000
1 27 142 25000
1 28 131 25000
1 29 121 25000
1 30 114 25000
1 31 116 25000
1 32 142 25000
1 33 120 25000
1 34 128 25000
1 35 115 25000
1 36 129 25000
1 37 131 25000
1 38 127 25000
1 39 130 25000
1 40 125 25000
1 41 123 25000
1 42 132 25000
1 43 128 25000
1 44 124 25000
1 45 127 25000
1 46 124 25000
1 47 121 25000
1 48 125 25000
1 49 132 25000
1 50 136 25000
1 51 133 25000
2 3 129 25000
2 4 141 25000
2 5 134 25000
2 6 131 25000
2 7 130 25000
2 8 123 25000
2 9 110 25000
2 10 148 25000
2 11 132 25000
2 12 141 25000
2 13 133 25000
2 14 119 25000
2 15 113 25000
2 16 109 25000
2 17 139 25000
2 18 115 25000
2 19 128 25000
2 20 128 25000
2 21 147 25000
2 22 136 25000
2 23 124 25000
2 24 113 25000
2 25 132 25000
2 26 144 25000
2 27 128 25000
2 28 134 25000
2 29 132 25000
2 30 126 25000
2 31 136 25000
2 32 125 25000
2 33 134 25000
2 34 119 25000
2 35 120 25000
2 36 106 25000
2 37 135 25000
2 38 137 25000
2 39 125 25000
2 40 118 25000
2 41 101 25000
2 42 115 25000
2 43 127 25000
2 44 138 25000
2 45 133 25000
2 46 95 25000
2 47 137 25000
2 48 116 25000
2 49 142 25000
2 50 129 25000
2 51 136 25000
3 4 127 25000
3 5 138 25000
3 6 134 25000
3 7 128 25000
3 8 136 25000
3 9 117 25000
3 10 132 25000
3 11 132 25000
3 12 132 25000
3 13 129 25000
3 14 110 25000
3 15 114 25000
3 16 118 25000
3 17 105 25000
3 18 141 25000
3 19 119 25000
3 20 121 25000
3 21 132 25000
3 22 136 25000
3 23 131 25000
3 24 137 25000
3 25 120 25000
3 26 118 25000
3 27 121 25000
3 28 123 25000
3 29 119 25000
3 30 114 25000
3 31 114 25000
3 32 101 25000
3 33 139 25000
3 34 125 25000
3 35 112 25000
3 36 113 25000
3 37 128 25000
3 38 108 25000
3 39 118 25000
3 40 115 25000
3 41 140 25000
3 42 107 25000
3 43 128 25000
3 44 107 25000
3 45 122 25000
3 46 114 25000
3 47 129 25000
3 48 144 25000
3 49 112 25000
3 50 105 25000
3 51 128 25000
4 5 109 25000
4 6 126 25000
4 7 131 25000
4 8 141 25000
4 9 126 25000
4 10 132 25000
4 11 143 25000
4 12 146 25000
4 13 136 25000
4 14 121 25000
4 15 119 25000
4 16 118 25000
4 17 134 25000
4 18 131 25000
4 19 105 25000
4 20 125 25000
4 21 150 25000
4 22 136 25000
4 23 136 25000
4 24 145 25000
4 25 118 25000
4 26 121 25000
4 27 127 25000
4 28 128 25000
4 29 104 25000
4 30 99 25000
4 31 132 25000
4 32 117 25000
4 33 115 25000
4 34 121 25000
4 35 127 25000
4 36 140 25000
4 37 117 25000
4 38 129 25000
4 39 118 25000
4 40 118 25000
4 41 117 25000
4 42 129 25000
4 43 112 25000
4 44 147 25000
4 45 119 25000
4 46 116 25000
4 47 136 25000
4 48 128 25000
4 49 126 25000
4 50 106 25000
4 51 126 25000
5 6 148 25000
5 7 143 25000
5 8 121 25000
5 9 112 25000
5 10 117 25000
5 11 155 25000
5 12 156 25000
5 13 119 25000
5 14 126 25000
5 15 112 25000
5 16 129 25000
5 17 146 25000
5 18 127 25000
5 19 133 25000
5 20 134 25000
5 21 131 25000
5 22 133 25000
5 23 130 25000
5 24 133 25000
5 25 144 25000
5 26 128 25000
5 27 121 25000
5 28 128 25000
5 29 127 25000
5 30 136 25000
5 31 109 25000
5 32 141 25000
5 33 145 25000
5 34 136 25000
5 35 127 25000
5 36 138 25000
5 37 111 25000
5 38 143 25000
5 39 132 25000
5 40 127 25000
5 41 121 25000
5 42 126 25000
5 43 136 25000
5 44 132 25000
5 45 126 25000
5 46 116 25000
5 47 123 25000
5 48 121 25000
5 49 127 25000
5 50 141 25000
5 51 124 25000
6 7 129 25000
6 8 133 25000
6 9 128 25000
6 10 151 25000
6 11 130 25000
6 12 145 25000
6 13 127 25000
6 14 140 25000
6 15 128 25000
6 16 120 25000
6 17 140 25000
6 18 140 25000
6 19 124 25000
6 20 133 25000
6 21 133 25000
6 22 131 25000
6 23 127 25000
6 24 111 25000
6 25 123 25000
6 26 131 25000
6 27 142 25000
6 28 117 25000
6 29 125 25000
6 30 115 25000
6 31 129 25000
6 32 116 25000
6 33 125 25000
6 34 138 25000
6 35 107 25000
6 36 122 25000
6 37 140 25000
6 38 133 25000
6 39 123 25000
6 40 130 25000
6 41 131 25000
6 42 127 25000
6 43 130 25000
6 44 125 25000
6 45 138 25000
6 46 132 25000
6 47 124 25000
6 48 109 25000
6 49 122 25000
6 50 107 25000
6 51 136 25000
7 8 130 25000
7 9 110 25000
7 10 109 25000
7 11 118 25000
7 12 137 25000
7 13 132 25000
7 14 116 25000
7 15 129 25000
7 16 127 25000
7 17 128 25000
7 18 124 25000
7 19 127 25000
7 20 130 25000
7 21 116 25000
7 22 119 25000
7 23 111 25000
7 24 136 25000
7 25 112 25000
7 26 97 25000
7 27 125 25000
7 28 111 25000
7 29 124 25000
7 30 111 25000
7 31 105 25000
7 32 123 25000
7 33 135 25000
7 34 87 25000
7 35 108 25000
7 36 126 25000
7 37 115 25000
7 38 128 25000
7 39 102 25000
7 40 131 25000
7 41 131 25000
7 42 111 25000
7 43 145 25000
7 44 131 25000
7 45 119 25000
7 46 109 25000
7 47 123 25000
7 48 136 25000
7 49 126 25000
7 50 114 25000
7 51 139 25000
8 9 119 25000
8 10 136 25000
8 11 125 25000
8 12 147 25000
8 13 135 25000
8 14 117 25000
8 15 119 25000
8 16 134 25000
8 17 120 25000
8 18 124 25000
8 19 121 25000
8 20 126 25000
8 21 143 25000
8 22 126 25000
8 23 144 25000
8 24 115 25000
8 25 104 25000
8 26 133 25000
8 27 128 25000
8 28 109 25000
8 29 111 25000
8 30 142 25000
8 31 131 25000
8 32 115 25000
8 33 101 25000
8 34 117 25000
8 35 108 25000
8 36 118 25000
8 37 130 25000
8 38 133 25000
8 39 135 25000
8 40 125 25000
8 41 142 25000
8 42 121 25000
8 43 119 25000
8 44 137 25000
8 45 109 25000
8 46 133 25000
8 47 138 25000
8 48 118 25000
8 49 107 25000
8 50 146 25000
8 51 136 25000
9 10 141 25000
9 11 126 25000
9 12 160 25000
9 13 124 25000
9 14 127 25000
9 15 136 25000
9 16 118 25000
9 17 125 25000
9 18 119 25000
9 19 109 25000
9 20 125 25000
9 21 127 25000
9 22 122 25000
9 23 132 25000
9 24 118 25000
9 25 113 25000
9 26 128 25000
9 27 139 25000
9 28 114 25000
9 29 108 25000
9 30 112 25000
9 31 126 25000
9 32 137 25000
9 33 135 25000
9 34 121 25000
9 35 107 25000
9 36 113 25000
9 37 129 25000
9 38 115 25000
9 39 128 25000
9 40 125 25000
9 41 106 25000
9 42 107 25000
9 43 131 25000
9 44 131 25000
9 45 114 25000
9 46 132 25000
9 47 123 25000
9 48 111 25000
9 49 122 25000
9 50 127 25000
9 51 111 25000
10 11 135 25000
10 12 147 25000
10 13 139 25000
10 14 120 25000
10 15 130 25000
10 16 105 25000
10 17 118 25000
10 18 120 25000
10 19 131 25000
10 20 116 25000
10 21 128 25000
10 22 130 25000
10 23 130 25000
10 24 131 25000
10 25 126 25000
10 26 112 25000
10 27 126 25000
10 28 122 25000
10 29 116 25000
10 30 137 25000
10 31 117 25000
10 32 137 25000
10 33 118 25000
10 34 134 25000
10 35 121 25000
10 36 114 25000
10 37 114 25000
10 38 98 25000
10 39 126 25000
10 40 115 25000
10 41 110 25000
10 42 128 25000
10 43 122 25000
10 44 128 25000
10 45 112 25000
10 46 118 25000
10 47 134 25000
10 48 100 25000
10 49 143 25000
10 50 119 25000
10 51 144 25000
11 12 146 25000
11 13 134 25000
11 14 118 25000
11 15 117 25000
11 16 133 25000
11 17 122 25000
11 18 136 25000
11 19 127 25000
11 20 136 25000
11 21 114 25000
11 22 124 25000
11 23 127 25000
11 24 134 25000
11 25 114 25000
11 26 140 25000
11 27 126 25000
11 28 120 25000
11 29 117 25000
11 30 124 25000
11 31 127 25000
11 32 131 25000
11 33 139 25000
11 34 127 25000
11 35 140 25000
11 36 132 25000
11 37 120 25000
11 38 125 25000
11 39 131 25000
11 40 120 25000
11 41 121 25000
11 42 110 25000
11 43 110 25000
11 44 120 25000
11 45 140 25000
11 46 118 25000
11 47 118 25000
11 48 133 25000
11 49 126 25000
11 50 135 25000
11 51 130 25000
12 13 146 25000
12 14 154 25000
12 15 132 25000
12 16 148 25000
12 17 154 25000
12 18 127 25000
12 19 140 25000
12 20 141 25000
12 21 134 25000
12 22 156 25000
12 23 140 25000
12 24 152 25000
12 25 147 25000
12 26 156 25000
12 27 131 25000
12 28 144 25000
12 29 144 25000
12 30 151 25000
12 31 117 25000
12 32 150 25000
12 33 152 25000
12 34 158 25000
12 35 146 25000
12 36 155 25000
12 37 139 25000
12 38 131 25000
12 39 165 25000
12 40 139 25000
12 41 109 25000
12 42 140 25000
12 43 147 25000
12 44 137 25000
12 45 142 25000
12 46 149 25000
12 47 172 25000
12 48 139 25000
12 49 149 25000
12 50 161 25000
12 51 131 25000
13 14 143 25000
13 15 138 25000
13 16 122 25000
13 17 135 25000
13 18 147 25000
13 19 123 25000
13 20 138 25000
13 21 134 25000
13 22 127 25000
13 23 118 25000
13 24 128 25000
13 25 144 25000
13 26 117 25000
13 27 116 25000
13 28 124 25000
13 29 108 25000
13 30 128 25000
13 31 117 25000
13 32 116 25000
13 33 134 25000
13 34 143 25000
13 35 130 25000
13 36 116 25000
13 37 127 25000
13 38 142 25000
13 39 126 25000
13 40 131 25000
13 41 128 25000
13 42 117 25000
13 43 131 25000
13 44 112 25000
13 45 123 25000
13 46 129 25000
13 47 120 25000
13 48 137 25000
13 49 119 25000
13 50 104 25000
13 51 121 25000
14 15 141 25000
14 16 143 25000
14 17 139 25000
14 18 109 25000
14 19 141 25000
14 20 122 25000
14 21 118 25000
14 22 132 25000
14 23 135 25000
14 24 146 25000
14 25 117 25000
14 26 127 25000
14 27 125 25000
14 28 143 25000
14 29 132 25000
14 30 146 25000
14 31 123 25000
14 32 133 25000
14 33 130 25000
14 34 148 25000
14 35 115 25000
14 36 123 25000
14 37 119 25000
14 38 143 25000
14 39 133 25000
14 40 104 25000
14 41 125 25000
14 42 124 25000
14 43 108 25000
14 44 130 25000
14 45 139 25000
14 46 118 25000
14 47 123 25000
14 48 118 25000
14 49 105 25000
14 50 130 25000
14 51 117 25000
15 16 137 25000
15 17 154 25000
15 18 130 25000
15 19 134 25000
15 20 132 25000
15 21 124 25000
15 22 153 25000
15 23 140 25000
15 24 143 25000
15 25 112 25000
15 26 130 25000
15 27 114 25000
15 28 125 25000
15 29 114 25000
15 30 131 25000
15 31 121 25000
15 32 149 25000
15 33 144 25000
15 34 133 25000
15 35 109 25000
15 36 120 25000
15 37 109 25000
15 38 136 25000
15 39 133 25000
15 40 132 25000
15 41 137 25000
15 42 126 25000
15 43 121 25000
15 44 129 25000
15 45 124 25000
15 46 117 25000
15 47 125 25000
15 48 126 25000
15 49 137 25000
15 50 140 25000
15 51 108 25000
16 17 140 25000
16 18 124 25000
16 19 120 25000
16 20 136 25000
16 21 111 25000
16 22 137 25000
16 23 138 25000
16 24 119 25000
16 25 127 25000
16 26 137 25000
16 27 109 25000
16 28 106 25000
16 29 129 25000
16 30 103 25000
16 31 116 25000
16 32 121 25000
16 33 133 25000
16 34 110 25000
16 35 104 25000
16 36 111 25000
16 37 118 25000
16 38 114 25000
16 39 123 25000
16 40 133 25000
16 41 113 25000
16 42 118 25000
16 43 118 25000
16 44 125 25000
16 45 109 25000
16 46 143 25000
16 47 116 25000
16 48 122 25000
16 49 135 25000
16 50 120 25000
16 51 146 25000
17 18 147 25000
17 19 142 25000
17 20 120 25000
17 21 138 25000
17 22 141 25000
17 23 126 25000
17 24 150 25000
17 25 134 25000
17 26 130 25000
17 27 132 25000
17 28 125 25000
17 29 133 25000
17 30 124 25000
17 31 116 25000
17 32 131 25000
17 33 112 25000
17 34 91 25000
17 35 124 25000
17 36 129 25000
17 37 128 25000
17 38 147 25000
17 39 130 25000
17 40 118 25000
17 41 133 25000
17 42 126 25000
17 43 135 25000
17 44 126 25000
17 45 113 25000
17 46 137 25000
17 47 125 25000
17 48 142 25000
17 49 139 25000
17 50 121 25000
17 51 121 25000
18 19 155 25000
18 20 139 25000
18 21 147 25000
18 22 119 25000
18 23 129 25000
18 24 127 25000
18 25 117 25000
18 26 131 25000
18 27 139 25000
18 28 118 25000
18 29 107 25000
18 30 146 25000
18 31 113 25000
18 32 134 25000
18 33 139 25000
18 34 138 25000
18 35 116 25000
18 36 135 25000
18 37 132 25000
18 38 126 25000
18 39 142 25000
18 40 110 25000
18 41 133 25000
18 42 145 25000
18 43 155 25000
18 44 113 25000
18 45 114 25000
18 46 142 25000
18 47 120 25000
18 48 118 25000
18 49 132 25000
18 50 130 25000
18 51 115 25000
19 20 139 25000
19 21 124 25000
19 22 142 25000
19 23 162 25000
19 24 140 25000
19 25 131 25000
19 26 132 25000
19 27 130 25000
19 28 126 25000
19 29 120 25000
19 30 119 25000
19 31 135 25000
19 32 132 25000
19 33 115 25000
19 34 106 25000
19 35 121 25000
19 36 109 25000
19 37 146 25000
19 38 130 25000
19 39 135 25000
19 40 122 25000
19 41 144 25000
19 42 145 25000
19 43 134 25000
19 44 97 25000
19 45 122 25000
19 46 130 25000
19 47 118 25000
19 48 130 25000
19 49 120 25000
19 50 119 25000
19 51 128 25000
20 21 141 25000
20 22 129 25000
20 23 129 25000
20 24 128 25000
20 25 124 25000
20 26 123 25000
20 27 130 25000
20 28 122 25000
20 29 130 25000
20 30 135 25000
20 31 144 25000
20 32 128 25000
20 33 142 25000
20 34 136 25000
20 35 101 25000
20 36 105 25000
20 37 123 25000
20 38 128 25000
20 39 145 25000
20 40 144 25000
20 41 114 25000
20 42 131 25000
20 43 120 25000
20 44 121 25000
20 45 139 25000
20 46 122 25000
20 47 124 25000
20 48 149 25000
20 49 158 25000
20 50 132 25000
20 51 120 25000
21 22 124 25000
21 23 143 25000
21 24 122 25000
21 25 117 25000
21 26 134 25000
21 27 124 25000
21 28 112 25000
21 29 107 25000
21 30 144 25000
21 31 121 25000
21 32 144 25000
21 33 135 25000
21 34 125 25000
21 35 133 25000
21 36 114 25000
21 37 125 25000
21 38 126 25000
21 39 116 25000
21 40 134 25000
21 41 123 25000
21 42 119 25000
21 43 127 25000
21 44 134 25000
21 45 114 25000
21 46 147 25000
21 47 127 25000
21 48 117 25000
21 49 130 25000
21 50 130 25000
21 51 134 25000
22 23 147 25000
22 24 109 25000
22 25 108 25000
22 26 114 25000
22 27 108 25000
22 28 132 25000
22 29 134 25000
22 30 113 25000
22 31 109 25000
22 32 134 25000
22 33 134 25000
22 34 123 25000
22 35 123 25000
22 36 139 25000
22 37 116 25000
22 38 124 25000
22 39 131 25000
22 40 136 25000
22 41 109 25000
22 42 135 25000
22 43 138 25000
22 44 132 25000
22 45 121 25000
22 46 123 25000
22 47 123 25000
22 48 124 25000
22 49 141 25000
22 50 109 25000
22 51 145 25000
23 24 133 25000
23 25 121 25000
23 26 126 25000
23 27 117 25000
23 28 143 25000
23 29 127 25000
23 30 127 25000
23 31 128 25000
23 32 130 25000
23 33 137 25000
23 34 134 25000
23 35 105 25000
23 36 125 25000
23 37 123 25000
23 38 136 25000
23 39 146 25000
23 40 126 25000
23 41 132 25000
23 42 134 25000
23 43 111 25000
23 44 135 25000
23 45 129 25000
23 46 126 25000
23 47 137 25000
23 48 120 25000
23 49 143 25000
23 50 110 25000
23 51 133 25000
24 25 144 25000
24 26 136 25000
24 27 129 25000
24 28 115 25000
24 29 123 25000
24 30 144 25000
24 31 131 25000
24 32 120 25000
24 33 122 25000
24 34 114 25000
24 35 127 25000
24 36 122 25000
24 37 154 25000
24 38 124 25000
24 39 126 25000
24 40 107 25000
24 41 123 25000
24 42 119 25000
24 43 111 25000
24 44 125 25000
24 45 130 25000
24 46 131 25000
24 47 137 25000
24 48 116 25000
24 49 140 25000
24 50 116 25000
24 51 129 25000
25 26 113 25000
25 27 111 25000
25 28 125 25000
25 29 126 25000
25 30 141 25000
25 31 103 25000
25 32 119 25000
25 33 103 25000
25 34 126 25000
25 35 123 25000
25 36 112 25000
25 37 111 25000
25 38 137 25000
25 39 123 25000
25 40 99 25000
25 41 105 25000
25 42 113 25000
25 43 127 25000
25 44 126 25000
25 45 121 25000
25 46 131 25000
25 47 114 25000
25 48 128 25000
25 49 136 25000
25 50 131 25000
25 51 113 25000
26 27 137 25000
26 28 137 25000
26 29 139 25000
26 30 127 25000
26 31 155 25000
26 32 137 25000
26 33 129 25000
26 34 138 25000
26 35 117 25000
26 36 150 25000
26 37 123 25000
26 38 120 25000
26 39 112 25000
26 40 137 25000
26 41 109 25000
26 42 122 25000
26 43 108 25000
26 44 127 25000
26 45 105 25000
26 46 116 25000
26 47 122 25000
26 48 139 25000
26 49 143 25000
26 50 131 25000
26 51 146 25000
27 28 126 25000
27 29 144 25000
27 30 127 25000
27 31 144 25000
27 32 142 25000
27 33 132 25000
27 34 137 25000
27 35 139 25000
27 36 133 25000
27 37 106 25000
27 38 128 25000
27 39 135 25000
27 40 108 25000
27 41 136 25000
27 42 125 25000
27 43 132 25000
27 44 111 25000
27 45 110 25000
27 46 124 25000
27 47 150 25000
27 48 102 25000
27 49 131 25000
27 50 115 25000
27 51 115 25000
28 29 126 25000
28 30 100 25000
28 31 128 25000
28 32 136 25000
28 33 131 25000
28 34 130 25000
28 35 121 25000
28 36 117 25000
28 37 118 25000
28 38 129 25000
28 39 124 25000
28 40 130 25000
28 41 125 25000
28 42 109 25000
28 43 129 25000
28 44 111 25000
28 45 132 25000
28 46 126 25000
28 47 134 25000
28 48 153 25000
28 49 108 25000
28 50 121 25000
28 51 104 25000
29 30 124 25000
29 31 132 25000
29 32 119 25000
29 33 123 25000
29 34 116 25000
29 35 113 25000
29 36 117 25000
29 37 125 25000
29 38 131 25000
29 39 127 25000
29 40 127 25000
29 41 112 25000
29 42 118 25000
29 43 121 25000
29 44 122 25000
29 45 131 25000
29 46 132 25000
29 47 124 25000
29 48 137 25000
29 49 105 25000
29 50 127 25000
29 51 119 25000
30 31 130 25000
30 32 141 25000
30 33 133 25000
30 34 140 25000
30 35 132 25000
30 36 125 25000
30 37 114 25000
30 38 134 25000
30 39 135 25000
30 40 107 25000
30 41 128 25000
30 42 125 25000
30 43 122 25000
30 44 128 25000
30 45 105 25000
30 46 126 25000
30 47 122 25000
30 48 127 25000
30 49 113 25000
30 50 126 25000
30 51 128 25000
31 32 115 25000
31 33 126 25000
31 34 112 25000
31 35 135 25000
31 36 124 25000
31 37 145 25000
31 38 131 25000
31 39 148 25000
31 40 125 25000
31 41 109 25000
31 42 106 25000
31 43 130 25000
31 44 123 25000
31 45 125 25000
31 46 139 25000
31 47 124 25000
31 48 130 25000
31 49 137 25000
31 50 126 25000
31 51 139 25000
32 33 134 25000
32 34 142 25000
32 35 121 25000
32 36 143 25000
32 37 127 25000
32 38 153 25000
32 39 141 25000
32 40 147 25000
32 41 130 25000
32 42 109 25000
32 43 139 25000
32 44 109 25000
32 45 121 25000
32 46 121 25000
32 47 146 25000
32 48 136 25000
32 49 125 25000
32 50 144 25000
32 51 141 25000
33 34 115 25000
33 35 130 25000
33 36 122 25000
33 37 128 25000
33 38 118 25000
33 39 133 25000
33 40 107 25000
33 41 115 25000
33 42 122 25000
33 43 129 25000
33 44 123 25000
33 45 129 25000
33 46 125 25000
33 47 142 25000
33 48 130 25000
33 49 116 25000
33 50 115 25000
33 51 127 25000
34 35 142 25000
34 36 119 25000
34 37 126 25000
34 38 131 25000
34 39 120 25000
34 40 114 25000
34 41 121 25000
34 42 130 25000
34 43 121 25000
34 44 120 25000
34 45 138 25000
34 46 117 25000
34 47 130 25000
34 48 133 25000
34 49 123 25000
34 50 113 25000
34 51 146 25000
35 36 142 25000
35 37 142 25000
35 38 131 25000
35 39 124 25000
35 40 115 25000
35 41 130 25000
35 42 133 25000
35 43 121 25000
35 44 102 25000
35 45 119 25000
35 46 123 25000
35 47 119 25000
35 48 135 25000
35 49 124 25000
35 50 137 25000
35 51 138 25000
36 37 137 25000
36 38 126 25000
36 39 141 25000
36 40 109 25000
36 41 107 25000
36 42 125 25000
36 43 106 25000
36 44 111 25000
36 45 124 25000
36 46 110 25000
36 47 113 25000
36 48 121 25000
36 49 112 25000
36 50 120 25000
36 51 107 25000
37 38 160 25000
37 39 149 25000
37 40 136 25000
37 41 127 25000
37 42 124 25000
37 43 139 25000
37 44 118 25000
37 45 125 25000
37 46 123 25000
37 47 108 25000
37 48 125 25000
37 49 108 25000
37 50 121 25000
37 51 122 25000
38 39 129 25000
38 40 128 25000
38 41 123 25000
38 42 121 25000
38 43 125 25000
38 44 116 25000
38 45 132 25000
38 46 125 25000
38 47 112 25000
38 48 114 25000
38 49 137 25000
38 50 104 25000
38 51 117 25000
39 40 136 25000
39 41 124 25000
39 42 121 25000
39 43 141 25000
39 44 145 25000
39 45 125 25000
39 46 136 25000
39 47 106 25000
39 48 114 25000
39 49 135 25000
39 50 122 25000
39 51 138 25000
40 41 139 25000
40 42 127 25000
40 43 134 25000
40 44 108 25000
40 45 117 25000
40 46 127 25000
40 47 105 25000
40 48 146 25000
40 49 135 25000
40 50 134 25000
40 51 136 25000
41 42 134 25000
41 43 120 25000
41 44 116 25000
41 45 120 25000
41 46 134 25000
41 47 125 25000
41 48 133 25000
41 49 135 25000
41 50 103 25000
41 51 141 25000
42 43 134 25000
42 44 110 25000
42 45 137 25000
42 46 116 25000
42 47 130 25000
42 48 127 25000
42 49 133 25000
42 50 125 25000
42 51 120 25000
43 44 128 25000
43 45 133 25000
43 46 120 25000
43 47 133 25000
43 48 109 25000
43 49 123 25000
43 50 114 25000
43 51 140 25000
44 45 122 25000
44 46 119 25000
44 47 121 25000
44 48 127 25000
44 49 123 25000
44 50 126 25000
44 51 138 25000
45 46 143 25000
45 47 142 25000
45 48 131 25000
45 49 141 25000
45 50 121 25000
45 51 144 25000
46 47 129 25000
46 48 137 25000
46 49 144 25000
46 50 117 25000
46 51 130 25000
47 48 125 25000
47 49 139 25000
47 50 143 25000
47 51 139 25000
48 49 124 25000
48 50 119 25000
48 51 122 25000
49 50 131 25000
49 51 130 25000
50 51 156 25000
