0 1 135 25000
0 2 133 25000
0 3 134 25000
0 4 137 25000
0 5 119 25000
0 6 118 25000
0 7 114 25000
0 8 128 25000
0 9 112 25000
0 10 130 25000
0 11 121 25000
0 12 169 25000
0 13 109 25000
0 14 142 25000
0 15 115 25000
0 16 132 25000
0 17 123 25000
0 18 129 25000
0 19 110 25000
0 20 119 25000
0 21 138 25000
0 22 102 25000
0 23 121 25000
0 24 107 25000
0 25 121 25000
0 26 129 25000
0 27 134 25000
0 28 135 25000
0 29 110 25000
0 30 114 25000
0 31 106 25000
0 32 111 25000
0 33 131 25000
0 34 139 25000
0 35 132 25000
0 36 126 25000
0 37 120 25000
0 38 112 25000
0 39 123 25000
0 40 119 25000
0 41 128 25000
0 42 107 25000
0 43 94 25000
0 44 125 25000
0 45 122 25000
0 46 145 25000
0 47 118 25000
0 48 117 25000
0 49 126 25000
0 50 131 25000
0 51 98 25000
1 2 115 25000
1 3 124 25000
1 4 104 25000
1 5 135 25000
1 6 122 25000
1 7 123 25000
1 8 115 25000
1 9 152 25000
1 10 112 25000
1 11 113 25000
1 12 148 25000
1 13 120 25000
1 14 115 25000
1 15 144 25000
1 16 116 25000
1 17 144 25000
1 18 115 25000
1 19 116 25000
1 20 114 25000
1 21 126 25000
1 22 127 25000
1 23 123 25000
1 24 120 25000
1 25 123 25000
1 26 105 25000
1 27 134 25000
1 28 135 25000
1 29 113 25000
1 30 114 25000
1 31 116 25000
1 32 120 25000
1 33 124 25000
1 34 123 25000
1 35 121 25000
1 36 107 25000
1 37 107 25000
1 38 115 25000
1 39 124 25000
1 40 121 25000
1 41 118 25000
1 42 122 25000
1 43 114 25000
1 44 107 25000
1 45 129 25000
1 46 115 25000
1 47 122 25000
1 48 136 25000
1 49 95 25000
1 50 118 25000
1 51 138 25000
2 3 129 25000
2 4 125 25000
2 5 135 25000
2 6 118 25000
2 7 130 25000
2 8 140 25000
2 9 111 25000
2 10 129 25000
2 11 116 25000
2 12 145 25000
2 13 131 25000
2 14 126 25000
2 15 102 25000
2 16 122 25000
2 17 122 25000
2 18 127 25000
2 19 121 25000
2 20 120 25000
2 21 130 25000
2 22 126 25000
2 23 125 25000
2 24 117 25000
2 25 123 25000
2 26 130 25000
2 27 113 25000
2 28 125 25000
2 29 111 25000
2 30 124 25000
2 31 138 25000
2 32 129 25000
2 33 128 25000
2 34 113 25000
2 35 111 25000
2 36 122 25000
2 37 143 25000
2 38 132 25000
2 39 133 25000
2 40 126 25000
2 41 132 25000
2 42 110 25000
2 43 128 25000
2 44 119 25000
2 45 103 25000
2 46 137 25000
2 47 128 25000
2 48 126 25000
2 49 119 25000
2 50 127 25000
2 51 125 25000
3 4 137 25000
3 5 123 25000
3 6 121 25000
3 7 115 25000
3 8 130 25000
3 9 121 25000
3 10 133 25000
3 11 126 25000
3 12 122 25000
3 13 121 25000
3 14 126 25000
3 15 117 25000
3 16 121 25000
3 17 137 25000
3 18 115 25000
3 19 134 25000
3 20 124 25000
3 21 140 25000
3 22 120 25000
3 23 112 25000
3 24 104 25000
3 25 108 25000
3 26 138 25000
3 27 109 25000
3 28 142 25000
3 29 110 25000
3 30 112 25000
3 31 135 25000
3 32 111 25000
3 33 115 25000
3 34 116 25000
3 35 136 25000
3 36 118 25000
3 37 117 25000
3 38 137 25000
3 39 113 25000
3 40 139 25000
3 41 133 25000
3 42 114 25000
3 43 126 25000
3 44 111 25000
3 45 119 25000
3 46 134 25000
3 47 126 25000
3 48 109 25000
3 49 113 25000
3 50 102 25000
3 51 120 25000
4 5 128 25000
4 6 144 25000
4 7 127 25000
4 8 140 25000
4 9 109 25000
4 10 111 25000
4 11 106 25000
4 12 129 25000
4 13 113 25000
4 14 124 25000
4 15 124 25000
4 16 146 25000
4 17 127 25000
4 18 119 25000
4 19 138 25000
4 20 157 25000
4 21 133 25000
4 22 124 25000
4 23 119 25000
4 24 125 25000
4 25 122 25000
4 26 140 25000
4 27 110 25000
4 28 128 25000
4 29 105 25000
4 30 128 25000
4 31 117 25000
4 32 113 25000
4 33 116 25000
4 34 106 25000
4 35 110 25000
4 36 124 25000
4 37 104 25000
4 38 120 25000
4 39 136 25000
4 40 118 25000
4 41 133 25000
4 42 122 25000
4 43 119 25000
4 44 125 25000
4 45 129 25000
4 46 112 25000
4 47 124 25000
4 48 121 25000
4 49 112 25000
4 50 123 25000
4 51 106 25000
5 6 119 25000
5 7 120 25000
5 8 123 25000
5 9 118 25000
5 10 118 25000
5 11 141 25000
5 12 122 25000
5 13 124 25000
5 14 113 25000
5 15 103 25000
5 16 113 25000
5 17 106 25000
5 18 98 25000
5 19 117 25000
5 20 121 25000
5 21 124 25000
5 22 134 25000
5 23 110 25000
5 24 114 25000
5 25 118 25000
5 26 123 25000
5 27 114 25000
5 28 117 25000
5 29 119 25000
5 30 127 25000
5 31 113 25000
5 32 124 25000
5 33 109 25000
5 34 122 25000
5 35 115 25000
5 36 103 25000
5 37 128 25000
5 38 124 25000
5 39 113 25000
5 40 134 25000
5 41 106 25000
5 42 148 25000
5 43 128 25000
5 44 127 25000
5 45 110 25000
5 46 119 25000
5 47 130 25000
5 48 124 25000
5 49 110 25000
5 50 124 25000
5 51 115 25000
6 7 110 25000
6 8 120 25000
6 9 122 25000
6 10 124 25000
6 11 131 25000
6 12 144 25000
6 13 123 25000
6 14 140 25000
6 15 116 25000
6 16 127 25000
6 17 112 25000
6 18 134 25000
6 19 119 25000
6 20 100 25000
6 21 122 25000
6 22 125 25000
6 23 119 25000
6 24 109 25000
6 25 128 25000
6 26 125 25000
6 27 131 25000
6 28 130 25000
6 29 117 25000
6 30 115 25000
6 31 109 25000
6 32 119 25000
6 33 141 25000
6 34 126 25000
6 35 123 25000
6 36 115 25000
6 37 115 25000
6 38 124 25000
6 39 114 25000
6 40 117 25000
6 41 116 25000
6 42 107 25000
6 43 125 25000
6 44 118 25000
6 45 127 25000
6 46 120 25000
6 47 115 25000
6 48 133 25000
6 49 116 25000
6 50 129 25000
6 51 106 25000
7 8 124 25000
7 9 113 25000
7 10 126 25000
7 11 131 25000
7 12 124 25000
7 13 119 25000
7 14 122 25000
7 15 117 25000
7 16 124 25000
7 17 134 25000
7 18 108 25000
7 19 132 25000
7 20 130 25000
7 21 119 25000
7 22 127 25000
7 23 108 25000
7 24 118 25000
7 25 115 25000
7 26 112 25000
7 27 125 25000
7 28 132 25000
7 29 105 25000
7 30 117 25000
7 31 113 25000
7 32 116 25000
7 33 124 25000
7 34 110 25000
7 35 108 25000
7 36 115 25000
7 37 122 25000
7 38 110 25000
7 39 120 25000
7 40 107 25000
7 41 125 25000
7 42 102 25000
7 43 122 25000
7 44 110 25000
7 45 119 25000
7 46 104 25000
7 47 135 25000
7 48 111 25000
7 49 134 25000
7 50 122 25000
7 51 141 25000
8 9 125 25000
8 10 121 25000
8 11 124 25000
8 12 143 25000
8 13 117 25000
8 14 118 25000
8 15 143 25000
8 16 109 25000
8 17 125 25000
8 18 123 25000
8 19 122 25000
8 20 122 25000
8 21 120 25000
8 22 107 25000
8 23 119 25000
8 24 127 25000
8 25 121 25000
8 26 122 25000
8 27 108 25000
8 28 120 25000
8 29 95 25000
8 30 118 25000
8 31 110 25000
8 32 98 25000
8 33 97 25000
8 34 128 25000
8 35 124 25000
8 36 124 25000
8 37 127 25000
8 38 126 25000
8 39 119 25000
8 40 117 25000
8 41 116 25000
8 42 111 25000
8 43 120 25000
8 44 118 25000
8 45 150 25000
8 46 106 25000
8 47 105 25000
8 48 114 25000
8 49 117 25000
8 50 119 25000
8 51 109 25000
9 10 116 25000
9 11 130 25000
9 12 117 25000
9 13 122 25000
9 14 123 25000
9 15 146 25000
9 16 109 25000
9 17 107 25000
9 18 118 25000
9 19 123 25000
9 20 134 25000
9 21 132 25000
9 22 126 25000
9 23 112 25000
9 24 119 25000
9 25 120 25000
9 26 110 25000
9 27 105 25000
9 28 117 25000
9 29 123 25000
9 30 101 25000
9 31 129 25000
9 32 134 25000
9 33 133 25000
9 34 121 25000
9 35 125 25000
9 36 95 25000
9 37 104 25000
9 38 131 25000
9 39 111 25000
9 40 115 25000
9 41 122 25000
9 42 128 25000
9 43 104 25000
9 44 137 25000
9 45 112 25000
9 46 137 25000
9 47 125 25000
9 48 113 25000
9 49 123 25000
9 50 127 25000
9 51 115 25000
10 11 117 25000
10 12 136 25000
10 13 141 25000
10 14 130 25000
10 15 126 25000
10 16 116 25000
10 17 115 25000
10 18 115 25000
10 19 131 25000
10 20 134 25000
10 21 120 25000
10 22 128 25000
10 23 113 25000
10 24 114 25000
10 25 115 25000
10 26 108 25000
10 27 104 25000
10 28 123 25000
10 29 126 25000
10 30 123 25000
10 31 132 25000
10 32 114 25000
10 33 116 25000
10 34 118 25000
10 35 106 25000
10 36 123 25000
10 37 105 25000
10 38 128 25000
10 39 133 25000
10 40 118 25000
10 41 131 25000
10 42 129 25000
10 43 114 25000
10 44 133 25000
10 45 128 25000
10 46 129 25000
10 47 122 25000
10 48 130 25000
10 49 129 25000
10 50 98 25000
10 51 101 25000
11 12 138 25000
11 13 116 25000
11 14 128 25000
11 15 123 25000
11 16 135 25000
11 17 114 25000
11 18 110 25000
11 19 118 25000
11 20 129 25000
11 21 114 25000
11 22 122 25000
11 23 111 25000
11 24 115 25000
11 25 117 25000
11 26 126 25000
11 27 110 25000
11 28 101 25000
11 29 116 25000
11 30 117 25000
11 31 149 25000
11 32 127 25000
11 33 125 25000
11 34 129 25000
11 35 103 25000
11 36 114 25000
11 37 119 25000
11 38 107 25000
11 39 110 25000
11 40 108 25000
11 41 119 25000
11 42 120 25000
11 43 108 25000
11 44 120 25000
11 45 141 25000
11 46 127 25000
11 47 115 25000
11 48 95 25000
11 49 111 25000
11 50 119 25000
11 51 141 25000
12 13 136 25000
12 14 137 25000
12 15 139 25000
12 16 127 25000
12 17 130 25000
12 18 139 25000
12 19 139 25000
12 20 128 25000
12 21 127 25000
12 22 138 25000
12 23 122 25000
12 24 122 25000
12 25 139 25000
12 26 137 25000
12 27 132 25000
12 28 134 25000
12 29 117 25000
12 30 149 25000
12 31 139 25000
12 32 117 25000
12 33 140 25000
12 34 128 25000
12 35 155 25000
12 36 118 25000
12 37 122 25000
12 38 138 25000
12 39 113 25000
12 40 132 25000
12 41 127 25000
12 42 138 25000
12 43 156 25000
12 44 148 25000
12 45 139 25000
12 46 133 25000
12 47 116 25000
12 48 127 25000
12 49 154 25000
12 50 139 25000
12 51 126 25000
13 14 122 25000
13 15 138 25000
13 16 121 25000
13 17 138 25000
13 18 107 25000
13 19 134 25000
13 20 133 25000
13 21 112 25000
13 22 155 25000
13 23 106 25000
13 24 116 25000
13 25 126 25000
13 26 152 25000
13 27 130 25000
13 28 110 25000
13 29 116 25000
13 30 113 25000
13 31 98 25000
13 32 132 25000
13 33 119 25000
13 34 136 25000
13 35 118 25000
13 36 121 25000
13 37 115 25000
13 38 114 25000
13 39 105 25000
13 40 115 25000
13 41 119 25000
13 42 142 25000
13 43 142 25000
13 44 134 25000
13 45 121 25000
13 46 128 25000
13 47 118 25000
13 48 113 25000
13 49 112 25000
13 50 125 25000
13 51 130 25000
14 15 127 25000
14 16 133 25000
14 17 115 25000
14 18 125 25000
14 19 127 25000
14 20 127 25000
14 21 133 25000
14 22 124 25000
14 23 128 25000
14 24 126 25000
14 25 117 25000
14 26 121 25000
14 27 123 25000
14 28 117 25000
14 29 111 25000
14 30 109 25000
14 31 117 25000
14 32 138 25000
14 33 115 25000
14 34 97 25000
14 35 127 25000
14 36 134 25000
14 37 138 25000
14 38 115 25000
14 39 99 25000
14 40 123 25000
14 41 96 25000
14 42 121 25000
14 43 139 25000
14 44 114 25000
14 45 123 25000
14 46 107 25000
14 47 127 25000
14 48 122 25000
14 49 108 25000
14 50 104 25000
14 51 97 25000
15 16 119 25000
15 17 98 25000
15 18 134 25000
15 19 116 25000
15 20 97 25000
15 21 134 25000
15 22 123 25000
15 23 129 25000
15 24 107 25000
15 25 126 25000
15 26 116 25000
15 27 111 25000
15 28 137 25000
15 29 106 25000
15 30 122 25000
15 31 117 25000
15 32 127 25000
15 33 113 25000
15 34 121 25000
15 35 130 25000
15 36 116 25000
15 37 135 25000
15 38 102 25000
15 39 102 25000
15 40 116 25000
15 41 108 25000
15 42 116 25000
15 43 126 25000
15 44 105 25000
15 45 140 25000
15 46 114 25000
15 47 122 25000
15 48 99 25000
15 49 123 25000
15 50 113 25000
15 51 103 25000
16 17 134 25000
16 18 126 25000
16 19 145 25000
16 20 130 25000
16 21 118 25000
16 22 127 25000
16 23 104 25000
16 24 119 25000
16 25 129 25000
16 26 126 25000
16 27 121 25000
16 28 134 25000
16 29 107 25000
16 30 125 25000
16 31 106 25000
16 32 119 25000
16 33 113 25000
16 34 121 25000
16 35 112 25000
16 36 134 25000
16 37 126 25000
16 38 114 25000
16 39 121 25000
16 40 140 25000
16 41 123 25000
16 42 122 25000
16 43 115 25000
16 44 127 25000
16 45 131 25000
16 46 121 25000
16 47 103 25000
16 48 113 25000
16 49 130 25000
16 50 116 25000
16 51 127 25000
17 18 127 25000
17 19 112 25000
17 20 120 25000
17 21 136 25000
17 22 126 25000
17 23 118 25000
17 24 120 25000
17 25 136 25000
17 26 141 25000
17 27 119 25000
17 28 135 25000
17 29 105 25000
17 30 140 25000
17 31 100 25000
17 32 133 25000
17 33 115 25000
17 34 121 25000
17 35 131 25000
17 36 106 25000
17 37 125 25000
17 38 128 25000
17 39 131 25000
17 40 126 25000
17 41 119 25000
17 42 110 25000
17 43 115 25000
17 44 124 25000
17 45 118 25000
17 46 131 25000
17 47 120 25000
17 48 124 25000
17 49 112 25000
17 50 129 25000
17 51 133 25000
18 19 130 25000
18 20 115 25000
18 21 127 25000
18 22 111 25000
18 23 115 25000
18 24 121 25000
18 25 128 25000
18 26 125 25000
18 27 104 25000
18 28 115 25000
18 29 124 25000
18 30 119 25000
18 31 117 25000
18 32 124 25000
18 33 107 25000
18 34 113 25000
18 35 98 25000
18 36 98 25000
18 37 121 25000
18 38 130 25000
18 39 114 25000
18 40 109 25000
18 41 111 25000
18 42 116 25000
18 43 128 25000
18 44 125 25000
18 45 87 25000
18 46 116 25000
18 47 91 25000
18 48 124 25000
18 49 94 25000
18 50 112 25000
18 51 119 25000
19 20 136 25000
19 21 126 25000
19 22 130 25000
19 23 144 25000
19 24 129 25000
19 25 133 25000
19 26 135 25000
19 27 123 25000
19 28 151 25000
19 29 101 25000
19 30 119 25000
19 31 117 25000
19 32 108 25000
19 33 130 25000
19 34 119 25000
19 35 117 25000
19 36 117 25000
19 37 138 25000
19 38 106 25000
19 39 134 25000
19 40 137 25000
19 41 134 25000
19 42 126 25000
19 43 122 25000
19 44 128 25000
19 45 129 25000
19 46 139 25000
19 47 129 25000
19 48 128 25000
19 49 106 25000
19 50 129 25000
19 51 115 25000
20 21 124 25000
20 22 122 25000
20 23 142 25000
20 24 127 25000
20 25 129 25000
20 26 104 25000
20 27 111 25000
20 28 124 25000
20 29 118 25000
20 30 134 25000
20 31 133 25000
20 32 113 25000
20 33 99 25000
20 34 103 25000
20 35 109 25000
20 36 127 25000
20 37 128 25000
20 38 113 25000
20 39 135 25000
20 40 109 25000
20 41 120 25000
20 42 133 25000
20 43 121 25000
20 44 142 25000
20 45 112 25000
20 46 109 25000
20 47 116 25000
20 48 105 25000
20 49 113 25000
20 50 109 25000
20 51 130 25000
21 22 125 25000
21 23 114 25000
21 24 123 25000
21 25 141 25000
21 26 126 25000
21 27 123 25000
21 28 114 25000
21 29 121 25000
21 30 115 25000
21 31 120 25000
21 32 125 25000
21 33 128 25000
21 34 137 25000
21 35 120 25000
21 36 114 25000
21 37 119 25000
21 38 135 25000
21 39 118 25000
21 40 142 25000
21 41 123 25000
21 42 105 25000
21 43 121 25000
21 44 119 25000
21 45 135 25000
21 46 135 25000
21 47 95 25000
21 48 104 25000
21 49 107 25000
21 50 109 25000
21 51 112 25000
22 23 131 25000
22 24 126 25000
22 25 147 25000
22 26 116 25000
22 27 117 25000
22 28 125 25000
22 29 106 25000
22 30 123 25000
22 31 99 25000
22 32 136 25000
22 33 125 25000
22 34 126 25000
22 35 122 25000
22 36 112 25000
22 37 119 25000
22 38 111 25000
22 39 141 25000
22 40 99 25000
22 41 101 25000
22 42 112 25000
22 43 131 25000
22 44 108 25000
22 45 122 25000
22 46 112 25000
22 47 127 25000
22 48 122 25000
22 49 111 25000
22 50 125 25000
22 51 132 25000
23 24 131 25000
23 25 131 25000
23 26 124 25000
23 27 113 25000
23 28 138 25000
23 29 106 25000
23 30 116 25000
23 31 118 25000
23 32 122 25000
23 33 112 25000
23 34 127 25000
23 35 129 25000
23 36 130 25000
23 37 119 25000
23 38 137 25000
23 39 104 25000
23 40 104 25000
23 41 124 25000
23 42 114 25000
23 43 139 25000
23 44 96 25000
23 45 112 25000
23 46 139 25000
23 47 127 25000
23 48 114 25000
23 49 120 25000
23 50 131 25000
23 51 121 25000
24 25 136 25000
24 26 117 25000
24 27 116 25000
24 28 123 25000
24 29 127 25000
24 30 131 25000
24 31 131 25000
24 32 137 25000
24 33 115 25000
24 34 128 25000
24 35 101 25000
24 36 146 25000
24 37 123 25000
24 38 119 25000
24 39 105 25000
24 40 117 25000
24 41 110 25000
24 42 113 25000
24 43 126 25000
24 44 110 25000
24 45 112 25000
24 46 104 25000
24 47 118 25000
24 48 113 25000
24 49 116 25000
24 50 121 25000
24 51 117 25000
25 26 118 25000
25 27 123 25000
25 28 121 25000
25 29 120 25000
25 30 127 25000
25 31 109 25000
25 32 119 25000
25 33 120 25000
25 34 123 25000
25 35 118 25000
25 36 141 25000
25 37 103 25000
25 38 123 25000
25 39 122 25000
25 40 127 25000
25 41 139 25000
25 42 137 25000
25 43 124 25000
25 44 118 25000
25 45 115 25000
25 46 144 25000
25 47 123 25000
25 48 129 25000
25 49 114 25000
25 50 125 25000
25 51 109 25000
26 27 129 25000
26 28 135 25000
26 29 107 25000
26 30 124 25000
26 31 139 25000
26 32 127 25000
26 33 138 25000
26 34 130 25000
26 35 116 25000
26 36 128 25000
26 37 122 25000
26 38 117 25000
26 39 122 25000
26 40 110 25000
26 41 118 25000
26 42 137 25000
26 43 121 25000
26 44 128 25000
26 45 121 25000
26 46 127 25000
26 47 132 25000
26 48 104 25000
26 49 112 25000
26 50 113 25000
26 51 122 25000
27 28 140 25000
27 29 126 25000
27 30 135 25000
27 31 131 25000
27 32 114 25000
27 33 97 25000
27 34 105 25000
27 35 128 25000
27 36 107 25000
27 37 122 25000
27 38 124 25000
27 39 112 25000
27 40 113 25000
27 41 94 25000
27 42 117 25000
27 43 121 25000
27 44 119 25000
27 45 109 25000
27 46 124 25000
27 47 110 25000
27 48 127 25000
27 49 122 25000
27 50 110 25000
27 51 112 25000
28 29 127 25000
28 30 131 25000
28 31 127 25000
28 32 130 25000
28 33 132 25000
28 34 128 25000
28 35 121 25000
28 36 142 25000
28 37 138 25000
28 38 124 25000
28 39 128 25000
28 40 122 25000
28 41 111 25000
28 42 114 25000
28 43 116 25000
28 44 115 25000
28 45 135 25000
28 46 151 25000
28 47 116 25000
28 48 128 25000
28 49 117 25000
28 50 126 25000
28 51 116 25000
29 30 135 25000
29 31 137 25000
29 32 134 25000
29 33 140 25000
29 34 123 25000
29 35 116 25000
29 36 139 25000
29 37 130 25000
29 38 123 25000
29 39 88 25000
29 40 123 25000
29 41 107 25000
29 42 111 25000
29 43 106 25000
29 44 119 25000
29 45 104 25000
29 46 127 25000
29 47 138 25000
29 48 102 25000
29 49 115 25000
29 50 133 25000
29 51 96 25000
30 31 119 25000
30 32 117 25000
30 33 130 25000
30 34 125 25000
30 35 127 25000
30 36 123 25000
30 37 132 25000
30 38 113 25000
30 39 109 25000
30 40 138 25000
30 41 101 25000
30 42 120 25000
30 43 120 25000
30 44 97 25000
30 45 119 25000
30 46 143 25000
30 47 152 25000
30 48 129 25000
30 49 119 25000
30 50 99 25000
30 51 98 25000
31 32 124 25000
31 33 133 25000
31 34 116 25000
31 35 122 25000
31 36 129 25000
31 37 128 25000
31 38 122 25000
31 39 107 25000
31 40 121 25000
31 41 93 25000
31 42 106 25000
31 43 117 25000
31 44 127 25000
31 45 98 25000
31 46 131 25000
31 47 120 25000
31 48 117 25000
31 49 137 25000
31 50 123 25000
31 51 129 25000
32 33 124 25000
32 34 138 25000
32 35 119 25000
32 36 127 25000
32 37 122 25000
32 38 127 25000
32 39 136 25000
32 40 126 25000
32 41 102 25000
32 42 122 25000
32 43 110 25000
32 44 122 25000
32 45 103 25000
32 46 110 25000
32 47 130 25000
32 48 98 25000
32 49 114 25000
32 50 105 25000
32 51 134 25000
33 34 108 25000
33 35 108 25000
33 36 111 25000
33 37 144 25000
33 38 134 25000
33 39 132 25000
33 40 117 25000
33 41 108 25000
33 42 115 25000
33 43 120 25000
33 44 124 25000
33 45 111 25000
33 46 109 25000
33 47 131 25000
33 48 100 25000
33 49 127 25000
33 50 121 25000
33 51 130 25000
34 35 135 25000
34 36 157 25000
34 37 149 25000
34 38 107 25000
34 39 130 25000
34 40 131 25000
34 41 137 25000
34 42 116 25000
34 43 114 25000
34 44 128 25000
34 45 93 25000
34 46 114 25000
34 47 107 25000
34 48 102 25000
34 49 115 25000
34 50 116 25000
34 51 114 25000
35 36 124 25000
35 37 134 25000
35 38 133 25000
35 39 132 25000
35 40 128 25000
35 41 132 25000
35 42 105 25000
35 43 117 25000
35 44 109 25000
35 45 94 25000
35 46 114 25000
35 47 105 25000
35 48 121 25000
35 49 129 25000
35 50 123 25000
35 51 110 25000
36 37 129 25000
36 38 134 25000
36 39 104 25000
36 40 113 25000
36 41 101 25000
36 42 150 25000
36 43 127 25000
36 44 129 25000
36 45 120 25000
36 46 119 25000
36 47 116 25000
36 48 132 25000
36 49 107 25000
36 50 133 25000
36 51 113 25000
37 38 129 25000
37 39 132 25000
37 40 120 25000
37 41 109 25000
37 42 135 25000
37 43 127 25000
37 44 111 25000
37 45 117 25000
37 46 128 25000
37 47 132 25000
37 48 109 25000
37 49 109 25000
37 50 112 25000
37 51 122 25000
38 39 120 25000
38 40 106 25000
38 41 113 25000
38 42 139 25000
38 43 104 25000
38 44 115 25000
38 45 121 25000
38 46 124 25000
38 47 122 25000
38 48 109 25000
38 49 118 25000
38 50 115 25000
38 51 121 25000
39 40 137 25000
39 41 117 25000
39 42 113 25000
39 43 110 25000
39 44 97 25000
39 45 126 25000
39 46 140 25000
39 47 131 25000
39 48 102 25000
39 49 109 25000
39 50 113 25000
39 51 127 25000
40 41 142 25000
40 42 126 25000
40 43 108 25000
40 44 122 25000
40 45 123 25000
40 46 131 25000
40 47 142 25000
40 48 142 25000
40 49 117 25000
40 50 114 25000
40 51 126 25000
41 42 102 25000
41 43 111 25000
41 44 109 25000
41 45 100 25000
41 46 131 25000
41 47 124 25000
41 48 110 25000
41 49 125 25000
41 50 115 25000
41 51 127 25000
42 43 119 25000
42 44 132 25000
42 45 111 25000
42 46 127 25000
42 47 133 25000
42 48 101 25000
42 49 142 25000
42 50 122 25000
42 51 142 25000
43 44 117 25000
43 45 110 25000
43 46 120 25000
43 47 125 25000
43 48 134 25000
43 49 125 25000
43 50 123 25000
43 51 136 25000
44 45 130 25000
44 46 122 25000
44 47 125 25000
44 48 106 25000
44 49 119 25000
44 50 127 25000
44 51 118 25000
45 46 136 25000
45 47 125 25000
45 48 113 25000
45 49 89 25000
45 50 130 25000
45 51 123 25000
46 47 124 25000
46 48 115 25000
46 49 121 25000
46 50 134 25000
46 51 137 25000
47 48 149 25000
47 49 108 25000
47 50 133 25000
47 51 121 25000
48 49 123 25000
48 50 116 25000
48 51 136 25000
49 50 136 25000
49 51 119 25000
50 51 124 25000
