0 1 906 24 200000
0 2 910 23 200000
0 3 905 6 200000
0 4 900 6 200000
0 5 891 14 200000
0 6 907 6 200000
0 7 913 9 200000
0 8 907 8 200000
0 9 909 8 200000
0 10 903 11 200000
0 11 925 16 200000
0 12 980 33 200000
1 2 881 22 200000
1 3 896 16 200000
1 4 893 9 200000
1 5 894 11 200000
1 6 911 13 200000
1 7 910 5 200000
1 8 909 15 200000
1 9 910 11 200000
1 10 890 13 200000
1 11 894 17 200000
1 12 934 28 200000
2 3 878 29 200000
2 4 891 14 200000
2 5 924 16 200000
2 6 930 9 200000
2 7 895 10 200000
2 8 841 6 200000
2 9 912 10 200000
2 10 949 10 200000
2 11 900 7 200000
2 12 858 14 200000
3 4 919 26 200000
3 5 828 20 200000
3 6 856 10 200000
3 7 870 12 200000
3 8 881 5 200000
3 9 899 12 200000
3 10 863 10 200000
3 11 950 13 200000
3 12 903 13 200000
4 5 873 34 200000
4 6 869 12 200000
4 7 906 11 200000
4 8 900 10 200000
4 9 894 10 200000
4 10 890 9 200000
4 11 847 13 200000
4 12 877 5 200000
5 6 896 19 200000
5 7 941 22 200000
5 8 900 12 200000
5 9 878 7 200000
5 10 894 11 200000
5 11 887 9 200000
5 12 859 8 200000
6 7 950 35 200000
6 8 951 16 200000
6 9 972 16 200000
6 10 884 14 200000
6 11 917 7 200000
6 12 914 14 200000
7 8 894 21 200000
7 9 868 14 200000
7 10 898 11 200000
7 11 958 11 200000
7 12 907 12 200000
8 9 904 23 200000
8 10 920 22 200000
8 11 834 12 200000
8 12 878 7 200000
9 10 917 25 200000
9 11 886 19 200000
9 12 943 16 200000
10 11 891 28 200000
10 12 876 27 200000
11 12 937 23 200000
13 14 907 28 200000
13 15 935 16 200000
13 16 935 15 200000
13 17 937 19 200000
13 18 898 9 200000
13 19 950 13 200000
13 20 910 7 200000
13 21 960 8 200000
13 22 929 13 200000
13 23 889 13 200000
13 24 924 17 200000
13 25 920 27 200000
14 15 901 24 200000
14 16 880 17 200000
14 17 925 14 200000
14 18 896 15 200000
14 19 936 5 200000
14 20 826 13 200000
14 21 905 8 200000
14 22 876 4 200000
14 23 921 12 200000
14 24 929 15 200000
14 25 899 18 200000
15 16 874 25 200000
15 17 906 20 200000
15 18 862 12 200000
15 19 942 15 200000
15 20 911 9 200000
15 21 942 9 200000
15 22 862 10 200000
15 23 857 7 200000
15 24 874 7 200000
15 25 866 14 200000
16 17 904 32 200000
16 18 887 7 200000
16 19 893 8 200000
16 20 954 7 200000
16 21 875 10 200000
16 22 869 10 200000
16 23 898 7 200000
16 24 912 11 200000
16 25 972 16 200000
17 18 875 16 200000
17 19 866 9 200000
17 20 931 9 200000
17 21 936 16 200000
17 22 887 8 200000
17 23 879 9 200000
17 24 885 8 200000
17 25 924 12 200000
18 19 900 21 200000
18 20 880 10 200000
18 21 916 18 200000
18 22 907 7 200000
18 23 880 4 200000
18 24 881 8 200000
18 25 909 11 200000
19 20 890 30 200000
19 21 906 13 200000
19 22 907 10 200000
19 23 890 8 200000
19 24 831 14 200000
19 25 949 7 200000
20 21 891 22 200000
20 22 893 18 200000
20 23 889 13 200000
20 24 892 14 200000
20 25 949 7 200000
21 22 947 28 200000
21 23 930 20 200000
21 24 926 8 200000
21 25 867 6 200000
22 23 921 22 200000
22 24 899 15 200000
22 25 900 13 200000
23 24 920 23 200000
23 25 854 18 200000
24 25 889 26 200000
26 27 952 26 200000
26 28 950 18 200000
26 29 892 7 200000
26 30 863 12 200000
26 31 908 13 200000
26 32 922 9 200000
26 33 921 13 200000
26 34 926 10 200000
26 35 930 13 200000
26 36 931 8 200000
26 37 940 14 200000
26 38 923 28 200000
27 28 936 33 200000
27 29 897 20 200000
27 30 956 10 200000
27 31 940 11 200000
27 32 893 11 200000
27 33 901 6 200000
27 34 954 12 200000
27 35 875 8 200000
27 36 925 13 200000
27 37 913 12 200000
27 38 917 29 200000
28 29 903 34 200000
28 30 945 12 200000
28 31 856 10 200000
28 32 924 9 200000
28 33 907 10 200000
28 34 854 11 200000
28 35 877 10 200000
28 36 890 11 200000
28 37 860 8 200000
28 38 899 13 200000
29 30 924 21 200000
29 31 932 14 200000
29 32 950 13 200000
29 33 917 14 200000
29 34 926 10 200000
29 35 908 8 200000
29 36 929 13 200000
29 37 885 8 200000
29 38 928 9 200000
30 31 873 23 200000
30 32 918 20 200000
30 33 969 14 200000
30 34 899 8 200000
30 35 889 12 200000
30 36 947 3 200000
30 37 917 8 200000
30 38 899 14 200000
31 32 923 21 200000
31 33 936 17 200000
31 34 876 11 200000
31 35 940 8 200000
31 36 873 6 200000
31 37 896 8 200000
31 38 916 5 200000
32 33 962 35 200000
32 34 918 14 200000
32 35 896 9 200000
32 36 883 6 200000
32 37 952 5 200000
32 38 921 6 200000
33 34 921 29 200000
33 35 870 10 200000
33 36 866 11 200000
33 37 858 7 200000
33 38 889 11 200000
34 35 895 26 200000
34 36 898 17 200000
34 37 905 6 200000
34 38 908 12 200000
35 36 881 36 200000
35 37 882 20 200000
35 38 950 11 200000
36 37 891 27 200000
36 38 886 17 200000
37 38 938 26 200000
39 40 900 26 200000
39 41 914 20 200000
39 42 838 8 200000
39 43 923 17 200000
39 44 923 11 200000
39 45 947 7 200000
39 46 909 10 200000
39 47 876 12 200000
39 48 924 4 200000
39 49 885 20 200000
39 50 935 17 200000
39 51 917 25 200000
40 41 857 33 200000
40 42 913 16 200000
40 43 856 13 200000
40 44 913 11 200000
40 45 954 13 200000
40 46 886 7 200000
40 47 882 12 200000
40 48 950 9 200000
40 49 844 14 200000
40 50 884 19 200000
40 51 893 16 200000
41 42 909 26 200000
41 43 901 10 200000
41 44 911 18 200000
41 45 912 8 200000
41 46 948 7 200000
41 47 898 10 200000
41 48 875 9 200000
41 49 911 12 200000
41 50 888 9 200000
41 51 868 17 200000
42 43 900 28 200000
42 44 890 12 200000
42 45 886 8 200000
42 46 869 10 200000
42 47 933 10 200000
42 48 947 9 200000
42 49 920 13 200000
42 50 919 6 200000
42 51 897 7 200000
43 44 885 22 200000
43 45 894 9 200000
43 46 864 14 200000
43 47 885 4 200000
43 48 883 7 200000
43 49 871 8 200000
43 50 917 7 200000
43 51 921 13 200000
44 45 911 18 200000
44 46 945 14 200000
44 47 963 10 200000
44 48 856 15 200000
44 49 894 7 200000
44 50 922 9 200000
44 51 925 6 200000
45 46 934 27 200000
45 47 966 20 200000
45 48 901 9 200000
45 49 914 6 200000
45 50 911 11 200000
45 51 879 10 200000
46 47 886 32 200000
46 48 906 15 200000
46 49 939 9 200000
46 50 914 12 200000
46 51 911 7 200000
47 48 899 24 200000
47 49 921 18 200000
47 50 868 14 200000
47 51 877 15 200000
48 49 881 23 200000
48 50 935 14 200000
48 51 871 10 200000
49 50 910 25 200000
49 51 869 14 200000
50 51 825 24 200000
