0 1 906 38 200000
0 2 858 22 200000
0 3 836 16 200000
0 4 953 7 200000
0 5 854 14 200000
0 6 929 11 200000
0 7 915 11 200000
0 8 892 12 200000
0 9 864 9 200000
0 10 917 15 200000
0 11 895 18 200000
0 12 851 30 200000
1 2 913 16 200000
1 3 870 12 200000
1 4 884 11 200000
1 5 916 7 200000
1 6 882 15 200000
1 7 988 12 200000
1 8 906 4 200000
1 9 947 9 200000
1 10 945 15 200000
1 11 874 10 200000
1 12 937 26 200000
2 3 846 28 200000
2 4 917 23 200000
2 5 868 20 200000
2 6 898 10 200000
2 7 883 8 200000
2 8 886 9 200000
2 9 893 8 200000
2 10 885 13 200000
2 11 888 16 200000
2 12 877 17 200000
3 4 910 24 200000
3 5 879 10 200000
3 6 950 7 200000
3 7 907 15 200000
3 8 900 7 200000
3 9 951 10 200000
3 10 910 7 200000
3 11 867 7 200000
3 12 886 11 200000
4 5 883 24 200000
4 6 941 15 200000
4 7 920 15 200000
4 8 943 9 200000
4 9 967 8 200000
4 10 987 7 200000
4 11 946 10 200000
4 12 837 15 200000
5 6 901 24 200000
5 7 897 12 200000
5 8 893 15 200000
5 9 932 10 200000
5 10 924 12 200000
5 11 907 12 200000
5 12 856 5 200000
6 7 908 16 200000
6 8 877 10 200000
6 9 906 14 200000
6 10 883 16 200000
6 11 859 6 200000
6 12 888 9 200000
7 8 886 21 200000
7 9 867 9 200000
7 10 889 8 200000
7 11 910 12 200000
7 12 913 6 200000
8 9 921 39 200000
8 10 919 20 200000
8 11 943 11 200000
8 12 908 12 200000
9 10 886 27 200000
9 11 892 18 200000
9 12 880 16 200000
10 11 866 25 200000
10 12 872 18 200000
11 12 890 31 200000
13 14 837 23 200000
13 15 888 22 200000
13 16 905 9 200000
13 17 906 10 200000
13 18 931 7 200000
13 19 929 12 200000
13 20 906 5 200000
13 21 891 9 200000
13 22 885 10 200000
13 23 923 10 200000
13 24 921 24 200000
13 25 928 24 200000
14 15 1004 35 200000
14 16 896 16 200000
14 17 866 10 200000
14 18 879 10 200000
14 19 908 11 200000
14 20 951 10 200000
14 21 924 6 200000
14 22 930 11 200000
14 23 854 16 200000
14 24 902 9 200000
14 25 923 21 200000
15 16 925 27 200000
15 17 892 13 200000
15 18 852 7 200000
15 19 911 14 200000
15 20 904 13 200000
15 21 942 16 200000
15 22 832 7 200000
15 23 937 9 200000
15 24 909 10 200000
15 25 919 13 200000
16 17 880 20 200000
16 18 871 10 200000
16 19 889 14 200000
16 20 885 10 200000
16 21 916 9 200000
16 22 920 7 200000
16 23 862 8 200000
16 24 941 12 200000
16 25 930 10 200000
17 18 844 20 200000
17 19 896 16 200000
17 20 883 15 200000
17 21 865 10 200000
17 22 874 9 200000
17 23 902 10 200000
17 24 899 8 200000
17 25 894 10 200000
18 19 992 19 200000
18 20 913 11 200000
18 21 924 14 200000
18 22 924 16 200000
18 23 894 4 200000
18 24 865 17 200000
18 25 877 14 200000
19 20 893 23 200000
19 21 922 13 200000
19 22 909 14 200000
19 23 888 15 200000
19 24 891 7 200000
19 25 908 6 200000
20 21 850 26 200000
20 22 912 21 200000
20 23 863 11 200000
20 24 902 14 200000
20 25 848 7 200000
21 22 860 20 200000
21 23 848 15 200000
21 24 903 8 200000
21 25 884 11 200000
22 23 874 25 200000
22 24 936 12 200000
22 25 923 10 200000
23 24 899 15 200000
23 25 946 20 200000
24 25 918 24 200000
26 27 935 23 200000
26 28 913 18 200000
26 29 919 15 200000
26 30 939 10 200000
26 31 866 5 200000
26 32 881 12 200000
26 33 903 11 200000
26 34 904 12 200000
26 35 918 14 200000
26 36 906 15 200000
26 37 906 20 200000
26 38 880 20 200000
27 28 891 20 200000
27 29 948 19 200000
27 30 882 5 200000
27 31 916 15 200000
27 32 924 17 200000
27 33 904 13 200000
27 34 895 9 200000
27 35 887 15 200000
27 36 895 8 200000
27 37 870 12 200000
27 38 945 15 200000
28 29 881 20 200000
28 30 894 13 200000
28 31 902 15 200000
28 32 911 6 200000
28 33 873 9 200000
28 34 885 11 200000
28 35 875 5 200000
28 36 904 9 200000
28 37 894 7 200000
28 38 948 13 200000
29 30 911 34 200000
29 31 887 21 200000
29 32 960 10 200000
29 33 938 6 200000
29 34 917 9 200000
29 35 885 11 200000
29 36 905 9 200000
29 37 894 11 200000
29 38 926 15 200000
30 31 877 21 200000
30 32 938 16 200000
30 33 922 16 200000
30 34 905 11 200000
30 35 917 8 200000
30 36 904 8 200000
30 37 963 7 200000
30 38 912 10 200000
31 32 890 18 200000
31 33 890 15 200000
31 34 890 16 200000
31 35 880 10 200000
31 36 928 14 200000
31 37 908 9 200000
31 38 914 7 200000
32 33 910 23 200000
32 34 855 11 200000
32 35 863 15 200000
32 36 902 12 200000
32 37 945 9 200000
32 38 903 10 200000
33 34 896 25 200000
33 35 866 20 200000
33 36 894 13 200000
33 37 904 7 200000
33 38 972 9 200000
34 35 831 19 200000
34 36 848 17 200000
34 37 854 7 200000
34 38 874 10 200000
35 36 925 29 200000
35 37 878 13 200000
35 38 893 14 200000
36 37 967 21 200000
36 38 907 19 200000
37 38 899 18 200000
39 40 879 26 200000
39 41 913 20 200000
39 42 883 21 200000
39 43 882 12 200000
39 44 860 12 200000
39 45 925 19 200000
39 46 917 8 200000
39 47 885 10 200000
39 48 924 12 200000
39 49 896 15 200000
39 50 889 12 200000
39 51 930 26 200000
40 41 900 23 200000
40 42 975 20 200000
40 43 883 13 200000
40 44 876 9 200000
40 45 881 11 200000
40 46 914 7 200000
40 47 928 15 200000
40 48 909 6 200000
40 49 854 13 200000
40 50 903 6 200000
40 51 860 19 200000
41 42 935 23 200000
41 43 927 14 200000
41 44 928 7 200000
41 45 900 11 200000
41 46 900 13 200000
41 47 926 7 200000
41 48 828 9 200000
41 49 924 15 200000
41 50 911 14 200000
41 51 902 11 200000
42 43 913 24 200000
42 44 902 23 200000
42 45 930 14 200000
42 46 902 11 200000
42 47 953 8 200000
42 48 855 6 200000
42 49 886 5 200000
42 50 941 8 200000
42 51 876 12 200000
43 44 912 39 200000
43 45 938 25 200000
43 46 925 16 200000
43 47 855 7 200000
43 48 878 5 200000
43 49 946 10 200000
43 50 878 8 200000
43 51 875 15 200000
44 45 969 24 200000
44 46 900 18 200000
44 47 912 12 200000
44 48 932 13 200000
44 49 884 8 200000
44 50 842 11 200000
44 51 923 8 200000
45 46 928 24 200000
45 47 897 19 200000
45 48 885 13 200000
45 49 906 13 200000
45 50 874 13 200000
45 51 851 7 200000
46 47 937 27 200000
46 48 950 10 200000
46 49 948 15 200000
46 50 883 10 200000
46 51 972 10 200000
47 48 918 16 200000
47 49 894 16 200000
47 50 876 13 200000
47 51 864 10 200000
48 49 898 40 200000
48 50 891 17 200000
48 51 927 7 200000
49 50 880 15 200000
49 51 914 17 200000
50 51 878 20 200000
