0 1 74 3000
0 2 59 3000
0 3 32 3000
0 4 25 3000
0 5 27 3000
0 6 23 3000
0 7 31 3000
0 8 31 3000
0 9 27 3000
0 10 40 3000
0 11 42 3000
0 12 102 3000
0 13 102 3000
0 14 62 3000
0 15 37 3000
0 16 44 3000
0 17 37 3000
0 18 30 3000
0 19 32 3000
0 20 43 3000
0 21 29 3000
0 22 30 3000
0 23 38 3000
0 24 53 3000
0 25 83 3000
0 26 118 3000
0 27 74 3000
0 28 57 3000
0 29 31 3000
0 30 34 3000
0 31 31 3000
0 32 21 3000
0 33 37 3000
0 34 37 3000
0 35 38 3000
0 36 35 3000
0 37 41 3000
0 38 82 3000
0 39 120 3000
0 40 70 3000
0 41 39 3000
0 42 36 3000
0 43 43 3000
0 44 28 3000
0 45 38 3000
0 46 32 3000
0 47 32 3000
0 48 30 3000
0 49 38 3000
0 50 48 3000
0 51 81 3000
1 2 77 3000
1 3 56 3000
1 4 41 3000
1 5 44 3000
1 6 33 3000
1 7 26 3000
1 8 35 3000
1 9 30 3000
1 10 43 3000
1 11 40 3000
1 12 73 3000
1 13 84 3000
1 14 103 3000
1 15 74 3000
1 16 48 3000
1 17 42 3000
1 18 46 3000
1 19 30 3000
1 20 33 3000
1 21 33 3000
1 22 25 3000
1 23 48 3000
1 24 38 3000
1 25 59 3000
1 26 79 3000
1 27 109 3000
1 28 82 3000
1 29 38 3000
1 30 46 3000
1 31 29 3000
1 32 38 3000
1 33 32 3000
1 34 29 3000
1 35 31 3000
1 36 39 3000
1 37 47 3000
1 38 46 3000
1 39 70 3000
1 40 99 3000
1 41 84 3000
1 42 42 3000
1 43 40 3000
1 44 31 3000
1 45 32 3000
1 46 38 3000
1 47 27 3000
1 48 33 3000
1 49 35 3000
1 50 44 3000
1 51 60 3000
2 3 65 3000
2 4 54 3000
2 5 39 3000
2 6 36 3000
2 7 24 3000
2 8 37 3000
2 9 20 3000
2 10 31 3000
2 11 37 3000
2 12 53 3000
2 13 61 3000
2 14 72 3000
2 15 94 3000
2 16 79 3000
2 17 62 3000
2 18 39 3000
2 19 41 3000
2 20 38 3000
2 21 32 3000
2 22 28 3000
2 23 29 3000
2 24 33 3000
2 25 42 3000
2 26 52 3000
2 27 80 3000
2 28 124 3000
2 29 69 3000
2 30 45 3000
2 31 35 3000
2 32 29 3000
2 33 42 3000
2 34 35 3000
2 35 27 3000
2 36 41 3000
2 37 28 3000
2 38 39 3000
2 39 57 3000
2 40 68 3000
2 41 104 3000
2 42 72 3000
2 43 57 3000
2 44 31 3000
2 45 41 3000
2 46 23 3000
2 47 23 3000
2 48 20 3000
2 49 32 3000
2 50 29 3000
2 51 45 3000
3 4 55 3000
3 5 43 3000
3 6 36 3000
3 7 39 3000
3 8 39 3000
3 9 28 3000
3 10 37 3000
3 11 24 3000
3 12 39 3000
3 13 36 3000
3 14 41 3000
3 15 66 3000
3 16 111 3000
3 17 70 3000
3 18 54 3000
3 19 34 3000
3 20 32 3000
3 21 27 3000
3 22 22 3000
3 23 28 3000
3 24 27 3000
3 25 31 3000
3 26 38 3000
3 27 45 3000
3 28 79 3000
3 29 100 3000
3 30 73 3000
3 31 50 3000
3 32 38 3000
3 33 33 3000
3 34 35 3000
3 35 32 3000
3 36 34 3000
3 37 39 3000
3 38 28 3000
3 39 40 3000
3 40 56 3000
3 41 74 3000
3 42 122 3000
3 43 72 3000
3 44 43 3000
3 45 41 3000
3 46 30 3000
3 47 22 3000
3 48 23 3000
3 49 30 3000
3 50 25 3000
3 51 39 3000
4 5 79 3000
4 6 39 3000
4 7 39 3000
4 8 35 3000
4 9 34 3000
4 10 32 3000
4 11 37 3000
4 12 35 3000
4 13 41 3000
4 14 35 3000
4 15 46 3000
4 16 83 3000
4 17 111 3000
4 18 63 3000
4 19 56 3000
4 20 40 3000
4 21 33 3000
4 22 31 3000
4 23 31 3000
4 24 31 3000
4 25 39 3000
4 26 31 3000
4 27 48 3000
4 28 37 3000
4 29 81 3000
4 30 112 3000
4 31 71 3000
4 32 53 3000
4 33 46 3000
4 34 39 3000
4 35 28 3000
4 36 22 3000
4 37 34 3000
4 38 27 3000
4 39 39 3000
4 40 44 3000
4 41 46 3000
4 42 72 3000
4 43 128 3000
4 44 74 3000
4 45 50 3000
4 46 34 3000
4 47 38 3000
4 48 29 3000
4 49 38 3000
4 50 16 3000
4 51 24 3000
5 6 65 3000
5 7 52 3000
5 8 53 3000
5 9 28 3000
5 10 19 3000
5 11 30 3000
5 12 35 3000
5 13 43 3000
5 14 35 3000
5 15 29 3000
5 16 50 3000
5 17 79 3000
5 18 132 3000
5 19 77 3000
5 20 48 3000
5 21 27 3000
5 22 31 3000
5 23 38 3000
5 24 31 3000
5 25 33 3000
5 26 28 3000
5 27 25 3000
5 28 34 3000
5 29 42 3000
5 30 65 3000
5 31 104 3000
5 32 56 3000
5 33 56 3000
5 34 37 3000
5 35 27 3000
5 36 37 3000
5 37 35 3000
5 38 23 3000
5 39 26 3000
5 40 31 3000
5 41 31 3000
5 42 34 3000
5 43 64 3000
5 44 82 3000
5 45 71 3000
5 46 45 3000
5 47 34 3000
5 48 30 3000
5 49 34 3000
5 50 21 3000
5 51 33 3000
6 7 56 3000
6 8 48 3000
6 9 28 3000
6 10 43 3000
6 11 21 3000
6 12 37 3000
6 13 34 3000
6 14 30 3000
6 15 25 3000
6 16 36 3000
6 17 46 3000
6 18 65 3000
6 19 99 3000
6 20 64 3000
6 21 43 3000
6 22 42 3000
6 23 29 3000
6 24 25 3000
6 25 27 3000
6 26 25 3000
6 27 30 3000
6 28 43 3000
6 29 39 3000
6 30 50 3000
6 31 77 3000
6 32 107 3000
6 33 66 3000
6 34 54 3000
6 35 40 3000
6 36 33 3000
6 37 25 3000
6 38 28 3000
6 39 34 3000
6 40 30 3000
6 41 33 3000
6 42 33 3000
6 43 44 3000
6 44 71 3000
6 45 104 3000
6 46 68 3000
6 47 42 3000
6 48 35 3000
6 49 30 3000
6 50 28 3000
6 51 26 3000
7 8 70 3000
7 9 46 3000
7 10 43 3000
7 11 29 3000
7 12 34 3000
7 13 30 3000
7 14 40 3000
7 15 33 3000
7 16 30 3000
7 17 34 3000
7 18 56 3000
7 19 65 3000
7 20 96 3000
7 21 55 3000
7 22 49 3000
7 23 44 3000
7 24 34 3000
7 25 22 3000
7 26 23 3000
7 27 35 3000
7 28 33 3000
7 29 26 3000
7 30 37 3000
7 31 42 3000
7 32 56 3000
7 33 114 3000
7 34 66 3000
7 35 40 3000
7 36 37 3000
7 37 43 3000
7 38 38 3000
7 39 34 3000
7 40 33 3000
7 41 27 3000
7 42 28 3000
7 43 36 3000
7 44 50 3000
7 45 71 3000
7 46 98 3000
7 47 64 3000
7 48 45 3000
7 49 40 3000
7 50 29 3000
7 51 40 3000
8 9 66 3000
8 10 52 3000
8 11 35 3000
8 12 47 3000
8 13 37 3000
8 14 32 3000
8 15 28 3000
8 16 33 3000
8 17 37 3000
8 18 42 3000
8 19 54 3000
8 20 75 3000
8 21 111 3000
8 22 73 3000
8 23 42 3000
8 24 41 3000
8 25 39 3000
8 26 27 3000
8 27 36 3000
8 28 27 3000
8 29 26 3000
8 30 31 3000
8 31 35 3000
8 32 54 3000
8 33 60 3000
8 34 104 3000
8 35 62 3000
8 36 56 3000
8 37 43 3000
8 38 28 3000
8 39 34 3000
8 40 28 3000
8 41 36 3000
8 42 25 3000
8 43 40 3000
8 44 40 3000
8 45 44 3000
8 46 66 3000
8 47 115 3000
8 48 57 3000
8 49 52 3000
8 50 32 3000
8 51 40 3000
9 10 73 3000
9 11 44 3000
9 12 43 3000
9 13 33 3000
9 14 37 3000
9 15 27 3000
9 16 33 3000
9 17 37 3000
9 18 27 3000
9 19 34 3000
9 20 40 3000
9 21 69 3000
9 22 119 3000
9 23 65 3000
9 24 46 3000
9 25 29 3000
9 26 24 3000
9 27 22 3000
9 28 33 3000
9 29 21 3000
9 30 19 3000
9 31 37 3000
9 32 39 3000
9 33 43 3000
9 34 58 3000
9 35 105 3000
9 36 74 3000
9 37 42 3000
9 38 34 3000
9 39 27 3000
9 40 26 3000
9 41 22 3000
9 42 35 3000
9 43 31 3000
9 44 37 3000
9 45 32 3000
9 46 44 3000
9 47 65 3000
9 48 95 3000
9 49 59 3000
9 50 42 3000
9 51 38 3000
10 11 74 3000
10 12 68 3000
10 13 29 3000
10 14 30 3000
10 15 40 3000
10 16 25 3000
10 17 31 3000
10 18 35 3000
10 19 46 3000
10 20 34 3000
10 21 32 3000
10 22 71 3000
10 23 120 3000
10 24 73 3000
10 25 59 3000
10 26 59 3000
10 27 36 3000
10 28 25 3000
10 29 23 3000
10 30 29 3000
10 31 38 3000
10 32 26 3000
10 33 40 3000
10 34 51 3000
10 35 75 3000
10 36 101 3000
10 37 74 3000
10 38 72 3000
10 39 42 3000
10 40 31 3000
10 41 20 3000
10 42 23 3000
10 43 15 3000
10 44 27 3000
10 45 40 3000
10 46 41 3000
10 47 44 3000
10 48 85 3000
10 49 113 3000
10 50 74 3000
10 51 56 3000
11 12 101 3000
11 13 59 3000
11 14 40 3000
11 15 26 3000
11 16 39 3000
11 17 25 3000
11 18 31 3000
11 19 28 3000
11 20 33 3000
11 21 39 3000
11 22 40 3000
11 23 71 3000
11 24 99 3000
11 25 56 3000
11 26 42 3000
11 27 43 3000
11 28 40 3000
11 29 28 3000
11 30 26 3000
11 31 28 3000
11 32 36 3000
11 33 33 3000
11 34 42 3000
11 35 40 3000
11 36 74 3000
11 37 89 3000
11 38 70 3000
11 39 59 3000
11 40 26 3000
11 41 32 3000
11 42 34 3000
11 43 33 3000
11 44 28 3000
11 45 28 3000
11 46 33 3000
11 47 35 3000
11 48 40 3000
11 49 74 3000
11 50 93 3000
11 51 85 3000
12 13 97 3000
12 14 60 3000
12 15 42 3000
12 16 35 3000
12 17 38 3000
12 18 38 3000
12 19 26 3000
12 20 46 3000
12 21 43 3000
12 22 52 3000
12 23 64 3000
12 24 74 3000
12 25 153 3000
12 26 97 3000
12 27 70 3000
12 28 45 3000
12 29 37 3000
12 30 36 3000
12 31 29 3000
12 32 32 3000
12 33 36 3000
12 34 25 3000
12 35 43 3000
12 36 47 3000
12 37 84 3000
12 38 149 3000
12 39 96 3000
12 40 48 3000
12 41 35 3000
12 42 42 3000
12 43 39 3000
12 44 27 3000
12 45 39 3000
12 46 34 3000
12 47 37 3000
12 48 55 3000
12 49 60 3000
12 50 92 3000
12 51 142 3000
13 14 85 3000
13 15 52 3000
13 16 33 3000
13 17 37 3000
13 18 32 3000
13 19 33 3000
13 20 35 3000
13 21 25 3000
13 22 37 3000
13 23 38 3000
13 24 46 3000
13 25 80 3000
13 26 112 3000
13 27 69 3000
13 28 61 3000
13 29 33 3000
13 30 37 3000
13 31 27 3000
13 32 22 3000
13 33 33 3000
13 34 33 3000
13 35 26 3000
13 36 42 3000
13 37 56 3000
13 38 82 3000
13 39 116 3000
13 40 75 3000
13 41 41 3000
13 42 42 3000
13 43 33 3000
13 44 21 3000
13 45 19 3000
13 46 30 3000
13 47 28 3000
13 48 34 3000
13 49 39 3000
13 50 53 3000
13 51 90 3000
14 15 81 3000
14 16 54 3000
14 17 41 3000
14 18 32 3000
14 19 23 3000
14 20 21 3000
14 21 29 3000
14 22 31 3000
14 23 26 3000
14 24 32 3000
14 25 56 3000
14 26 79 3000
14 27 122 3000
14 28 71 3000
14 29 50 3000
14 30 43 3000
14 31 32 3000
14 32 28 3000
14 33 24 3000
14 34 23 3000
14 35 34 3000
14 36 27 3000
14 37 32 3000
14 38 58 3000
14 39 65 3000
14 40 107 3000
14 41 63 3000
14 42 48 3000
14 43 45 3000
14 44 32 3000
14 45 33 3000
14 46 25 3000
14 47 26 3000
14 48 35 3000
14 49 29 3000
14 50 44 3000
14 51 58 3000
15 16 72 3000
15 17 54 3000
15 18 33 3000
15 19 35 3000
15 20 33 3000
15 21 17 3000
15 22 27 3000
15 23 26 3000
15 24 26 3000
15 25 33 3000
15 26 49 3000
15 27 71 3000
15 28 107 3000
15 29 67 3000
15 30 45 3000
15 31 38 3000
15 32 31 3000
15 33 33 3000
15 34 23 3000
15 35 17 3000
15 36 32 3000
15 37 19 3000
15 38 46 3000
15 39 53 3000
15 40 64 3000
15 41 113 3000
15 42 57 3000
15 43 51 3000
15 44 34 3000
15 45 37 3000
15 46 29 3000
15 47 28 3000
15 48 21 3000
15 49 30 3000
15 50 37 3000
15 51 50 3000
16 17 86 3000
16 18 60 3000
16 19 41 3000
16 20 34 3000
16 21 25 3000
16 22 34 3000
16 23 30 3000
16 24 30 3000
16 25 35 3000
16 26 46 3000
16 27 57 3000
16 28 72 3000
16 29 109 3000
16 30 57 3000
16 31 48 3000
16 32 45 3000
16 33 29 3000
16 34 23 3000
16 35 21 3000
16 36 32 3000
16 37 28 3000
16 38 35 3000
16 39 36 3000
16 40 41 3000
16 41 55 3000
16 42 107 3000
16 43 71 3000
16 44 36 3000
16 45 42 3000
16 46 34 3000
16 47 34 3000
16 48 29 3000
16 49 29 3000
16 50 38 3000
16 51 29 3000
17 18 74 3000
17 19 38 3000
17 20 37 3000
17 21 36 3000
17 22 36 3000
17 23 29 3000
17 24 23 3000
17 25 23 3000
17 26 29 3000
17 27 35 3000
17 28 48 3000
17 29 80 3000
17 30 100 3000
17 31 62 3000
17 32 49 3000
17 33 40 3000
17 34 34 3000
17 35 19 3000
17 36 26 3000
17 37 30 3000
17 38 44 3000
17 39 44 3000
17 40 38 3000
17 41 47 3000
17 42 72 3000
17 43 111 3000
17 44 74 3000
17 45 46 3000
17 46 32 3000
17 47 23 3000
17 48 35 3000
17 49 19 3000
17 50 44 3000
17 51 28 3000
18 19 66 3000
18 20 38 3000
18 21 38 3000
18 22 30 3000
18 23 25 3000
18 24 30 3000
18 25 22 3000
18 26 34 3000
18 27 40 3000
18 28 48 3000
18 29 52 3000
18 30 67 3000
18 31 106 3000
18 32 69 3000
18 33 44 3000
18 34 42 3000
18 35 27 3000
18 36 30 3000
18 37 27 3000
18 38 33 3000
18 39 29 3000
18 40 34 3000
18 41 36 3000
18 42 34 3000
18 43 81 3000
18 44 98 3000
18 45 64 3000
18 46 44 3000
18 47 38 3000
18 48 28 3000
18 49 30 3000
18 50 32 3000
18 51 23 3000
19 20 80 3000
19 21 53 3000
19 22 42 3000
19 23 32 3000
19 24 25 3000
19 25 24 3000
19 26 29 3000
19 27 29 3000
19 28 34 3000
19 29 35 3000
19 30 46 3000
19 31 61 3000
19 32 83 3000
19 33 69 3000
19 34 48 3000
19 35 26 3000
19 36 26 3000
19 37 29 3000
19 38 19 3000
19 39 32 3000
19 40 25 3000
19 41 40 3000
19 42 39 3000
19 43 46 3000
19 44 70 3000
19 45 104 3000
19 46 59 3000
19 47 38 3000
19 48 39 3000
19 49 35 3000
19 50 25 3000
19 51 23 3000
20 21 76 3000
20 22 41 3000
20 23 30 3000
20 24 24 3000
20 25 32 3000
20 26 23 3000
20 27 37 3000
20 28 35 3000
20 29 34 3000
20 30 36 3000
20 31 45 3000
20 32 64 3000
20 33 119 3000
20 34 83 3000
20 35 43 3000
20 36 48 3000
20 37 37 3000
20 38 36 3000
20 39 21 3000
20 40 31 3000
20 41 31 3000
20 42 38 3000
20 43 36 3000
20 44 42 3000
20 45 68 3000
20 46 115 3000
20 47 74 3000
20 48 56 3000
20 49 33 3000
20 50 44 3000
20 51 33 3000
21 22 72 3000
21 23 38 3000
21 24 38 3000
21 25 32 3000
21 26 25 3000
21 27 35 3000
21 28 32 3000
21 29 16 3000
21 30 33 3000
21 31 39 3000
21 32 46 3000
21 33 78 3000
21 34 91 3000
21 35 62 3000
21 36 43 3000
21 37 38 3000
21 38 30 3000
21 39 29 3000
21 40 26 3000
21 41 37 3000
21 42 25 3000
21 43 27 3000
21 44 45 3000
21 45 46 3000
21 46 68 3000
21 47 111 3000
21 48 67 3000
21 49 46 3000
21 50 44 3000
21 51 31 3000
22 23 67 3000
22 24 46 3000
22 25 37 3000
22 26 23 3000
22 27 32 3000
22 28 28 3000
22 29 33 3000
22 30 26 3000
22 31 35 3000
22 32 33 3000
22 33 55 3000
22 34 67 3000
22 35 91 3000
22 36 79 3000
22 37 55 3000
22 38 30 3000
22 39 38 3000
22 40 23 3000
22 41 33 3000
22 42 32 3000
22 43 34 3000
22 44 35 3000
22 45 41 3000
22 46 46 3000
22 47 68 3000
22 48 94 3000
22 49 72 3000
22 50 37 3000
22 51 35 3000
23 24 97 3000
23 25 48 3000
23 26 41 3000
23 27 21 3000
23 28 34 3000
23 29 34 3000
23 30 23 3000
23 31 40 3000
23 32 41 3000
23 33 42 3000
23 34 51 3000
23 35 71 3000
23 36 99 3000
23 37 65 3000
23 38 37 3000
23 39 37 3000
23 40 33 3000
23 41 26 3000
23 42 24 3000
23 43 34 3000
23 44 24 3000
23 45 33 3000
23 46 29 3000
23 47 35 3000
23 48 85 3000
23 49 106 3000
23 50 74 3000
23 51 62 3000
24 25 76 3000
24 26 47 3000
24 27 46 3000
24 28 39 3000
24 29 26 3000
24 30 19 3000
24 31 21 3000
24 32 30 3000
24 33 35 3000
24 34 31 3000
24 35 53 3000
24 36 69 3000
24 37 104 3000
24 38 61 3000
24 39 59 3000
24 40 47 3000
24 41 30 3000
24 42 31 3000
24 43 32 3000
24 44 32 3000
24 45 34 3000
24 46 32 3000
24 47 32 3000
24 48 45 3000
24 49 72 3000
24 50 100 3000
24 51 74 3000
25 26 67 3000
25 27 50 3000
25 28 46 3000
25 29 37 3000
25 30 34 3000
25 31 33 3000
25 32 19 3000
25 33 29 3000
25 34 40 3000
25 35 30 3000
25 36 49 3000
25 37 78 3000
25 38 92 3000
25 39 87 3000
25 40 50 3000
25 41 33 3000
25 42 28 3000
25 43 34 3000
25 44 25 3000
25 45 27 3000
25 46 30 3000
25 47 28 3000
25 48 49 3000
25 49 47 3000
25 50 69 3000
25 51 115 3000
26 27 77 3000
26 28 57 3000
26 29 40 3000
26 30 23 3000
26 31 22 3000
26 32 32 3000
26 33 25 3000
26 34 39 3000
26 35 27 3000
26 36 37 3000
26 37 53 3000
26 38 76 3000
26 39 110 3000
26 40 78 3000
26 41 49 3000
26 42 37 3000
26 43 38 3000
26 44 27 3000
26 45 35 3000
26 46 27 3000
26 47 41 3000
26 48 32 3000
26 49 43 3000
26 50 50 3000
26 51 96 3000
27 28 82 3000
27 29 47 3000
27 30 42 3000
27 31 39 3000
27 32 29 3000
27 33 31 3000
27 34 26 3000
27 35 30 3000
27 36 38 3000
27 37 53 3000
27 38 59 3000
27 39 76 3000
27 40 111 3000
27 41 73 3000
27 42 53 3000
27 43 43 3000
27 44 27 3000
27 45 30 3000
27 46 26 3000
27 47 27 3000
27 48 35 3000
27 49 35 3000
27 50 37 3000
27 51 71 3000
28 29 83 3000
28 30 54 3000
28 31 42 3000
28 32 26 3000
28 33 34 3000
28 34 27 3000
28 35 27 3000
28 36 40 3000
28 37 44 3000
28 38 40 3000
28 39 62 3000
28 40 65 3000
28 41 91 3000
28 42 67 3000
28 43 54 3000
28 44 45 3000
28 45 39 3000
28 46 34 3000
28 47 30 3000
28 48 21 3000
28 49 31 3000
28 50 31 3000
28 51 52 3000
29 30 71 3000
29 31 43 3000
29 32 29 3000
29 33 31 3000
29 34 24 3000
29 35 29 3000
29 36 26 3000
29 37 30 3000
29 38 28 3000
29 39 41 3000
29 40 52 3000
29 41 55 3000
29 42 98 3000
29 43 78 3000
29 44 40 3000
29 45 43 3000
29 46 35 3000
29 47 25 3000
29 48 26 3000
29 49 25 3000
29 50 30 3000
29 51 51 3000
30 31 73 3000
30 32 53 3000
30 33 26 3000
30 34 30 3000
30 35 26 3000
30 36 38 3000
30 37 26 3000
30 38 41 3000
30 39 25 3000
30 40 34 3000
30 41 49 3000
30 42 65 3000
30 43 109 3000
30 44 86 3000
30 45 39 3000
30 46 38 3000
30 47 35 3000
30 48 28 3000
30 49 24 3000
30 50 19 3000
30 51 35 3000
31 32 78 3000
31 33 57 3000
31 34 34 3000
31 35 25 3000
31 36 38 3000
31 37 23 3000
31 38 38 3000
31 39 26 3000
31 40 36 3000
31 41 34 3000
31 42 57 3000
31 43 77 3000
31 44 97 3000
31 45 61 3000
31 46 48 3000
31 47 45 3000
31 48 32 3000
31 49 24 3000
31 50 26 3000
31 51 26 3000
32 33 69 3000
32 34 52 3000
32 35 43 3000
32 36 26 3000
32 37 27 3000
32 38 29 3000
32 39 25 3000
32 40 27 3000
32 41 37 3000
32 42 38 3000
32 43 51 3000
32 44 72 3000
32 45 102 3000
32 46 68 3000
32 47 52 3000
32 48 41 3000
32 49 36 3000
32 50 30 3000
32 51 31 3000
33 34 77 3000
33 35 45 3000
33 36 42 3000
33 37 33 3000
33 38 25 3000
33 39 30 3000
33 40 32 3000
33 41 24 3000
33 42 29 3000
33 43 39 3000
33 44 47 3000
33 45 81 3000
33 46 104 3000
33 47 80 3000
33 48 55 3000
33 49 50 3000
33 50 34 3000
33 51 41 3000
34 35 63 3000
34 36 54 3000
34 37 50 3000
34 38 32 3000
34 39 38 3000
34 40 23 3000
34 41 23 3000
34 42 24 3000
34 43 33 3000
34 44 40 3000
34 45 52 3000
34 46 61 3000
34 47 106 3000
34 48 65 3000
34 49 55 3000
34 50 30 3000
34 51 34 3000
35 36 73 3000
35 37 38 3000
35 38 43 3000
35 39 26 3000
35 40 27 3000
35 41 23 3000
35 42 19 3000
35 43 22 3000
35 44 33 3000
35 45 37 3000
35 46 44 3000
35 47 69 3000
35 48 111 3000
35 49 64 3000
35 50 47 3000
35 51 43 3000
36 37 73 3000
36 38 58 3000
36 39 49 3000
36 40 33 3000
36 41 26 3000
36 42 34 3000
36 43 31 3000
36 44 26 3000
36 45 30 3000
36 46 37 3000
36 47 29 3000
36 48 84 3000
36 49 105 3000
36 50 62 3000
36 51 61 3000
37 38 59 3000
37 39 49 3000
37 40 52 3000
37 41 29 3000
37 42 21 3000
37 43 25 3000
37 44 37 3000
37 45 23 3000
37 46 32 3000
37 47 42 3000
37 48 36 3000
37 49 83 3000
37 50 101 3000
37 51 69 3000
38 39 67 3000
38 40 52 3000
38 41 44 3000
38 42 38 3000
38 43 27 3000
38 44 26 3000
38 45 38 3000
38 46 47 3000
38 47 34 3000
38 48 43 3000
38 49 46 3000
38 50 84 3000
38 51 97 3000
39 40 74 3000
39 41 47 3000
39 42 45 3000
39 43 29 3000
39 44 26 3000
39 45 27 3000
39 46 31 3000
39 47 29 3000
39 48 35 3000
39 49 38 3000
39 50 51 3000
39 51 98 3000
40 41 76 3000
40 42 40 3000
40 43 46 3000
40 44 40 3000
40 45 26 3000
40 46 36 3000
40 47 18 3000
40 48 32 3000
40 49 35 3000
40 50 43 3000
40 51 56 3000
41 42 57 3000
41 43 59 3000
41 44 50 3000
41 45 47 3000
41 46 29 3000
41 47 18 3000
41 48 21 3000
41 49 29 3000
41 50 41 3000
41 51 37 3000
42 43 78 3000
42 44 54 3000
42 45 36 3000
42 46 24 3000
42 47 32 3000
42 48 38 3000
42 49 30 3000
42 50 22 3000
42 51 28 3000
43 44 77 3000
43 45 53 3000
43 46 43 3000
43 47 38 3000
43 48 35 3000
43 49 30 3000
43 50 34 3000
43 51 28 3000
44 45 79 3000
44 46 47 3000
44 47 37 3000
44 48 23 3000
44 49 33 3000
44 50 26 3000
44 51 19 3000
45 46 69 3000
45 47 53 3000
45 48 34 3000
45 49 43 3000
45 50 33 3000
45 51 31 3000
46 47 80 3000
46 48 48 3000
46 49 34 3000
46 50 41 3000
46 51 22 3000
47 48 66 3000
47 49 56 3000
47 50 25 3000
47 51 32 3000
48 49 73 3000
48 50 45 3000
48 51 40 3000
49 50 62 3000
49 51 56 3000
50 51 68 3000
