0 1 191 3000
0 2 120 3000
0 3 75 3000
0 4 47 3000
0 5 37 3000
0 6 29 3000
0 7 43 3000
0 8 41 3000
0 9 55 3000
0 10 71 3000
0 11 93 3000
0 12 255 3000
0 13 41 3000
0 14 22 3000
0 15 14 3000
0 16 22 3000
0 17 25 3000
0 18 10 3000
0 19 15 3000
0 20 13 3000
0 21 13 3000
0 22 16 3000
0 23 15 3000
0 24 18 3000
0 25 28 3000
0 26 27 3000
0 27 20 3000
0 28 14 3000
0 29 12 3000
0 30 11 3000
0 31 10 3000
0 32 7 3000
0 33 8 3000
0 34 8 3000
0 35 9 3000
0 36 12 3000
0 37 7 3000
0 38 23 3000
0 39 32 3000
0 40 22 3000
0 41 19 3000
0 42 8 3000
0 43 19 3000
0 44 8 3000
0 45 15 3000
0 46 14 3000
0 47 10 3000
0 48 10 3000
0 49 16 3000
0 50 19 3000
0 51 31 3000
1 2 180 3000
1 3 97 3000
1 4 60 3000
1 5 49 3000
1 6 46 3000
1 7 40 3000
1 8 48 3000
1 9 46 3000
1 10 59 3000
1 11 65 3000
1 12 146 3000
1 13 31 3000
1 14 46 3000
1 15 27 3000
1 16 20 3000
1 17 16 3000
1 18 22 3000
1 19 11 3000
1 20 15 3000
1 21 13 3000
1 22 17 3000
1 23 19 3000
1 24 23 3000
1 25 24 3000
1 26 21 3000
1 27 31 3000
1 28 28 3000
1 29 7 3000
1 30 8 3000
1 31 8 3000
1 32 14 3000
1 33 12 3000
1 34 9 3000
1 35 7 3000
1 36 18 3000
1 37 18 3000
1 38 19 3000
1 39 29 3000
1 40 32 3000
1 41 21 3000
1 42 15 3000
1 43 13 3000
1 44 15 3000
1 45 10 3000
1 46 11 3000
1 47 12 3000
1 48 16 3000
1 49 8 3000
1 50 17 3000
1 51 26 3000
2 3 155 3000
2 4 94 3000
2 5 65 3000
2 6 57 3000
2 7 35 3000
2 8 42 3000
2 9 40 3000
2 10 42 3000
2 11 56 3000
2 12 86 3000
2 13 22 3000
2 14 25 3000
2 15 45 3000
2 16 32 3000
2 17 29 3000
2 18 10 3000
2 19 17 3000
2 20 15 3000
2 21 18 3000
2 22 14 3000
2 23 18 3000
2 24 15 3000
2 25 20 3000
2 26 20 3000
2 27 20 3000
2 28 39 3000
2 29 14 3000
2 30 18 3000
2 31 15 3000
2 32 9 3000
2 33 11 3000
2 34 9 3000
2 35 10 3000
2 36 12 3000
2 37 6 3000
2 38 19 3000
2 39 16 3000
2 40 26 3000
2 41 26 3000
2 42 27 3000
2 43 18 3000
2 44 10 3000
2 45 18 3000
2 46 14 3000
2 47 8 3000
2 48 10 3000
2 49 10 3000
2 50 5 3000
2 51 18 3000
3 4 154 3000
3 5 79 3000
3 6 50 3000
3 7 41 3000
3 8 47 3000
3 9 33 3000
3 10 44 3000
3 11 55 3000
3 12 63 3000
3 13 15 3000
3 14 20 3000
3 15 30 3000
3 16 39 3000
3 17 24 3000
3 18 24 3000
3 19 16 3000
3 20 18 3000
3 21 10 3000
3 22 12 3000
3 23 14 3000
3 24 13 3000
3 25 20 3000
3 26 13 3000
3 27 13 3000
3 28 17 3000
3 29 23 3000
3 30 23 3000
3 31 17 3000
3 32 9 3000
3 33 10 3000
3 34 14 3000
3 35 10 3000
3 36 14 3000
3 37 8 3000
3 38 6 3000
3 39 14 3000
3 40 20 3000
3 41 25 3000
3 42 41 3000
3 43 22 3000
3 44 14 3000
3 45 23 3000
3 46 9 3000
3 47 13 3000
3 48 10 3000
3 49 13 3000
3 50 11 3000
3 51 20 3000
4 5 165 3000
4 6 80 3000
4 7 59 3000
4 8 50 3000
4 9 40 3000
4 10 47 3000
4 11 46 3000
4 12 58 3000
4 13 17 3000
4 14 12 3000
4 15 23 3000
4 16 26 3000
4 17 57 3000
4 18 19 3000
4 19 24 3000
4 20 19 3000
4 21 10 3000
4 22 14 3000
4 23 19 3000
4 24 18 3000
4 25 20 3000
4 26 10 3000
4 27 10 3000
4 28 12 3000
4 29 18 3000
4 30 38 3000
4 31 25 3000
4 32 14 3000
4 33 12 3000
4 34 11 3000
4 35 14 3000
4 36 4 3000
4 37 9 3000
4 38 11 3000
4 39 18 3000
4 40 23 3000
4 41 15 3000
4 42 19 3000
4 43 46 3000
4 44 21 3000
4 45 15 3000
4 46 11 3000
4 47 15 3000
4 48 4 3000
4 49 10 3000
4 50 8 3000
4 51 12 3000
5 6 149 3000
5 7 80 3000
5 8 54 3000
5 9 48 3000
5 10 35 3000
5 11 36 3000
5 12 39 3000
5 13 17 3000
5 14 12 3000
5 15 15 3000
5 16 14 3000
5 17 30 3000
5 18 57 3000
5 19 26 3000
5 20 13 3000
5 21 7 3000
5 22 21 3000
5 23 18 3000
5 24 12 3000
5 25 10 3000
5 26 16 3000
5 27 9 3000
5 28 10 3000
5 29 8 3000
5 30 13 3000
5 31 37 3000
5 32 9 3000
5 33 10 3000
5 34 14 3000
5 35 6 3000
5 36 9 3000
5 37 8 3000
5 38 8 3000
5 39 12 3000
5 40 16 3000
5 41 12 3000
5 42 19 3000
5 43 20 3000
5 44 40 3000
5 45 22 3000
5 46 18 3000
5 47 7 3000
5 48 13 3000
5 49 17 3000
5 50 11 3000
5 51 15 3000
6 7 127 3000
6 8 90 3000
6 9 30 3000
6 10 49 3000
6 11 43 3000
6 12 39 3000
6 13 10 3000
6 14 18 3000
6 15 16 3000
6 16 14 3000
6 17 16 3000
6 18 25 3000
6 19 48 3000
6 20 17 3000
6 21 12 3000
6 22 20 3000
6 23 19 3000
6 24 13 3000
6 25 13 3000
6 26 5 3000
6 27 7 3000
6 28 14 3000
6 29 9 3000
6 30 20 3000
6 31 17 3000
6 32 30 3000
6 33 22 3000
6 34 18 3000
6 35 9 3000
6 36 7 3000
6 37 7 3000
6 38 1 3000
6 39 12 3000
6 40 17 3000
6 41 12 3000
6 42 15 3000
6 43 14 3000
6 44 18 3000
6 45 53 3000
6 46 25 3000
6 47 16 3000
6 48 9 3000
6 49 15 3000
6 50 8 3000
6 51 9 3000
7 8 146 3000
7 9 68 3000
7 10 65 3000
7 11 39 3000
7 12 43 3000
7 13 13 3000
7 14 13 3000
7 15 13 3000
7 16 8 3000
7 17 10 3000
7 18 20 3000
7 19 25 3000
7 20 35 3000
7 21 19 3000
7 22 20 3000
7 23 11 3000
7 24 7 3000
7 25 8 3000
7 26 8 3000
7 27 10 3000
7 28 10 3000
7 29 10 3000
7 30 8 3000
7 31 6 3000
7 32 14 3000
7 33 30 3000
7 34 19 3000
7 35 14 3000
7 36 9 3000
7 37 7 3000
7 38 7 3000
7 39 7 3000
7 40 15 3000
7 41 7 3000
7 42 9 3000
7 43 18 3000
7 44 20 3000
7 45 21 3000
7 46 33 3000
7 47 11 3000
7 48 17 3000
7 49 10 3000
7 50 11 3000
7 51 19 3000
8 9 157 3000
8 10 91 3000
8 11 51 3000
8 12 54 3000
8 13 19 3000
8 14 15 3000
8 15 15 3000
8 16 18 3000
8 17 21 3000
8 18 25 3000
8 19 23 3000
8 20 30 3000
8 21 54 3000
8 22 34 3000
8 23 20 3000
8 24 15 3000
8 25 12 3000
8 26 5 3000
8 27 7 3000
8 28 6 3000
8 29 10 3000
8 30 12 3000
8 31 11 3000
8 32 17 3000
8 33 16 3000
8 34 33 3000
8 35 14 3000
8 36 15 3000
8 37 15 3000
8 38 4 3000
8 39 11 3000
8 40 13 3000
8 41 12 3000
8 42 11 3000
8 43 17 3000
8 44 15 3000
8 45 17 3000
8 46 22 3000
8 47 42 3000
8 48 15 3000
8 49 14 3000
8 50 17 3000
8 51 18 3000
9 10 143 3000
9 11 66 3000
9 12 54 3000
9 13 22 3000
9 14 15 3000
9 15 5 3000
9 16 10 3000
9 17 12 3000
9 18 7 3000
9 19 15 3000
9 20 18 3000
9 21 27 3000
9 22 44 3000
9 23 24 3000
9 24 13 3000
9 25 11 3000
9 26 11 3000
9 27 8 3000
9 28 10 3000
9 29 8 3000
9 30 6 3000
9 31 12 3000
9 32 9 3000
9 33 13 3000
9 34 13 3000
9 35 24 3000
9 36 16 3000
9 37 8 3000
9 38 11 3000
9 39 5 3000
9 40 15 3000
9 41 6 3000
9 42 9 3000
9 43 15 3000
9 44 15 3000
9 45 6 3000
9 46 12 3000
9 47 23 3000
9 48 42 3000
9 49 19 3000
9 50 13 3000
9 51 13 3000
10 11 151 3000
10 12 88 3000
10 13 15 3000
10 14 18 3000
10 15 24 3000
10 16 16 3000
10 17 17 3000
10 18 16 3000
10 19 20 3000
10 20 10 3000
10 21 15 3000
10 22 31 3000
10 23 61 3000
10 24 27 3000
10 25 17 3000
10 26 16 3000
10 27 9 3000
10 28 12 3000
10 29 9 3000
10 30 5 3000
10 31 14 3000
10 32 8 3000
10 33 3 3000
10 34 9 3000
10 35 17 3000
10 36 40 3000
10 37 23 3000
10 38 12 3000
10 39 15 3000
10 40 16 3000
10 41 6 3000
10 42 9 3000
10 43 10 3000
10 44 12 3000
10 45 9 3000
10 46 9 3000
10 47 13 3000
10 48 26 3000
10 49 47 3000
10 50 24 3000
10 51 18 3000
11 12 153 3000
11 13 25 3000
11 14 17 3000
11 15 13 3000
11 16 18 3000
11 17 14 3000
11 18 17 3000
11 19 11 3000
11 20 14 3000
11 21 19 3000
11 22 14 3000
11 23 24 3000
11 24 46 3000
11 25 24 3000
11 26 10 3000
11 27 12 3000
11 28 8 3000
11 29 13 3000
11 30 8 3000
11 31 8 3000
11 32 9 3000
11 33 10 3000
11 34 12 3000
11 35 13 3000
11 36 20 3000
11 37 32 3000
11 38 16 3000
11 39 24 3000
11 40 9 3000
11 41 11 3000
11 42 9 3000
11 43 16 3000
11 44 9 3000
11 45 9 3000
11 46 8 3000
11 47 10 3000
11 48 11 3000
11 49 21 3000
11 50 30 3000
11 51 25 3000
12 13 33 3000
12 14 22 3000
12 15 15 3000
12 16 22 3000
12 17 29 3000
12 18 21 3000
12 19 7 3000
12 20 12 3000
12 21 16 3000
12 22 19 3000
12 23 25 3000
12 24 24 3000
12 25 39 3000
12 26 22 3000
12 27 18 3000
12 28 14 3000
12 29 12 3000
12 30 14 3000
12 31 9 3000
12 32 10 3000
12 33 8 3000
12 34 11 3000
12 35 14 3000
12 36 15 3000
12 37 13 3000
12 38 28 3000
12 39 23 3000
12 40 12 3000
12 41 14 3000
12 42 19 3000
12 43 19 3000
12 44 10 3000
12 45 10 3000
12 46 10 3000
12 47 11 3000
12 48 14 3000
12 49 18 3000
12 50 19 3000
12 51 43 3000
13 14 145 3000
13 15 78 3000
13 16 64 3000
13 17 51 3000
13 18 29 3000
13 19 46 3000
13 20 33 3000
13 21 38 3000
13 22 51 3000
13 23 52 3000
13 24 76 3000
13 25 171 3000
13 26 42 3000
13 27 21 3000
13 28 28 3000
13 29 14 3000
13 30 20 3000
13 31 17 3000
13 32 15 3000
13 33 6 3000
13 34 13 3000
13 35 10 3000
13 36 10 3000
13 37 28 3000
13 38 31 3000
13 39 40 3000
13 40 22 3000
13 41 12 3000
13 42 5 3000
13 43 10 3000
13 44 12 3000
13 45 3 3000
13 46 10 3000
13 47 8 3000
13 48 14 3000
13 49 11 3000
13 50 11 3000
13 51 19 3000
14 15 158 3000
14 16 78 3000
14 17 66 3000
14 18 40 3000
14 19 27 3000
14 20 38 3000
14 21 28 3000
14 22 39 3000
14 23 46 3000
14 24 46 3000
14 25 92 3000
14 26 26 3000
14 27 41 3000
14 28 30 3000
14 29 20 3000
14 30 15 3000
14 31 12 3000
14 32 13 3000
14 33 13 3000
14 34 9 3000
14 35 13 3000
14 36 15 3000
14 37 10 3000
14 38 19 3000
14 39 22 3000
14 40 31 3000
14 41 14 3000
14 42 11 3000
14 43 12 3000
14 44 15 3000
14 45 12 3000
14 46 10 3000
14 47 8 3000
14 48 17 3000
14 49 6 3000
14 50 16 3000
14 51 17 3000
15 16 172 3000
15 17 86 3000
15 18 44 3000
15 19 46 3000
15 20 42 3000
15 21 26 3000
15 22 36 3000
15 23 33 3000
15 24 41 3000
15 25 51 3000
15 26 18 3000
15 27 23 3000
15 28 32 3000
15 29 24 3000
15 30 19 3000
15 31 15 3000
15 32 11 3000
15 33 10 3000
15 34 6 3000
15 35 9 3000
15 36 12 3000
15 37 6 3000
15 38 14 3000
15 39 13 3000
15 40 23 3000
15 41 42 3000
15 42 18 3000
15 43 19 3000
15 44 13 3000
15 45 11 3000
15 46 12 3000
15 47 14 3000
15 48 14 3000
15 49 13 3000
15 50 16 3000
15 51 13 3000
16 17 150 3000
16 18 85 3000
16 19 48 3000
16 20 41 3000
16 21 34 3000
16 22 35 3000
16 23 42 3000
16 24 34 3000
16 25 57 3000
16 26 10 3000
16 27 15 3000
16 28 29 3000
16 29 39 3000
16 30 21 3000
16 31 17 3000
16 32 20 3000
16 33 12 3000
16 34 14 3000
16 35 12 3000
16 36 12 3000
16 37 13 3000
16 38 19 3000
16 39 9 3000
16 40 7 3000
16 41 13 3000
16 42 32 3000
16 43 21 3000
16 44 10 3000
16 45 8 3000
16 46 7 3000
16 47 8 3000
16 48 12 3000
16 49 11 3000
16 50 17 3000
16 51 13 3000
17 18 165 3000
17 19 72 3000
17 20 51 3000
17 21 42 3000
17 22 51 3000
17 23 44 3000
17 24 46 3000
17 25 35 3000
17 26 10 3000
17 27 14 3000
17 28 25 3000
17 29 23 3000
17 30 45 3000
17 31 15 3000
17 32 16 3000
17 33 10 3000
17 34 17 3000
17 35 10 3000
17 36 6 3000
17 37 13 3000
17 38 16 3000
17 39 11 3000
17 40 10 3000
17 41 13 3000
17 42 21 3000
17 43 36 3000
17 44 18 3000
17 45 13 3000
17 46 12 3000
17 47 8 3000
17 48 8 3000
17 49 5 3000
17 50 18 3000
17 51 15 3000
18 19 134 3000
18 20 90 3000
18 21 52 3000
18 22 36 3000
18 23 38 3000
18 24 36 3000
18 25 39 3000
18 26 11 3000
18 27 16 3000
18 28 18 3000
18 29 14 3000
18 30 26 3000
18 31 39 3000
18 32 25 3000
18 33 10 3000
18 34 16 3000
18 35 11 3000
18 36 10 3000
18 37 3 3000
18 38 15 3000
18 39 7 3000
18 40 13 3000
18 41 10 3000
18 42 14 3000
18 43 26 3000
18 44 36 3000
18 45 20 3000
18 46 15 3000
18 47 7 3000
18 48 8 3000
18 49 6 3000
18 50 11 3000
18 51 13 3000
19 20 150 3000
19 21 75 3000
19 22 52 3000
19 23 50 3000
19 24 33 3000
19 25 47 3000
19 26 11 3000
19 27 20 3000
19 28 15 3000
19 29 16 3000
19 30 18 3000
19 31 20 3000
19 32 36 3000
19 33 21 3000
19 34 24 3000
19 35 15 3000
19 36 11 3000
19 37 7 3000
19 38 10 3000
19 39 6 3000
19 40 12 3000
19 41 12 3000
19 42 14 3000
19 43 15 3000
19 44 19 3000
19 45 22 3000
19 46 15 3000
19 47 4 3000
19 48 6 3000
19 49 10 3000
19 50 8 3000
19 51 11 3000
20 21 143 3000
20 22 85 3000
20 23 51 3000
20 24 36 3000
20 25 51 3000
20 26 7 3000
20 27 14 3000
20 28 11 3000
20 29 16 3000
20 30 14 3000
20 31 21 3000
20 32 19 3000
20 33 41 3000
20 34 30 3000
20 35 20 3000
20 36 18 3000
20 37 19 3000
20 38 11 3000
20 39 6 3000
20 40 14 3000
20 41 6 3000
20 42 6 3000
20 43 12 3000
20 44 10 3000
20 45 18 3000
20 46 35 3000
20 47 24 3000
20 48 10 3000
20 49 9 3000
20 50 10 3000
20 51 7 3000
21 22 142 3000
21 23 62 3000
21 24 51 3000
21 25 42 3000
21 26 11 3000
21 27 9 3000
21 28 11 3000
21 29 7 3000
21 30 13 3000
21 31 12 3000
21 32 18 3000
21 33 23 3000
21 34 42 3000
21 35 23 3000
21 36 10 3000
21 37 9 3000
21 38 7 3000
21 39 7 3000
21 40 3 3000
21 41 12 3000
21 42 4 3000
21 43 7 3000
21 44 9 3000
21 45 9 3000
21 46 16 3000
21 47 35 3000
21 48 17 3000
21 49 14 3000
21 50 11 3000
21 51 3 3000
22 23 119 3000
22 24 72 3000
22 25 65 3000
22 26 5 3000
22 27 15 3000
22 28 14 3000
22 29 5 3000
22 30 11 3000
22 31 14 3000
22 32 11 3000
22 33 23 3000
22 34 23 3000
22 35 45 3000
22 36 22 3000
22 37 20 3000
22 38 13 3000
22 39 4 3000
22 40 4 3000
22 41 6 3000
22 42 9 3000
22 43 10 3000
22 44 10 3000
22 45 13 3000
22 46 17 3000
22 47 10 3000
22 48 39 3000
22 49 23 3000
22 50 10 3000
22 51 9 3000
23 24 173 3000
23 25 76 3000
23 26 14 3000
23 27 13 3000
23 28 8 3000
23 29 17 3000
23 30 12 3000
23 31 18 3000
23 32 14 3000
23 33 15 3000
23 34 14 3000
23 35 25 3000
23 36 37 3000
23 37 26 3000
23 38 14 3000
23 39 19 3000
23 40 9 3000
23 41 7 3000
23 42 6 3000
23 43 11 3000
23 44 8 3000
23 45 7 3000
23 46 8 3000
23 47 8 3000
23 48 17 3000
23 49 28 3000
23 50 25 3000
23 51 16 3000
24 25 163 3000
24 26 18 3000
24 27 9 3000
24 28 19 3000
24 29 15 3000
24 30 10 3000
24 31 9 3000
24 32 11 3000
24 33 14 3000
24 34 11 3000
24 35 23 3000
24 36 21 3000
24 37 34 3000
24 38 22 3000
24 39 19 3000
24 40 20 3000
24 41 10 3000
24 42 14 3000
24 43 16 3000
24 44 10 3000
24 45 11 3000
24 46 6 3000
24 47 8 3000
24 48 11 3000
24 49 15 3000
24 50 34 3000
24 51 21 3000
25 26 22 3000
25 27 21 3000
25 28 20 3000
25 29 15 3000
25 30 11 3000
25 31 10 3000
25 32 4 3000
25 33 10 3000
25 34 14 3000
25 35 13 3000
25 36 18 3000
25 37 25 3000
25 38 31 3000
25 39 20 3000
25 40 24 3000
25 41 11 3000
25 42 5 3000
25 43 10 3000
25 44 4 3000
25 45 11 3000
25 46 7 3000
25 47 8 3000
25 48 16 3000
25 49 14 3000
25 50 16 3000
25 51 41 3000
26 27 141 3000
26 28 90 3000
26 29 57 3000
26 30 41 3000
26 31 27 3000
26 32 45 3000
26 33 30 3000
26 34 37 3000
26 35 32 3000
26 36 68 3000
26 37 79 3000
26 38 142 3000
26 39 31 3000
26 40 31 3000
26 41 13 3000
26 42 19 3000
26 43 14 3000
26 44 12 3000
26 45 16 3000
26 46 15 3000
26 47 13 3000
26 48 10 3000
26 49 16 3000
26 50 24 3000
26 51 23 3000
27 28 155 3000
27 29 89 3000
27 30 57 3000
27 31 48 3000
27 32 46 3000
27 33 38 3000
27 34 31 3000
27 35 44 3000
27 36 46 3000
27 37 52 3000
27 38 76 3000
27 39 20 3000
27 40 37 3000
27 41 18 3000
27 42 16 3000
27 43 19 3000
27 44 12 3000
27 45 13 3000
27 46 11 3000
27 47 10 3000
27 48 6 3000
27 49 14 3000
27 50 9 3000
27 51 29 3000
28 29 160 3000
28 30 82 3000
28 31 51 3000
28 32 40 3000
28 33 37 3000
28 34 32 3000
28 35 27 3000
28 36 42 3000
28 37 55 3000
28 38 58 3000
28 39 27 3000
28 40 27 3000
28 41 28 3000
28 42 25 3000
28 43 18 3000
28 44 15 3000
28 45 11 3000
28 46 13 3000
28 47 14 3000
28 48 11 3000
28 49 9 3000
28 50 15 3000
28 51 24 3000
29 30 165 3000
29 31 65 3000
29 32 63 3000
29 33 47 3000
29 34 34 3000
29 35 39 3000
29 36 30 3000
29 37 52 3000
29 38 37 3000
29 39 13 3000
29 40 18 3000
29 41 14 3000
29 42 38 3000
29 43 24 3000
29 44 8 3000
29 45 14 3000
29 46 9 3000
29 47 7 3000
29 48 6 3000
29 49 14 3000
29 50 16 3000
29 51 11 3000
30 31 152 3000
30 32 91 3000
30 33 49 3000
30 34 42 3000
30 35 32 3000
30 36 40 3000
30 37 28 3000
30 38 38 3000
30 39 8 3000
30 40 20 3000
30 41 12 3000
30 42 27 3000
30 43 34 3000
30 44 26 3000
30 45 17 3000
30 46 15 3000
30 47 11 3000
30 48 12 3000
30 49 6 3000
30 50 10 3000
30 51 10 3000
31 32 145 3000
31 33 75 3000
31 34 51 3000
31 35 43 3000
31 36 38 3000
31 37 33 3000
31 38 38 3000
31 39 14 3000
31 40 14 3000
31 41 12 3000
31 42 26 3000
31 43 31 3000
31 44 47 3000
31 45 15 3000
31 46 21 3000
31 47 10 3000
31 48 19 3000
31 49 9 3000
31 50 12 3000
31 51 10 3000
32 33 148 3000
32 34 81 3000
32 35 54 3000
32 36 39 3000
32 37 47 3000
32 38 33 3000
32 39 16 3000
32 40 16 3000
32 41 16 3000
32 42 17 3000
32 43 20 3000
32 44 27 3000
32 45 39 3000
32 46 22 3000
32 47 19 3000
32 48 14 3000
32 49 19 3000
32 50 7 3000
32 51 4 3000
33 34 151 3000
33 35 72 3000
33 36 57 3000
33 37 51 3000
33 38 48 3000
33 39 11 3000
33 40 18 3000
33 41 12 3000
33 42 15 3000
33 43 19 3000
33 44 16 3000
33 45 19 3000
33 46 41 3000
33 47 26 3000
33 48 17 3000
33 49 19 3000
33 50 12 3000
33 51 10 3000
34 35 139 3000
34 36 70 3000
34 37 51 3000
34 38 44 3000
34 39 16 3000
34 40 11 3000
34 41 5 3000
34 42 9 3000
34 43 12 3000
34 44 15 3000
34 45 23 3000
34 46 19 3000
34 47 37 3000
34 48 15 3000
34 49 14 3000
34 50 10 3000
34 51 10 3000
35 36 156 3000
35 37 79 3000
35 38 62 3000
35 39 9 3000
35 40 10 3000
35 41 7 3000
35 42 10 3000
35 43 8 3000
35 44 18 3000
35 45 22 3000
35 46 12 3000
35 47 23 3000
35 48 43 3000
35 49 25 3000
35 50 20 3000
35 51 10 3000
36 37 145 3000
36 38 86 3000
36 39 14 3000
36 40 12 3000
36 41 3 3000
36 42 11 3000
36 43 12 3000
36 44 13 3000
36 45 11 3000
36 46 16 3000
36 47 10 3000
36 48 29 3000
36 49 40 3000
36 50 18 3000
36 51 14 3000
37 38 145 3000
37 39 13 3000
37 40 20 3000
37 41 14 3000
37 42 12 3000
37 43 12 3000
37 44 14 3000
37 45 18 3000
37 46 9 3000
37 47 10 3000
37 48 13 3000
37 49 25 3000
37 50 37 3000
37 51 24 3000
38 39 23 3000
38 40 16 3000
38 41 14 3000
38 42 11 3000
38 43 10 3000
38 44 13 3000
38 45 16 3000
38 46 14 3000
38 47 11 3000
38 48 17 3000
38 49 11 3000
38 50 20 3000
38 51 42 3000
39 40 161 3000
39 41 87 3000
39 42 70 3000
39 43 44 3000
39 44 41 3000
39 45 41 3000
39 46 38 3000
39 47 45 3000
39 48 41 3000
39 49 55 3000
39 50 86 3000
39 51 170 3000
40 41 149 3000
40 42 87 3000
40 43 64 3000
40 44 49 3000
40 45 36 3000
40 46 36 3000
40 47 33 3000
40 48 39 3000
40 49 57 3000
40 50 74 3000
40 51 96 3000
41 42 154 3000
41 43 80 3000
41 44 52 3000
41 45 53 3000
41 46 47 3000
41 47 28 3000
41 48 32 3000
41 49 38 3000
41 50 49 3000
41 51 50 3000
42 43 158 3000
42 44 85 3000
42 45 51 3000
42 46 40 3000
42 47 43 3000
42 48 48 3000
42 49 35 3000
42 50 37 3000
42 51 39 3000
43 44 172 3000
43 45 85 3000
43 46 55 3000
43 47 51 3000
43 48 34 3000
43 49 34 3000
43 50 36 3000
43 51 43 3000
44 45 167 3000
44 46 88 3000
44 47 66 3000
44 48 44 3000
44 49 37 3000
44 50 37 3000
44 51 31 3000
45 46 150 3000
45 47 74 3000
45 48 51 3000
45 49 41 3000
45 50 33 3000
45 51 39 3000
46 47 142 3000
46 48 72 3000
46 49 58 3000
46 50 35 3000
46 51 38 3000
47 48 167 3000
47 49 79 3000
47 50 37 3000
47 51 40 3000
48 49 138 3000
48 50 69 3000
48 51 52 3000
49 50 142 3000
49 51 76 3000
50 51 145 3000
