0 1 67 3000
0 2 67 3000
0 3 23 3000
0 4 28 3000
0 5 29 3000
0 6 19 3000
0 7 26 3000
0 8 34 3000
0 9 27 3000
0 10 38 3000
0 11 40 3000
0 12 95 3000
0 13 24 3000
0 14 20 3000
0 15 13 3000
0 16 15 3000
0 17 11 3000
0 18 9 3000
0 19 6 3000
0 20 12 3000
0 21 10 3000
0 22 11 3000
0 23 15 3000
0 24 13 3000
0 25 22 3000
0 26 19 3000
0 27 18 3000
0 28 14 3000
0 29 5 3000
0 30 5 3000
0 31 5 3000
0 32 4 3000
0 33 9 3000
0 34 4 3000
0 35 5 3000
0 36 13 3000
0 37 11 3000
0 38 15 3000
0 39 27 3000
0 40 11 3000
0 41 13 3000
0 42 7 3000
0 43 13 3000
0 44 11 3000
0 45 16 3000
0 46 11 3000
0 47 9 3000
0 48 9 3000
0 49 8 3000
0 50 15 3000
0 51 16 3000
1 2 85 3000
1 3 49 3000
1 4 51 3000
1 5 38 3000
1 6 21 3000
1 7 22 3000
1 8 27 3000
1 9 21 3000
1 10 32 3000
1 11 38 3000
1 12 66 3000
1 13 32 3000
1 14 22 3000
1 15 24 3000
1 16 12 3000
1 17 12 3000
1 18 11 3000
1 19 4 3000
1 20 13 3000
1 21 15 3000
1 22 12 3000
1 23 11 3000
1 24 12 3000
1 25 16 3000
1 26 11 3000
1 27 18 3000
1 28 20 3000
1 29 6 3000
1 30 6 3000
1 31 10 3000
1 32 15 3000
1 33 12 3000
1 34 7 3000
1 35 8 3000
1 36 13 3000
1 37 12 3000
1 38 11 3000
1 39 21 3000
1 40 36 3000
1 41 22 3000
1 42 14 3000
1 43 8 3000
1 44 11 3000
1 45 10 3000
1 46 9 3000
1 47 12 3000
1 48 8 3000
1 49 7 3000
1 50 14 3000
1 51 18 3000
2 3 68 3000
2 4 46 3000
2 5 47 3000
2 6 31 3000
2 7 26 3000
2 8 28 3000
2 9 21 3000
2 10 25 3000
2 11 32 3000
2 12 51 3000
2 13 17 3000
2 14 22 3000
2 15 25 3000
2 16 14 3000
2 17 11 3000
2 18 5 3000
2 19 13 3000
2 20 11 3000
2 21 13 3000
2 22 5 3000
2 23 14 3000
2 24 11 3000
2 25 12 3000
2 26 18 3000
2 27 20 3000
2 28 29 3000
2 29 9 3000
2 30 9 3000
2 31 11 3000
2 32 7 3000
2 33 4 3000
2 34 11 3000
2 35 10 3000
2 36 9 3000
2 37 4 3000
2 38 14 3000
2 39 14 3000
2 40 10 3000
2 41 22 3000
2 42 19 3000
2 43 18 3000
2 44 10 3000
2 45 12 3000
2 46 10 3000
2 47 9 3000
2 48 5 3000
2 49 6 3000
2 50 9 3000
2 51 12 3000
3 4 57 3000
3 5 41 3000
3 6 29 3000
3 7 25 3000
3 8 25 3000
3 9 24 3000
3 10 32 3000
3 11 24 3000
3 12 42 3000
3 13 11 3000
3 14 14 3000
3 15 25 3000
3 16 25 3000
3 17 14 3000
3 18 16 3000
3 19 12 3000
3 20 13 3000
3 21 4 3000
3 22 2 3000
3 23 12 3000
3 24 2 3000
3 25 9 3000
3 26 8 3000
3 27 8 3000
3 28 5 3000
3 29 20 3000
3 30 15 3000
3 31 6 3000
3 32 9 3000
3 33 8 3000
3 34 7 3000
3 35 10 3000
3 36 13 3000
3 37 8 3000
3 38 6 3000
3 39 13 3000
3 40 17 3000
3 41 22 3000
3 42 30 3000
3 43 23 3000
3 44 15 3000
3 45 21 3000
3 46 8 3000
3 47 9 3000
3 48 10 3000
3 49 7 3000
3 50 10 3000
3 51 12 3000
4 5 79 3000
4 6 51 3000
4 7 40 3000
4 8 33 3000
4 9 21 3000
4 10 22 3000
4 11 30 3000
4 12 26 3000
4 13 13 3000
4 14 15 3000
4 15 10 3000
4 16 24 3000
4 17 38 3000
4 18 20 3000
4 19 13 3000
4 20 14 3000
4 21 9 3000
4 22 8 3000
4 23 7 3000
4 24 17 3000
4 25 15 3000
4 26 5 3000
4 27 11 3000
4 28 10 3000
4 29 13 3000
4 30 32 3000
4 31 12 3000
4 32 12 3000
4 33 10 3000
4 34 7 3000
4 35 5 3000
4 36 4 3000
4 37 5 3000
4 38 7 3000
4 39 17 3000
4 40 15 3000
4 41 11 3000
4 42 15 3000
4 43 31 3000
4 44 21 3000
4 45 14 3000
4 46 5 3000
4 47 10 3000
4 48 8 3000
4 49 6 3000
4 50 7 3000
4 51 6 3000
5 6 55 3000
5 7 45 3000
5 8 50 3000
5 9 29 3000
5 10 26 3000
5 11 28 3000
5 12 34 3000
5 13 14 3000
5 14 11 3000
5 15 5 3000
5 16 13 3000
5 17 24 3000
5 18 38 3000
5 19 12 3000
5 20 8 3000
5 21 6 3000
5 22 12 3000
5 23 12 3000
5 24 6 3000
5 25 5 3000
5 26 13 3000
5 27 6 3000
5 28 10 3000
5 29 8 3000
5 30 16 3000
5 31 22 3000
5 32 9 3000
5 33 9 3000
5 34 11 3000
5 35 7 3000
5 36 7 3000
5 37 7 3000
5 38 7 3000
5 39 10 3000
5 40 8 3000
5 41 15 3000
5 42 12 3000
5 43 16 3000
5 44 25 3000
5 45 28 3000
5 46 12 3000
5 47 8 3000
5 48 11 3000
5 49 14 3000
5 50 8 3000
5 51 10 3000
6 7 55 3000
6 8 46 3000
6 9 18 3000
6 10 31 3000
6 11 29 3000
6 12 28 3000
6 13 11 3000
6 14 13 3000
6 15 5 3000
6 16 11 3000
6 17 13 3000
6 18 12 3000
6 19 25 3000
6 20 12 3000
6 21 12 3000
6 22 10 3000
6 23 7 3000
6 24 7 3000
6 25 10 3000
6 26 6 3000
6 27 6 3000
6 28 9 3000
6 29 8 3000
6 30 10 3000
6 31 17 3000
6 32 24 3000
6 33 15 3000
6 34 11 3000
6 35 3 3000
6 36 11 3000
6 37 5 3000
6 38 7 3000
6 39 14 3000
6 40 11 3000
6 41 16 3000
6 42 12 3000
6 43 17 3000
6 44 16 3000
6 45 36 3000
6 46 17 3000
6 47 12 3000
6 48 8 3000
6 49 9 3000
6 50 7 3000
6 51 12 3000
7 8 65 3000
7 9 43 3000
7 10 44 3000
7 11 25 3000
7 12 24 3000
7 13 12 3000
7 14 12 3000
7 15 9 3000
7 16 11 3000
7 17 12 3000
7 18 14 3000
7 19 32 3000
7 20 25 3000
7 21 14 3000
7 22 16 3000
7 23 12 3000
7 24 8 3000
7 25 11 3000
7 26 6 3000
7 27 4 3000
7 28 13 3000
7 29 9 3000
7 30 12 3000
7 31 5 3000
7 32 13 3000
7 33 15 3000
7 34 19 3000
7 35 9 3000
7 36 11 3000
7 37 12 3000
7 38 6 3000
7 39 10 3000
7 40 10 3000
7 41 5 3000
7 42 11 3000
7 43 14 3000
7 44 15 3000
7 45 18 3000
7 46 22 3000
7 47 12 3000
7 48 9 3000
7 49 12 3000
7 50 14 3000
7 51 12 3000
8 9 67 3000
8 10 47 3000
8 11 37 3000
8 12 40 3000
8 13 12 3000
8 14 10 3000
8 15 10 3000
8 16 11 3000
8 17 13 3000
8 18 17 3000
8 19 17 3000
8 20 18 3000
8 21 31 3000
8 22 15 3000
8 23 12 3000
8 24 10 3000
8 25 15 3000
8 26 3 3000
8 27 9 3000
8 28 10 3000
8 29 3 3000
8 30 8 3000
8 31 5 3000
8 32 13 3000
8 33 6 3000
8 34 16 3000
8 35 16 3000
8 36 17 3000
8 37 14 3000
8 38 5 3000
8 39 11 3000
8 40 2 3000
8 41 6 3000
8 42 14 3000
8 43 14 3000
8 44 9 3000
8 45 13 3000
8 46 24 3000
8 47 34 3000
8 48 13 3000
8 49 15 3000
8 50 12 3000
8 51 17 3000
9 10 73 3000
9 11 31 3000
9 12 37 3000
9 13 11 3000
9 14 11 3000
9 15 6 3000
9 16 11 3000
9 17 9 3000
9 18 8 3000
9 19 12 3000
9 20 10 3000
9 21 19 3000
9 22 26 3000
9 23 15 3000
9 24 7 3000
9 25 1 3000
9 26 11 3000
9 27 2 3000
9 28 9 3000
9 29 5 3000
9 30 8 3000
9 31 10 3000
9 32 11 3000
9 33 14 3000
9 34 13 3000
9 35 16 3000
9 36 16 3000
9 37 8 3000
9 38 6 3000
9 39 7 3000
9 40 11 3000
9 41 5 3000
9 42 13 3000
9 43 15 3000
9 44 12 3000
9 45 8 3000
9 46 14 3000
9 47 21 3000
9 48 33 3000
9 49 16 3000
9 50 13 3000
9 51 11 3000
10 11 75 3000
10 12 60 3000
10 13 8 3000
10 14 8 3000
10 15 15 3000
10 16 12 3000
10 17 14 3000
10 18 11 3000
10 19 13 3000
10 20 9 3000
10 21 8 3000
10 22 19 3000
10 23 40 3000
10 24 16 3000
10 25 5 3000
10 26 17 3000
10 27 8 3000
10 28 5 3000
10 29 5 3000
10 30 1 3000
10 31 11 3000
10 32 5 3000
10 33 5 3000
10 34 11 3000
10 35 11 3000
10 36 19 3000
10 37 7 3000
10 38 12 3000
10 39 11 3000
10 40 10 3000
10 41 3 3000
10 42 8 3000
10 43 5 3000
10 44 10 3000
10 45 7 3000
10 46 14 3000
10 47 10 3000
10 48 23 3000
10 49 35 3000
10 50 19 3000
10 51 11 3000
11 12 96 3000
11 13 15 3000
11 14 14 3000
11 15 9 3000
11 16 13 3000
11 17 12 3000
11 18 9 3000
11 19 6 3000
11 20 8 3000
11 21 11 3000
11 22 14 3000
11 23 17 3000
11 24 26 3000
11 25 20 3000
11 26 10 3000
11 27 8 3000
11 28 7 3000
11 29 7 3000
11 30 8 3000
11 31 8 3000
11 32 7 3000
11 33 6 3000
11 34 8 3000
11 35 8 3000
11 36 10 3000
11 37 20 3000
11 38 13 3000
11 39 16 3000
11 40 8 3000
11 41 12 3000
11 42 7 3000
11 43 10 3000
11 44 10 3000
11 45 11 3000
11 46 7 3000
11 47 8 3000
11 48 6 3000
11 49 13 3000
11 50 29 3000
11 51 22 3000
12 13 18 3000
12 14 12 3000
12 15 12 3000
12 16 9 3000
12 17 13 3000
12 18 7 3000
12 19 5 3000
12 20 12 3000
12 21 16 3000
12 22 11 3000
12 23 10 3000
12 24 16 3000
12 25 26 3000
12 26 16 3000
12 27 11 3000
12 28 6 3000
12 29 14 3000
12 30 10 3000
12 31 6 3000
12 32 9 3000
12 33 10 3000
12 34 7 3000
12 35 8 3000
12 36 10 3000
12 37 11 3000
12 38 12 3000
12 39 21 3000
12 40 9 3000
12 41 7 3000
12 42 14 3000
12 43 14 3000
12 44 7 3000
12 45 14 3000
12 46 13 3000
12 47 8 3000
12 48 16 3000
12 49 13 3000
12 50 13 3000
12 51 31 3000
13 14 80 3000
13 15 58 3000
13 16 38 3000
13 17 37 3000
13 18 23 3000
13 19 34 3000
13 20 24 3000
13 21 22 3000
13 22 35 3000
13 23 29 3000
13 24 42 3000
13 25 74 3000
13 26 35 3000
13 27 10 3000
13 28 17 3000
13 29 11 3000
13 30 16 3000
13 31 13 3000
13 32 13 3000
13 33 11 3000
13 34 9 3000
13 35 10 3000
13 36 8 3000
13 37 20 3000
13 38 23 3000
13 39 19 3000
13 40 15 3000
13 41 10 3000
13 42 6 3000
13 43 10 3000
13 44 7 3000
13 45 6 3000
13 46 10 3000
13 47 11 3000
13 48 6 3000
13 49 15 3000
13 50 5 3000
13 51 20 3000
14 15 62 3000
14 16 48 3000
14 17 36 3000
14 18 29 3000
14 19 21 3000
14 20 19 3000
14 21 20 3000
14 22 18 3000
14 23 29 3000
14 24 37 3000
14 25 53 3000
14 26 16 3000
14 27 27 3000
14 28 20 3000
14 29 14 3000
14 30 15 3000
14 31 11 3000
14 32 9 3000
14 33 12 3000
14 34 8 3000
14 35 8 3000
14 36 12 3000
14 37 13 3000
14 38 21 3000
14 39 14 3000
14 40 17 3000
14 41 7 3000
14 42 16 3000
14 43 11 3000
14 44 6 3000
14 45 10 3000
14 46 5 3000
14 47 7 3000
14 48 17 3000
14 49 10 3000
14 50 11 3000
14 51 14 3000
15 16 78 3000
15 17 50 3000
15 18 34 3000
15 19 30 3000
15 20 27 3000
15 21 19 3000
15 22 28 3000
15 23 25 3000
15 24 35 3000
15 25 46 3000
15 26 12 3000
15 27 20 3000
15 28 27 3000
15 29 10 3000
15 30 16 3000
15 31 16 3000
15 32 8 3000
15 33 13 3000
15 34 9 3000
15 35 8 3000
15 36 13 3000
15 37 7 3000
15 38 15 3000
15 39 10 3000
15 40 15 3000
15 41 28 3000
15 42 11 3000
15 43 10 3000
15 44 8 3000
15 45 11 3000
15 46 4 3000
15 47 9 3000
15 48 12 3000
15 49 10 3000
15 50 14 3000
15 51 8 3000
16 17 88 3000
16 18 52 3000
16 19 35 3000
16 20 24 3000
16 21 25 3000
16 22 21 3000
16 23 29 3000
16 24 25 3000
16 25 31 3000
16 26 4 3000
16 27 16 3000
16 28 24 3000
16 29 27 3000
16 30 17 3000
16 31 15 3000
16 32 16 3000
16 33 12 3000
16 34 11 3000
16 35 4 3000
16 36 11 3000
16 37 7 3000
16 38 14 3000
16 39 2 3000
16 40 6 3000
16 41 11 3000
16 42 17 3000
16 43 12 3000
16 44 9 3000
16 45 6 3000
16 46 6 3000
16 47 6 3000
16 48 9 3000
16 49 8 3000
16 50 12 3000
16 51 9 3000
17 18 74 3000
17 19 33 3000
17 20 30 3000
17 21 26 3000
17 22 22 3000
17 23 40 3000
17 24 30 3000
17 25 24 3000
17 26 12 3000
17 27 14 3000
17 28 18 3000
17 29 17 3000
17 30 22 3000
17 31 15 3000
17 32 14 3000
17 33 7 3000
17 34 7 3000
17 35 7 3000
17 36 11 3000
17 37 14 3000
17 38 13 3000
17 39 7 3000
17 40 10 3000
17 41 8 3000
17 42 10 3000
17 43 26 3000
17 44 17 3000
17 45 11 3000
17 46 9 3000
17 47 6 3000
17 48 11 3000
17 49 9 3000
17 50 14 3000
17 51 8 3000
18 19 69 3000
18 20 49 3000
18 21 28 3000
18 22 27 3000
18 23 29 3000
18 24 28 3000
18 25 29 3000
18 26 12 3000
18 27 8 3000
18 28 15 3000
18 29 11 3000
18 30 17 3000
18 31 28 3000
18 32 19 3000
18 33 13 3000
18 34 12 3000
18 35 8 3000
18 36 9 3000
18 37 11 3000
18 38 12 3000
18 39 5 3000
18 40 9 3000
18 41 7 3000
18 42 9 3000
18 43 18 3000
18 44 24 3000
18 45 14 3000
18 46 8 3000
18 47 4 3000
18 48 9 3000
18 49 6 3000
18 50 10 3000
18 51 10 3000
19 20 66 3000
19 21 37 3000
19 22 40 3000
19 23 32 3000
19 24 14 3000
19 25 30 3000
19 26 5 3000
19 27 11 3000
19 28 15 3000
19 29 9 3000
19 30 10 3000
19 31 17 3000
19 32 25 3000
19 33 11 3000
19 34 11 3000
19 35 12 3000
19 36 10 3000
19 37 10 3000
19 38 7 3000
19 39 7 3000
19 40 10 3000
19 41 11 3000
19 42 7 3000
19 43 13 3000
19 44 12 3000
19 45 12 3000
19 46 12 3000
19 47 5 3000
19 48 6 3000
19 49 9 3000
19 50 8 3000
19 51 7 3000
20 21 72 3000
20 22 50 3000
20 23 42 3000
20 24 25 3000
20 25 29 3000
20 26 10 3000
20 27 9 3000
20 28 9 3000
20 29 10 3000
20 30 11 3000
20 31 16 3000
20 32 14 3000
20 33 32 3000
20 34 22 3000
20 35 12 3000
20 36 13 3000
20 37 8 3000
20 38 7 3000
20 39 6 3000
20 40 8 3000
20 41 9 3000
20 42 4 3000
20 43 5 3000
20 44 9 3000
20 45 13 3000
20 46 20 3000
20 47 17 3000
20 48 12 3000
20 49 9 3000
20 50 9 3000
20 51 7 3000
21 22 64 3000
21 23 43 3000
21 24 33 3000
21 25 28 3000
21 26 8 3000
21 27 8 3000
21 28 13 3000
21 29 4 3000
21 30 12 3000
21 31 13 3000
21 32 19 3000
21 33 19 3000
21 34 30 3000
21 35 13 3000
21 36 10 3000
21 37 15 3000
21 38 9 3000
21 39 8 3000
21 40 5 3000
21 41 8 3000
21 42 4 3000
21 43 7 3000
21 44 9 3000
21 45 10 3000
21 46 10 3000
21 47 21 3000
21 48 11 3000
21 49 10 3000
21 50 3 3000
21 51 6 3000
22 23 59 3000
22 24 42 3000
22 25 30 3000
22 26 9 3000
22 27 10 3000
22 28 11 3000
22 29 6 3000
22 30 8 3000
22 31 10 3000
22 32 9 3000
22 33 19 3000
22 34 20 3000
22 35 29 3000
22 36 25 3000
22 37 21 3000
22 38 9 3000
22 39 5 3000
22 40 4 3000
22 41 3 3000
22 42 10 3000
22 43 9 3000
22 44 6 3000
22 45 13 3000
22 46 11 3000
22 47 5 3000
22 48 18 3000
22 49 11 3000
22 50 9 3000
22 51 8 3000
23 24 100 3000
23 25 42 3000
23 26 18 3000
23 27 9 3000
23 28 13 3000
23 29 14 3000
23 30 7 3000
23 31 11 3000
23 32 5 3000
23 33 14 3000
23 34 16 3000
23 35 22 3000
23 36 29 3000
23 37 19 3000
23 38 9 3000
23 39 10 3000
23 40 11 3000
23 41 6 3000
23 42 9 3000
23 43 14 3000
23 44 5 3000
23 45 13 3000
23 46 9 3000
23 47 8 3000
23 48 15 3000
23 49 20 3000
23 50 17 3000
23 51 12 3000
24 25 66 3000
24 26 14 3000
24 27 9 3000
24 28 13 3000
24 29 10 3000
24 30 8 3000
24 31 11 3000
24 32 8 3000
24 33 11 3000
24 34 7 3000
24 35 15 3000
24 36 16 3000
24 37 31 3000
24 38 18 3000
24 39 10 3000
24 40 15 3000
24 41 4 3000
24 42 11 3000
24 43 6 3000
24 44 11 3000
24 45 9 3000
24 46 9 3000
24 47 7 3000
24 48 6 3000
24 49 9 3000
24 50 17 3000
24 51 12 3000
25 26 14 3000
25 27 10 3000
25 28 16 3000
25 29 9 3000
25 30 14 3000
25 31 8 3000
25 32 3 3000
25 33 8 3000
25 34 10 3000
25 35 10 3000
25 36 18 3000
25 37 19 3000
25 38 21 3000
25 39 15 3000
25 40 14 3000
25 41 6 3000
25 42 5 3000
25 43 5 3000
25 44 6 3000
25 45 8 3000
25 46 4 3000
25 47 6 3000
25 48 9 3000
25 49 11 3000
25 50 16 3000
25 51 19 3000
26 27 74 3000
26 28 48 3000
26 29 36 3000
26 30 26 3000
26 31 23 3000
26 32 26 3000
26 33 13 3000
26 34 36 3000
26 35 29 3000
26 36 39 3000
26 37 46 3000
26 38 70 3000
26 39 34 3000
26 40 24 3000
26 41 11 3000
26 42 13 3000
26 43 12 3000
26 44 10 3000
26 45 13 3000
26 46 11 3000
26 47 14 3000
26 48 11 3000
26 49 15 3000
26 50 19 3000
26 51 24 3000
27 28 79 3000
27 29 42 3000
27 30 29 3000
27 31 24 3000
27 32 31 3000
27 33 35 3000
27 34 24 3000
27 35 21 3000
27 36 38 3000
27 37 41 3000
27 38 53 3000
27 39 14 3000
27 40 28 3000
27 41 20 3000
27 42 17 3000
27 43 16 3000
27 44 11 3000
27 45 8 3000
27 46 6 3000
27 47 11 3000
27 48 5 3000
27 49 10 3000
27 50 10 3000
27 51 19 3000
28 29 68 3000
28 30 57 3000
28 31 37 3000
28 32 40 3000
28 33 35 3000
28 34 30 3000
28 35 24 3000
28 36 37 3000
28 37 46 3000
28 38 39 3000
28 39 17 3000
28 40 18 3000
28 41 18 3000
28 42 16 3000
28 43 13 3000
28 44 12 3000
28 45 12 3000
28 46 12 3000
28 47 10 3000
28 48 5 3000
28 49 10 3000
28 50 10 3000
28 51 20 3000
29 30 74 3000
29 31 40 3000
29 32 33 3000
29 33 33 3000
29 34 23 3000
29 35 28 3000
29 36 24 3000
29 37 33 3000
29 38 27 3000
29 39 12 3000
29 40 18 3000
29 41 9 3000
29 42 24 3000
29 43 19 3000
29 44 7 3000
29 45 9 3000
29 46 7 3000
29 47 6 3000
29 48 7 3000
29 49 9 3000
29 50 12 3000
29 51 8 3000
30 31 67 3000
30 32 53 3000
30 33 30 3000
30 34 27 3000
30 35 20 3000
30 36 22 3000
30 37 22 3000
30 38 36 3000
30 39 8 3000
30 40 10 3000
30 41 11 3000
30 42 19 3000
30 43 34 3000
30 44 19 3000
30 45 11 3000
30 46 10 3000
30 47 7 3000
30 48 8 3000
30 49 7 3000
30 50 6 3000
30 51 5 3000
31 32 75 3000
31 33 52 3000
31 34 35 3000
31 35 26 3000
31 36 28 3000
31 37 22 3000
31 38 28 3000
31 39 5 3000
31 40 11 3000
31 41 12 3000
31 42 22 3000
31 43 25 3000
31 44 27 3000
31 45 17 3000
31 46 10 3000
31 47 8 3000
31 48 10 3000
31 49 5 3000
31 50 10 3000
31 51 9 3000
32 33 74 3000
32 34 43 3000
32 35 40 3000
32 36 21 3000
32 37 29 3000
32 38 23 3000
32 39 10 3000
32 40 12 3000
32 41 12 3000
32 42 8 3000
32 43 13 3000
32 44 16 3000
32 45 23 3000
32 46 17 3000
32 47 12 3000
32 48 13 3000
32 49 16 3000
32 50 6 3000
32 51 6 3000
33 34 67 3000
33 35 43 3000
33 36 34 3000
33 37 25 3000
33 38 25 3000
33 39 10 3000
33 40 10 3000
33 41 10 3000
33 42 8 3000
33 43 16 3000
33 44 13 3000
33 45 14 3000
33 46 31 3000
33 47 23 3000
33 48 16 3000
33 49 13 3000
33 50 10 3000
33 51 15 3000
34 35 53 3000
34 36 46 3000
34 37 32 3000
34 38 27 3000
34 39 12 3000
34 40 6 3000
34 41 9 3000
34 42 8 3000
34 43 12 3000
34 44 13 3000
34 45 23 3000
34 46 21 3000
34 47 34 3000
34 48 15 3000
34 49 14 3000
34 50 10 3000
34 51 7 3000
35 36 86 3000
35 37 37 3000
35 38 37 3000
35 39 8 3000
35 40 9 3000
35 41 7 3000
35 42 7 3000
35 43 11 3000
35 44 13 3000
35 45 16 3000
35 46 9 3000
35 47 19 3000
35 48 33 3000
35 49 20 3000
35 50 16 3000
35 51 11 3000
36 37 71 3000
36 38 46 3000
36 39 14 3000
36 40 13 3000
36 41 3 3000
36 42 14 3000
36 43 11 3000
36 44 7 3000
36 45 13 3000
36 46 15 3000
36 47 11 3000
36 48 29 3000
36 49 27 3000
36 50 19 3000
36 51 16 3000
37 38 60 3000
37 39 14 3000
37 40 12 3000
37 41 11 3000
37 42 5 3000
37 43 11 3000
37 44 9 3000
37 45 11 3000
37 46 6 3000
37 47 8 3000
37 48 13 3000
37 49 21 3000
37 50 25 3000
37 51 20 3000
38 39 16 3000
38 40 13 3000
38 41 13 3000
38 42 12 3000
38 43 12 3000
38 44 11 3000
38 45 11 3000
38 46 18 3000
38 47 12 3000
38 48 10 3000
38 49 14 3000
38 50 16 3000
38 51 31 3000
39 40 72 3000
39 41 51 3000
39 42 55 3000
39 43 25 3000
39 44 31 3000
39 45 33 3000
39 46 21 3000
39 47 29 3000
39 48 27 3000
39 49 39 3000
39 50 54 3000
39 51 88 3000
40 41 69 3000
40 42 38 3000
40 43 39 3000
40 44 33 3000
40 45 26 3000
40 46 37 3000
40 47 15 3000
40 48 28 3000
40 49 34 3000
40 50 45 3000
40 51 57 3000
41 42 60 3000
41 43 52 3000
41 44 35 3000
41 45 36 3000
41 46 23 3000
41 47 20 3000
41 48 22 3000
41 49 25 3000
41 50 43 3000
41 51 38 3000
42 43 72 3000
42 44 55 3000
42 45 40 3000
42 46 30 3000
42 47 22 3000
42 48 27 3000
42 49 26 3000
42 50 25 3000
42 51 26 3000
43 44 74 3000
43 45 51 3000
43 46 39 3000
43 47 30 3000
43 48 26 3000
43 49 26 3000
43 50 32 3000
43 51 26 3000
44 45 78 3000
44 46 47 3000
44 47 33 3000
44 48 24 3000
44 49 38 3000
44 50 17 3000
44 51 21 3000
45 46 74 3000
45 47 50 3000
45 48 35 3000
45 49 37 3000
45 50 30 3000
45 51 33 3000
46 47 73 3000
46 48 55 3000
46 49 32 3000
46 50 38 3000
46 51 21 3000
47 48 63 3000
47 49 42 3000
47 50 28 3000
47 51 30 3000
48 49 85 3000
48 50 45 3000
48 51 33 3000
49 50 64 3000
49 51 46 3000
50 51 65 3000
