0 1 34 3000
0 2 32 3000
0 3 33 3000
0 4 29 3000
0 5 25 3000
0 6 30 3000
0 7 27 3000
0 8 29 3000
0 9 23 3000
0 10 28 3000
0 11 29 3000
0 12 55 3000
0 13 16 3000
0 14 21 3000
0 15 26 3000
0 16 22 3000
0 17 28 3000
0 18 36 3000
0 19 12 3000
0 20 29 3000
0 21 28 3000
0 22 19 3000
0 23 15 3000
0 24 31 3000
0 25 21 3000
0 26 29 3000
0 27 19 3000
0 28 33 3000
0 29 19 3000
0 30 24 3000
0 31 36 3000
0 32 20 3000
0 33 37 3000
0 34 28 3000
0 35 33 3000
0 36 28 3000
0 37 29 3000
0 38 32 3000
0 39 25 3000
0 40 22 3000
0 41 22 3000
0 42 27 3000
0 43 34 3000
0 44 24 3000
0 45 31 3000
0 46 31 3000
0 47 16 3000
0 48 29 3000
0 49 32 3000
0 50 29 3000
0 51 26 3000
1 2 33 3000
1 3 28 3000
1 4 25 3000
1 5 30 3000
1 6 39 3000
1 7 31 3000
1 8 37 3000
1 9 33 3000
1 10 33 3000
1 11 23 3000
1 12 43 3000
1 13 36 3000
1 14 22 3000
1 15 23 3000
1 16 19 3000
1 17 24 3000
1 18 27 3000
1 19 26 3000
1 20 34 3000
1 21 32 3000
1 22 26 3000
1 23 32 3000
1 24 31 3000
1 25 25 3000
1 26 31 3000
1 27 28 3000
1 28 40 3000
1 29 27 3000
1 30 24 3000
1 31 26 3000
1 32 30 3000
1 33 29 3000
1 34 21 3000
1 35 27 3000
1 36 30 3000
1 37 25 3000
1 38 24 3000
1 39 31 3000
1 40 28 3000
1 41 22 3000
1 42 27 3000
1 43 28 3000
1 44 26 3000
1 45 38 3000
1 46 33 3000
1 47 22 3000
1 48 26 3000
1 49 34 3000
1 50 35 3000
1 51 35 3000
2 3 25 3000
2 4 33 3000
2 5 30 3000
2 6 39 3000
2 7 27 3000
2 8 28 3000
2 9 20 3000
2 10 30 3000
2 11 25 3000
2 12 34 3000
2 13 26 3000
2 14 27 3000
2 15 20 3000
2 16 28 3000
2 17 21 3000
2 18 25 3000
2 19 30 3000
2 20 29 3000
2 21 36 3000
2 22 27 3000
2 23 40 3000
2 24 24 3000
2 25 20 3000
2 26 32 3000
2 27 29 3000
2 28 36 3000
2 29 25 3000
2 30 36 3000
2 31 28 3000
2 32 25 3000
2 33 27 3000
2 34 33 3000
2 35 25 3000
2 36 32 3000
2 37 19 3000
2 38 29 3000
2 39 20 3000
2 40 25 3000
2 41 40 3000
2 42 30 3000
2 43 41 3000
2 44 30 3000
2 45 27 3000
2 46 30 3000
2 47 25 3000
2 48 23 3000
2 49 29 3000
2 50 16 3000
2 51 27 3000
3 4 27 3000
3 5 26 3000
3 6 33 3000
3 7 23 3000
3 8 33 3000
3 9 29 3000
3 10 34 3000
3 11 37 3000
3 12 36 3000
3 13 27 3000
3 14 26 3000
3 15 28 3000
3 16 24 3000
3 17 34 3000
3 18 33 3000
3 19 25 3000
3 20 33 3000
3 21 19 3000
3 22 29 3000
3 23 33 3000
3 24 18 3000
3 25 22 3000
3 26 25 3000
3 27 32 3000
3 28 20 3000
3 29 27 3000
3 30 30 3000
3 31 30 3000
3 32 28 3000
3 33 33 3000
3 34 26 3000
3 35 31 3000
3 36 38 3000
3 37 28 3000
3 38 26 3000
3 39 40 3000
3 40 32 3000
3 41 33 3000
3 42 30 3000
3 43 34 3000
3 44 28 3000
3 45 39 3000
3 46 29 3000
3 47 29 3000
3 48 22 3000
3 49 25 3000
3 50 21 3000
3 51 29 3000
4 5 28 3000
4 6 32 3000
4 7 32 3000
4 8 34 3000
4 9 33 3000
4 10 39 3000
4 11 37 3000
4 12 33 3000
4 13 23 3000
4 14 30 3000
4 15 25 3000
4 16 40 3000
4 17 34 3000
4 18 26 3000
4 19 35 3000
4 20 25 3000
4 21 34 3000
4 22 40 3000
4 23 33 3000
4 24 33 3000
4 25 29 3000
4 26 33 3000
4 27 38 3000
4 28 29 3000
4 29 24 3000
4 30 31 3000
4 31 35 3000
4 32 30 3000
4 33 28 3000
4 34 25 3000
4 35 42 3000
4 36 27 3000
4 37 28 3000
4 38 32 3000
4 39 36 3000
4 40 41 3000
4 41 27 3000
4 42 31 3000
4 43 33 3000
4 44 40 3000
4 45 32 3000
4 46 26 3000
4 47 34 3000
4 48 29 3000
4 49 38 3000
4 50 27 3000
4 51 27 3000
5 6 25 3000
5 7 33 3000
5 8 36 3000
5 9 39 3000
5 10 30 3000
5 11 38 3000
5 12 29 3000
5 13 31 3000
5 14 32 3000
5 15 28 3000
5 16 25 3000
5 17 28 3000
5 18 28 3000
5 19 21 3000
5 20 23 3000
5 21 25 3000
5 22 26 3000
5 23 39 3000
5 24 30 3000
5 25 24 3000
5 26 32 3000
5 27 23 3000
5 28 29 3000
5 29 25 3000
5 30 35 3000
5 31 34 3000
5 32 25 3000
5 33 36 3000
5 34 31 3000
5 35 23 3000
5 36 25 3000
5 37 27 3000
5 38 23 3000
5 39 29 3000
5 40 22 3000
5 41 25 3000
5 42 38 3000
5 43 33 3000
5 44 27 3000
5 45 38 3000
5 46 27 3000
5 47 18 3000
5 48 35 3000
5 49 35 3000
5 50 23 3000
5 51 24 3000
6 7 30 3000
6 8 21 3000
6 9 27 3000
6 10 35 3000
6 11 27 3000
6 12 40 3000
6 13 27 3000
6 14 26 3000
6 15 26 3000
6 16 26 3000
6 17 30 3000
6 18 18 3000
6 19 32 3000
6 20 20 3000
6 21 37 3000
6 22 31 3000
6 23 21 3000
6 24 24 3000
6 25 29 3000
6 26 26 3000
6 27 29 3000
6 28 43 3000
6 29 19 3000
6 30 23 3000
6 31 28 3000
6 32 28 3000
6 33 26 3000
6 34 22 3000
6 35 38 3000
6 36 22 3000
6 37 24 3000
6 38 34 3000
6 39 30 3000
6 40 22 3000
6 41 29 3000
6 42 34 3000
6 43 36 3000
6 44 36 3000
6 45 37 3000
6 46 35 3000
6 47 28 3000
6 48 17 3000
6 49 41 3000
6 50 26 3000
6 51 34 3000
7 8 31 3000
7 9 29 3000
7 10 32 3000
7 11 29 3000
7 12 33 3000
7 13 23 3000
7 14 28 3000
7 15 20 3000
7 16 33 3000
7 17 21 3000
7 18 29 3000
7 19 33 3000
7 20 32 3000
7 21 23 3000
7 22 33 3000
7 23 34 3000
7 24 30 3000
7 25 21 3000
7 26 27 3000
7 27 23 3000
7 28 35 3000
7 29 31 3000
7 30 23 3000
7 31 20 3000
7 32 27 3000
7 33 33 3000
7 34 35 3000
7 35 28 3000
7 36 34 3000
7 37 27 3000
7 38 29 3000
7 39 23 3000
7 40 27 3000
7 41 22 3000
7 42 29 3000
7 43 31 3000
7 44 32 3000
7 45 33 3000
7 46 26 3000
7 47 21 3000
7 48 27 3000
7 49 26 3000
7 50 27 3000
7 51 34 3000
8 9 32 3000
8 10 40 3000
8 11 40 3000
8 12 39 3000
8 13 33 3000
8 14 33 3000
8 15 35 3000
8 16 30 3000
8 17 39 3000
8 18 31 3000
8 19 28 3000
8 20 33 3000
8 21 38 3000
8 22 36 3000
8 23 31 3000
8 24 30 3000
8 25 34 3000
8 26 28 3000
8 27 35 3000
8 28 33 3000
8 29 39 3000
8 30 38 3000
8 31 34 3000
8 32 30 3000
8 33 29 3000
8 34 32 3000
8 35 24 3000
8 36 32 3000
8 37 40 3000
8 38 25 3000
8 39 39 3000
8 40 31 3000
8 41 23 3000
8 42 30 3000
8 43 47 3000
8 44 37 3000
8 45 33 3000
8 46 35 3000
8 47 33 3000
8 48 33 3000
8 49 43 3000
8 50 31 3000
8 51 32 3000
9 10 36 3000
9 11 34 3000
9 12 31 3000
9 13 37 3000
9 14 28 3000
9 15 32 3000
9 16 31 3000
9 17 30 3000
9 18 35 3000
9 19 28 3000
9 20 37 3000
9 21 28 3000
9 22 33 3000
9 23 26 3000
9 24 26 3000
9 25 27 3000
9 26 30 3000
9 27 25 3000
9 28 39 3000
9 29 28 3000
9 30 31 3000
9 31 32 3000
9 32 27 3000
9 33 28 3000
9 34 29 3000
9 35 28 3000
9 36 32 3000
9 37 31 3000
9 38 26 3000
9 39 31 3000
9 40 32 3000
9 41 18 3000
9 42 31 3000
9 43 43 3000
9 44 41 3000
9 45 29 3000
9 46 33 3000
9 47 24 3000
9 48 31 3000
9 49 27 3000
9 50 26 3000
9 51 26 3000
10 11 38 3000
10 12 43 3000
10 13 23 3000
10 14 30 3000
10 15 34 3000
10 16 29 3000
10 17 43 3000
10 18 28 3000
10 19 38 3000
10 20 35 3000
10 21 26 3000
10 22 30 3000
10 23 39 3000
10 24 33 3000
10 25 25 3000
10 26 32 3000
10 27 25 3000
10 28 33 3000
10 29 23 3000
10 30 33 3000
10 31 29 3000
10 32 18 3000
10 33 28 3000
10 34 33 3000
10 35 37 3000
10 36 41 3000
10 37 30 3000
10 38 39 3000
10 39 34 3000
10 40 34 3000
10 41 24 3000
10 42 36 3000
10 43 22 3000
10 44 36 3000
10 45 30 3000
10 46 34 3000
10 47 25 3000
10 48 34 3000
10 49 26 3000
10 50 25 3000
10 51 34 3000
11 12 39 3000
11 13 24 3000
11 14 30 3000
11 15 30 3000
11 16 30 3000
11 17 27 3000
11 18 29 3000
11 19 31 3000
11 20 30 3000
11 21 32 3000
11 22 31 3000
11 23 28 3000
11 24 26 3000
11 25 28 3000
11 26 34 3000
11 27 24 3000
11 28 40 3000
11 29 38 3000
11 30 34 3000
11 31 29 3000
11 32 32 3000
11 33 36 3000
11 34 30 3000
11 35 34 3000
11 36 32 3000
11 37 28 3000
11 38 27 3000
11 39 27 3000
11 40 25 3000
11 41 32 3000
11 42 25 3000
11 43 31 3000
11 44 35 3000
11 45 31 3000
11 46 30 3000
11 47 27 3000
11 48 27 3000
11 49 43 3000
11 50 38 3000
11 51 35 3000
12 13 38 3000
12 14 46 3000
12 15 43 3000
12 16 45 3000
12 17 40 3000
12 18 46 3000
12 19 31 3000
12 20 41 3000
12 21 40 3000
12 22 37 3000
12 23 42 3000
12 24 28 3000
12 25 32 3000
12 26 36 3000
12 27 39 3000
12 28 29 3000
12 29 43 3000
12 30 38 3000
12 31 34 3000
12 32 34 3000
12 33 46 3000
12 34 24 3000
12 35 40 3000
12 36 38 3000
12 37 33 3000
12 38 39 3000
12 39 35 3000
12 40 34 3000
12 41 29 3000
12 42 36 3000
12 43 41 3000
12 44 35 3000
12 45 35 3000
12 46 44 3000
12 47 36 3000
12 48 34 3000
12 49 40 3000
12 50 39 3000
12 51 44 3000
13 14 28 3000
13 15 33 3000
13 16 34 3000
13 17 35 3000
13 18 30 3000
13 19 32 3000
13 20 34 3000
13 21 31 3000
13 22 32 3000
13 23 25 3000
13 24 27 3000
13 25 32 3000
13 26 23 3000
13 27 23 3000
13 28 28 3000
13 29 21 3000
13 30 36 3000
13 31 20 3000
13 32 21 3000
13 33 34 3000
13 34 33 3000
13 35 29 3000
13 36 17 3000
13 37 32 3000
13 38 30 3000
13 39 25 3000
13 40 27 3000
13 41 27 3000
13 42 22 3000
13 43 26 3000
13 44 29 3000
13 45 33 3000
13 46 35 3000
13 47 27 3000
13 48 36 3000
13 49 29 3000
13 50 28 3000
13 51 32 3000
14 15 28 3000
14 16 23 3000
14 17 29 3000
14 18 21 3000
14 19 21 3000
14 20 31 3000
14 21 27 3000
14 22 27 3000
14 23 41 3000
14 24 20 3000
14 25 26 3000
14 26 23 3000
14 27 27 3000
14 28 29 3000
14 29 26 3000
14 30 27 3000
14 31 26 3000
14 32 29 3000
14 33 23 3000
14 34 22 3000
14 35 26 3000
14 36 38 3000
14 37 24 3000
14 38 25 3000
14 39 24 3000
14 40 26 3000
14 41 26 3000
14 42 27 3000
14 43 29 3000
14 44 26 3000
14 45 28 3000
14 46 31 3000
14 47 31 3000
14 48 38 3000
14 49 27 3000
14 50 27 3000
14 51 23 3000
15 16 23 3000
15 17 27 3000
15 18 32 3000
15 19 39 3000
15 20 39 3000
15 21 22 3000
15 22 29 3000
15 23 28 3000
15 24 39 3000
15 25 29 3000
15 26 31 3000
15 27 39 3000
15 28 34 3000
15 29 32 3000
15 30 31 3000
15 31 32 3000
15 32 29 3000
15 33 27 3000
15 34 29 3000
15 35 34 3000
15 36 30 3000
15 37 27 3000
15 38 30 3000
15 39 37 3000
15 40 31 3000
15 41 46 3000
15 42 30 3000
15 43 31 3000
15 44 26 3000
15 45 31 3000
15 46 24 3000
15 47 28 3000
15 48 27 3000
15 49 30 3000
15 50 41 3000
15 51 26 3000
16 17 43 3000
16 18 39 3000
16 19 27 3000
16 20 37 3000
16 21 35 3000
16 22 32 3000
16 23 32 3000
16 24 31 3000
16 25 23 3000
16 26 22 3000
16 27 27 3000
16 28 26 3000
16 29 27 3000
16 30 21 3000
16 31 25 3000
16 32 35 3000
16 33 35 3000
16 34 24 3000
16 35 29 3000
16 36 29 3000
16 37 23 3000
16 38 32 3000
16 39 21 3000
16 40 25 3000
16 41 26 3000
16 42 29 3000
16 43 32 3000
16 44 29 3000
16 45 47 3000
16 46 24 3000
16 47 27 3000
16 48 26 3000
16 49 34 3000
16 50 31 3000
16 51 32 3000
17 18 27 3000
17 19 24 3000
17 20 36 3000
17 21 38 3000
17 22 36 3000
17 23 27 3000
17 24 30 3000
17 25 28 3000
17 26 22 3000
17 27 34 3000
17 28 30 3000
17 29 24 3000
17 30 27 3000
17 31 28 3000
17 32 32 3000
17 33 25 3000
17 34 30 3000
17 35 30 3000
17 36 30 3000
17 37 26 3000
17 38 31 3000
17 39 32 3000
17 40 34 3000
17 41 24 3000
17 42 32 3000
17 43 29 3000
17 44 28 3000
17 45 23 3000
17 46 22 3000
17 47 22 3000
17 48 32 3000
17 49 31 3000
17 50 41 3000
17 51 29 3000
18 19 25 3000
18 20 32 3000
18 21 27 3000
18 22 29 3000
18 23 31 3000
18 24 35 3000
18 25 29 3000
18 26 32 3000
18 27 26 3000
18 28 26 3000
18 29 28 3000
18 30 33 3000
18 31 23 3000
18 32 35 3000
18 33 38 3000
18 34 36 3000
18 35 21 3000
18 36 29 3000
18 37 39 3000
18 38 26 3000
18 39 30 3000
18 40 30 3000
18 41 31 3000
18 42 30 3000
18 43 42 3000
18 44 32 3000
18 45 37 3000
18 46 30 3000
18 47 28 3000
18 48 28 3000
18 49 40 3000
18 50 35 3000
18 51 36 3000
19 20 28 3000
19 21 27 3000
19 22 30 3000
19 23 23 3000
19 24 28 3000
19 25 25 3000
19 26 31 3000
19 27 33 3000
19 28 30 3000
19 29 20 3000
19 30 25 3000
19 31 28 3000
19 32 25 3000
19 33 33 3000
19 34 29 3000
19 35 21 3000
19 36 30 3000
19 37 31 3000
19 38 28 3000
19 39 27 3000
19 40 29 3000
19 41 29 3000
19 42 24 3000
19 43 25 3000
19 44 36 3000
19 45 26 3000
19 46 19 3000
19 47 28 3000
19 48 22 3000
19 49 22 3000
19 50 22 3000
19 51 29 3000
20 21 32 3000
20 22 22 3000
20 23 29 3000
20 24 24 3000
20 25 23 3000
20 26 30 3000
20 27 30 3000
20 28 34 3000
20 29 31 3000
20 30 24 3000
20 31 29 3000
20 32 20 3000
20 33 23 3000
20 34 30 3000
20 35 26 3000
20 36 39 3000
20 37 36 3000
20 38 29 3000
20 39 25 3000
20 40 30 3000
20 41 27 3000
20 42 28 3000
20 43 22 3000
20 44 29 3000
20 45 33 3000
20 46 27 3000
20 47 32 3000
20 48 30 3000
20 49 34 3000
20 50 23 3000
20 51 36 3000
21 22 31 3000
21 23 27 3000
21 24 34 3000
21 25 22 3000
21 26 21 3000
21 27 21 3000
21 28 36 3000
21 29 20 3000
21 30 35 3000
21 31 37 3000
21 32 41 3000
21 33 28 3000
21 34 35 3000
21 35 24 3000
21 36 23 3000
21 37 35 3000
21 38 14 3000
21 39 26 3000
21 40 30 3000
21 41 34 3000
21 42 19 3000
21 43 30 3000
21 44 31 3000
21 45 27 3000
21 46 31 3000
21 47 29 3000
21 48 28 3000
21 49 43 3000
21 50 39 3000
21 51 30 3000
22 23 27 3000
22 24 28 3000
22 25 26 3000
22 26 27 3000
22 27 31 3000
22 28 28 3000
22 29 24 3000
22 30 24 3000
22 31 31 3000
22 32 29 3000
22 33 28 3000
22 34 21 3000
22 35 27 3000
22 36 36 3000
22 37 38 3000
22 38 24 3000
22 39 26 3000
22 40 33 3000
22 41 37 3000
22 42 28 3000
22 43 40 3000
22 44 27 3000
22 45 31 3000
22 46 34 3000
22 47 31 3000
22 48 28 3000
22 49 31 3000
22 50 23 3000
22 51 32 3000
23 24 36 3000
23 25 25 3000
23 26 33 3000
23 27 27 3000
23 28 35 3000
23 29 36 3000
23 30 31 3000
23 31 30 3000
23 32 26 3000
23 33 33 3000
23 34 38 3000
23 35 27 3000
23 36 39 3000
23 37 33 3000
23 38 30 3000
23 39 23 3000
23 40 38 3000
23 41 22 3000
23 42 33 3000
23 43 36 3000
23 44 31 3000
23 45 47 3000
23 46 27 3000
23 47 27 3000
23 48 32 3000
23 49 27 3000
23 50 35 3000
23 51 33 3000
24 25 29 3000
24 26 27 3000
24 27 33 3000
24 28 31 3000
24 29 24 3000
24 30 26 3000
24 31 28 3000
24 32 23 3000
24 33 34 3000
24 34 28 3000
24 35 32 3000
24 36 32 3000
24 37 22 3000
24 38 23 3000
24 39 36 3000
24 40 32 3000
24 41 23 3000
24 42 32 3000
24 43 31 3000
24 44 37 3000
24 45 38 3000
24 46 28 3000
24 47 28 3000
24 48 30 3000
24 49 30 3000
24 50 25 3000
24 51 34 3000
25 26 16 3000
25 27 29 3000
25 28 22 3000
25 29 12 3000
25 30 27 3000
25 31 21 3000
25 32 19 3000
25 33 30 3000
25 34 34 3000
25 35 21 3000
25 36 34 3000
25 37 25 3000
25 38 32 3000
25 39 24 3000
25 40 34 3000
25 41 20 3000
25 42 22 3000
25 43 28 3000
25 44 27 3000
25 45 29 3000
25 46 23 3000
25 47 27 3000
25 48 30 3000
25 49 26 3000
25 50 23 3000
25 51 21 3000
26 27 35 3000
26 28 35 3000
26 29 31 3000
26 30 16 3000
26 31 27 3000
26 32 34 3000
26 33 29 3000
26 34 29 3000
26 35 34 3000
26 36 28 3000
26 37 37 3000
26 38 41 3000
26 39 29 3000
26 40 26 3000
26 41 21 3000
26 42 25 3000
26 43 40 3000
26 44 32 3000
26 45 35 3000
26 46 28 3000
26 47 31 3000
26 48 24 3000
26 49 36 3000
26 50 24 3000
26 51 35 3000
27 28 37 3000
27 29 27 3000
27 30 27 3000
27 31 27 3000
27 32 24 3000
27 33 33 3000
27 34 28 3000
27 35 30 3000
27 36 29 3000
27 37 33 3000
27 38 41 3000
27 39 28 3000
27 40 30 3000
27 41 20 3000
27 42 35 3000
27 43 44 3000
27 44 35 3000
27 45 28 3000
27 46 28 3000
27 47 28 3000
27 48 30 3000
27 49 31 3000
27 50 35 3000
27 51 38 3000
28 29 35 3000
28 30 33 3000
28 31 34 3000
28 32 33 3000
28 33 29 3000
28 34 34 3000
28 35 25 3000
28 36 31 3000
28 37 39 3000
28 38 38 3000
28 39 37 3000
28 40 33 3000
28 41 30 3000
28 42 30 3000
28 43 31 3000
28 44 33 3000
28 45 30 3000
28 46 26 3000
28 47 35 3000
28 48 23 3000
28 49 33 3000
28 50 18 3000
28 51 31 3000
29 30 36 3000
29 31 38 3000
29 32 25 3000
29 33 29 3000
29 34 26 3000
29 35 29 3000
29 36 27 3000
29 37 29 3000
29 38 23 3000
29 39 34 3000
29 40 32 3000
29 41 20 3000
29 42 34 3000
29 43 37 3000
29 44 23 3000
29 45 27 3000
29 46 21 3000
29 47 26 3000
29 48 27 3000
29 49 28 3000
29 50 37 3000
29 51 25 3000
30 31 29 3000
30 32 40 3000
30 33 35 3000
30 34 26 3000
30 35 38 3000
30 36 25 3000
30 37 24 3000
30 38 33 3000
30 39 25 3000
30 40 30 3000
30 41 25 3000
30 42 40 3000
30 43 32 3000
30 44 28 3000
30 45 29 3000
30 46 27 3000
30 47 35 3000
30 48 35 3000
30 49 29 3000
30 50 29 3000
30 51 35 3000
31 32 32 3000
31 33 29 3000
31 34 19 3000
31 35 22 3000
31 36 34 3000
31 37 33 3000
31 38 37 3000
31 39 20 3000
31 40 28 3000
31 41 22 3000
31 42 41 3000
31 43 45 3000
31 44 20 3000
31 45 43 3000
31 46 37 3000
31 47 33 3000
31 48 28 3000
31 49 37 3000
31 50 30 3000
31 51 29 3000
32 33 39 3000
32 34 34 3000
32 35 26 3000
32 36 29 3000
32 37 36 3000
32 38 29 3000
32 39 30 3000
32 40 34 3000
32 41 26 3000
32 42 29 3000
32 43 31 3000
32 44 38 3000
32 45 25 3000
32 46 29 3000
32 47 23 3000
32 48 28 3000
32 49 37 3000
32 50 30 3000
32 51 32 3000
33 34 33 3000
33 35 32 3000
33 36 36 3000
33 37 34 3000
33 38 39 3000
33 39 30 3000
33 40 41 3000
33 41 30 3000
33 42 26 3000
33 43 47 3000
33 44 35 3000
33 45 36 3000
33 46 32 3000
33 47 40 3000
33 48 29 3000
33 49 39 3000
33 50 31 3000
33 51 25 3000
34 35 35 3000
34 36 25 3000
34 37 34 3000
34 38 26 3000
34 39 33 3000
34 40 22 3000
34 41 24 3000
34 42 29 3000
34 43 34 3000
34 44 32 3000
34 45 40 3000
34 46 28 3000
34 47 33 3000
34 48 40 3000
34 49 23 3000
34 50 24 3000
34 51 33 3000
35 36 38 3000
35 37 29 3000
35 38 40 3000
35 39 25 3000
35 40 29 3000
35 41 26 3000
35 42 25 3000
35 43 30 3000
35 44 34 3000
35 45 39 3000
35 46 27 3000
35 47 29 3000
35 48 23 3000
35 49 31 3000
35 50 37 3000
35 51 26 3000
36 37 37 3000
36 38 33 3000
36 39 33 3000
36 40 27 3000
36 41 22 3000
36 42 32 3000
36 43 39 3000
36 44 36 3000
36 45 38 3000
36 46 32 3000
36 47 32 3000
36 48 38 3000
36 49 30 3000
36 50 30 3000
36 51 35 3000
37 38 33 3000
37 39 32 3000
37 40 34 3000
37 41 24 3000
37 42 35 3000
37 43 29 3000
37 44 31 3000
37 45 38 3000
37 46 33 3000
37 47 32 3000
37 48 27 3000
37 49 32 3000
37 50 44 3000
37 51 23 3000
38 39 23 3000
38 40 34 3000
38 41 25 3000
38 42 32 3000
38 43 36 3000
38 44 42 3000
38 45 28 3000
38 46 36 3000
38 47 26 3000
38 48 35 3000
38 49 28 3000
38 50 25 3000
38 51 25 3000
39 40 34 3000
39 41 27 3000
39 42 30 3000
39 43 34 3000
39 44 36 3000
39 45 32 3000
39 46 38 3000
39 47 28 3000
39 48 37 3000
39 49 37 3000
39 50 28 3000
39 51 34 3000
40 41 27 3000
40 42 27 3000
40 43 37 3000
40 44 26 3000
40 45 33 3000
40 46 39 3000
40 47 35 3000
40 48 32 3000
40 49 36 3000
40 50 34 3000
40 51 38 3000
41 42 25 3000
41 43 31 3000
41 44 38 3000
41 45 39 3000
41 46 32 3000
41 47 24 3000
41 48 17 3000
41 49 43 3000
41 50 29 3000
41 51 33 3000
42 43 34 3000
42 44 46 3000
42 45 30 3000
42 46 27 3000
42 47 41 3000
42 48 33 3000
42 49 38 3000
42 50 29 3000
42 51 26 3000
43 44 35 3000
43 45 39 3000
43 46 33 3000
43 47 29 3000
43 48 30 3000
43 49 32 3000
43 50 32 3000
43 51 28 3000
44 45 35 3000
44 46 40 3000
44 47 27 3000
44 48 31 3000
44 49 38 3000
44 50 31 3000
44 51 38 3000
45 46 35 3000
45 47 41 3000
45 48 24 3000
45 49 46 3000
45 50 28 3000
45 51 39 3000
46 47 29 3000
46 48 30 3000
46 49 39 3000
46 50 36 3000
46 51 34 3000
47 48 31 3000
47 49 38 3000
47 50 21 3000
47 51 29 3000
48 49 35 3000
48 50 40 3000
48 51 29 3000
49 50 40 3000
49 51 31 3000
50 51 35 3000
