0 1 115 3000
0 2 92 3000
0 3 63 3000
0 4 50 3000
0 5 37 3000
0 6 40 3000
0 7 45 3000
0 8 58 3000
0 9 54 3000
0 10 70 3000
0 11 102 3000
0 12 271 3000
0 13 233 3000
0 14 108 3000
0 15 86 3000
0 16 66 3000
0 17 51 3000
0 18 47 3000
0 19 35 3000
0 20 46 3000
0 21 52 3000
0 22 60 3000
0 23 75 3000
0 24 119 3000
0 25 201 3000
0 26 275 3000
0 27 143 3000
0 28 98 3000
0 29 61 3000
0 30 51 3000
0 31 34 3000
0 32 29 3000
0 33 46 3000
0 34 44 3000
0 35 58 3000
0 36 78 3000
0 37 91 3000
0 38 134 3000
0 39 278 3000
0 40 154 3000
0 41 95 3000
0 42 60 3000
0 43 46 3000
0 44 37 3000
0 45 55 3000
0 46 40 3000
0 47 40 3000
0 48 54 3000
0 49 63 3000
0 50 75 3000
0 51 152 3000
1 2 182 3000
1 3 98 3000
1 4 83 3000
1 5 50 3000
1 6 43 3000
1 7 47 3000
1 8 53 3000
1 9 50 3000
1 10 66 3000
1 11 88 3000
1 12 143 3000
1 13 221 3000
1 14 286 3000
1 15 177 3000
1 16 116 3000
1 17 71 3000
1 18 52 3000
1 19 40 3000
1 20 54 3000
1 21 51 3000
1 22 59 3000
1 23 78 3000
1 24 83 3000
1 25 134 3000
1 26 158 3000
1 27 302 3000
1 28 143 3000
1 29 83 3000
1 30 71 3000
1 31 56 3000
1 32 61 3000
1 33 47 3000
1 34 47 3000
1 35 52 3000
1 36 73 3000
1 37 71 3000
1 38 106 3000
1 39 178 3000
1 40 306 3000
1 41 175 3000
1 42 105 3000
1 43 74 3000
1 44 71 3000
1 45 54 3000
1 46 56 3000
1 47 43 3000
1 48 55 3000
1 49 52 3000
1 50 79 3000
1 51 112 3000
2 3 174 3000
2 4 122 3000
2 5 84 3000
2 6 75 3000
2 7 66 3000
2 8 67 3000
2 9 54 3000
2 10 75 3000
2 11 68 3000
2 12 104 3000
2 13 145 3000
2 14 261 3000
2 15 332 3000
2 16 182 3000
2 17 123 3000
2 18 96 3000
2 19 71 3000
2 20 60 3000
2 21 64 3000
2 22 52 3000
2 23 61 3000
2 24 70 3000
2 25 105 3000
2 26 120 3000
2 27 192 3000
2 28 349 3000
2 29 191 3000
2 30 123 3000
2 31 92 3000
2 32 72 3000
2 33 65 3000
2 34 57 3000
2 35 46 3000
2 36 66 3000
2 37 66 3000
2 38 79 3000
2 39 110 3000
2 40 182 3000
2 41 357 3000
2 42 177 3000
2 43 121 3000
2 44 86 3000
2 45 76 3000
2 46 57 3000
2 47 44 3000
2 48 64 3000
2 49 55 3000
2 50 65 3000
2 51 67 3000
3 4 204 3000
3 5 120 3000
3 6 98 3000
3 7 72 3000
3 8 62 3000
3 9 49 3000
3 10 68 3000
3 11 70 3000
3 12 82 3000
3 13 103 3000
3 14 146 3000
3 15 256 3000
3 16 344 3000
3 17 218 3000
3 18 131 3000
3 19 100 3000
3 20 79 3000
3 21 52 3000
3 22 61 3000
3 23 61 3000
3 24 64 3000
3 25 62 3000
3 26 85 3000
3 27 127 3000
3 28 214 3000
3 29 338 3000
3 30 211 3000
3 31 138 3000
3 32 78 3000
3 33 72 3000
3 34 69 3000
3 35 58 3000
3 36 58 3000
3 37 62 3000
3 38 54 3000
3 39 89 3000
3 40 120 3000
3 41 209 3000
3 42 346 3000
3 43 221 3000
3 44 126 3000
3 45 106 3000
3 46 72 3000
3 47 62 3000
3 48 48 3000
3 49 52 3000
3 50 57 3000
3 51 78 3000
4 5 230 3000
4 6 134 3000
4 7 109 3000
4 8 90 3000
4 9 61 3000
4 10 84 3000
4 11 63 3000
4 12 84 3000
4 13 86 3000
4 14 110 3000
4 15 146 3000
4 16 290 3000
4 17 381 3000
4 18 205 3000
4 19 144 3000
4 20 108 3000
4 21 70 3000
4 22 82 3000
4 23 59 3000
4 24 69 3000
4 25 64 3000
4 26 76 3000
4 27 85 3000
4 28 154 3000
4 29 228 3000
4 30 397 3000
4 31 206 3000
4 32 139 3000
4 33 112 3000
4 34 90 3000
4 35 63 3000
4 36 60 3000
4 37 53 3000
4 38 54 3000
4 39 76 3000
4 40 106 3000
4 41 127 3000
4 42 197 3000
4 43 374 3000
4 44 212 3000
4 45 152 3000
4 46 115 3000
4 47 76 3000
4 48 69 3000
4 49 58 3000
4 50 57 3000
4 51 63 3000
5 6 215 3000
5 7 140 3000
5 8 118 3000
5 9 82 3000
5 10 62 3000
5 11 57 3000
5 12 76 3000
5 13 77 3000
5 14 90 3000
5 15 101 3000
5 16 149 3000
5 17 282 3000
5 18 353 3000
5 19 178 3000
5 20 118 3000
5 21 109 3000
5 22 73 3000
5 23 74 3000
5 24 61 3000
5 25 60 3000
5 26 62 3000
5 27 50 3000
5 28 93 3000
5 29 104 3000
5 30 215 3000
5 31 339 3000
5 32 195 3000
5 33 151 3000
5 34 97 3000
5 35 68 3000
5 36 62 3000
5 37 47 3000
5 38 62 3000
5 39 58 3000
5 40 73 3000
5 41 104 3000
5 42 121 3000
5 43 235 3000
5 44 376 3000
5 45 226 3000
5 46 144 3000
5 47 108 3000
5 48 83 3000
5 49 67 3000
5 50 60 3000
5 51 53 3000
6 7 236 3000
6 8 158 3000
6 9 106 3000
6 10 93 3000
6 11 83 3000
6 12 77 3000
6 13 59 3000
6 14 56 3000
6 15 78 3000
6 16 110 3000
6 17 155 3000
6 18 270 3000
6 19 388 3000
6 20 207 3000
6 21 130 3000
6 22 98 3000
6 23 78 3000
6 24 69 3000
6 25 61 3000
6 26 55 3000
6 27 59 3000
6 28 78 3000
6 29 96 3000
6 30 121 3000
6 31 223 3000
6 32 361 3000
6 33 226 3000
6 34 133 3000
6 35 113 3000
6 36 85 3000
6 37 68 3000
6 38 59 3000
6 39 65 3000
6 40 52 3000
6 41 82 3000
6 42 97 3000
6 43 135 3000
6 44 235 3000
6 45 386 3000
6 46 224 3000
6 47 142 3000
6 48 102 3000
6 49 86 3000
6 50 54 3000
6 51 59 3000
7 8 267 3000
7 9 154 3000
7 10 117 3000
7 11 94 3000
7 12 97 3000
7 13 73 3000
7 14 63 3000
7 15 77 3000
7 16 87 3000
7 17 123 3000
7 18 206 3000
7 19 300 3000
7 20 373 3000
7 21 216 3000
7 22 153 3000
7 23 98 3000
7 24 89 3000
7 25 63 3000
7 26 39 3000
7 27 70 3000
7 28 69 3000
7 29 72 3000
7 30 125 3000
7 31 126 3000
7 32 205 3000
7 33 407 3000
7 34 250 3000
7 35 152 3000
7 36 115 3000
7 37 80 3000
7 38 63 3000
7 39 72 3000
7 40 75 3000
7 41 53 3000
7 42 78 3000
7 43 107 3000
7 44 187 3000
7 45 247 3000
7 46 381 3000
7 47 237 3000
7 48 146 3000
7 49 115 3000
7 50 84 3000
7 51 80 3000
8 9 270 3000
8 10 198 3000
8 11 127 3000
8 12 123 3000
8 13 65 3000
8 14 70 3000
8 15 73 3000
8 16 77 3000
8 17 107 3000
8 18 126 3000
8 19 204 3000
8 20 339 3000
8 21 389 3000
8 22 247 3000
8 23 160 3000
8 24 106 3000
8 25 82 3000
8 26 59 3000
8 27 71 3000
8 28 75 3000
8 29 81 3000
8 30 81 3000
8 31 117 3000
8 32 171 3000
8 33 258 3000
8 34 411 3000
8 35 244 3000
8 36 141 3000
8 37 116 3000
8 38 76 3000
8 39 69 3000
8 40 72 3000
8 41 71 3000
8 42 79 3000
8 43 101 3000
8 44 117 3000
8 45 160 3000
8 46 247 3000
8 47 396 3000
8 48 259 3000
8 49 168 3000
8 50 94 3000
8 51 84 3000
9 10 281 3000
9 11 158 3000
9 12 141 3000
9 13 85 3000
9 14 63 3000
9 15 75 3000
9 16 67 3000
9 17 84 3000
9 18 93 3000
9 19 115 3000
9 20 204 3000
9 21 339 3000
9 22 385 3000
9 23 235 3000
9 24 137 3000
9 25 91 3000
9 26 69 3000
9 27 56 3000
9 28 61 3000
9 29 52 3000
9 30 60 3000
9 31 99 3000
9 32 93 3000
9 33 150 3000
9 34 245 3000
9 35 413 3000
9 36 236 3000
9 37 122 3000
9 38 96 3000
9 39 75 3000
9 40 78 3000
9 41 45 3000
9 42 51 3000
9 43 73 3000
9 44 90 3000
9 45 110 3000
9 46 159 3000
9 47 247 3000
9 48 408 3000
9 49 240 3000
9 50 129 3000
9 51 91 3000
10 11 331 3000
10 12 277 3000
10 13 99 3000
10 14 76 3000
10 15 75 3000
10 16 67 3000
10 17 81 3000
10 18 79 3000
10 19 104 3000
10 20 137 3000
10 21 191 3000
10 22 339 3000
10 23 449 3000
10 24 263 3000
10 25 160 3000
10 26 114 3000
10 27 69 3000
10 28 66 3000
10 29 61 3000
10 30 76 3000
10 31 79 3000
10 32 77 3000
10 33 117 3000
10 34 178 3000
10 35 279 3000
10 36 416 3000
10 37 229 3000
10 38 140 3000
10 39 128 3000
10 40 75 3000
10 41 52 3000
10 42 67 3000
10 43 70 3000
10 44 70 3000
10 45 88 3000
10 46 118 3000
10 47 146 3000
10 48 260 3000
10 49 463 3000
10 50 250 3000
10 51 161 3000
11 12 462 3000
11 13 149 3000
11 14 91 3000
11 15 89 3000
11 16 73 3000
11 17 69 3000
11 18 76 3000
11 19 96 3000
11 20 96 3000
11 21 146 3000
11 22 197 3000
11 23 368 3000
11 24 426 3000
11 25 217 3000
11 26 141 3000
11 27 89 3000
11 28 86 3000
11 29 65 3000
11 30 65 3000
11 31 71 3000
11 32 70 3000
11 33 82 3000
11 34 126 3000
11 35 165 3000
11 36 248 3000
11 37 455 3000
11 38 228 3000
11 39 153 3000
11 40 96 3000
11 41 68 3000
11 42 63 3000
11 43 66 3000
11 44 54 3000
11 45 84 3000
11 46 97 3000
11 47 114 3000
11 48 161 3000
11 49 302 3000
11 50 473 3000
11 51 257 3000
12 13 336 3000
12 14 184 3000
12 15 109 3000
12 16 99 3000
12 17 88 3000
12 18 78 3000
12 19 83 3000
12 20 103 3000
12 21 124 3000
12 22 173 3000
12 23 284 3000
12 24 535 3000
12 25 735 3000
12 26 368 3000
12 27 177 3000
12 28 119 3000
12 29 87 3000
12 30 79 3000
12 31 72 3000
12 32 79 3000
12 33 91 3000
12 34 103 3000
12 35 134 3000
12 36 234 3000
12 37 380 3000
12 38 751 3000
12 39 369 3000
12 40 170 3000
12 41 111 3000
12 42 98 3000
12 43 105 3000
12 44 57 3000
12 45 85 3000
12 46 90 3000
12 47 95 3000
12 48 124 3000
12 49 215 3000
12 50 402 3000
12 51 791 3000
13 14 238 3000
13 15 173 3000
13 16 110 3000
13 17 91 3000
13 18 76 3000
13 19 61 3000
13 20 67 3000
13 21 64 3000
13 22 88 3000
13 23 122 3000
13 24 154 3000
13 25 276 3000
13 26 345 3000
13 27 258 3000
13 28 143 3000
13 29 103 3000
13 30 92 3000
13 31 67 3000
13 32 56 3000
13 33 61 3000
13 34 64 3000
13 35 68 3000
13 36 94 3000
13 37 135 3000
13 38 190 3000
13 39 374 3000
13 40 268 3000
13 41 153 3000
13 42 109 3000
13 43 79 3000
13 44 65 3000
13 45 57 3000
13 46 55 3000
13 47 60 3000
13 48 87 3000
13 49 95 3000
13 50 130 3000
13 51 199 3000
14 15 261 3000
14 16 155 3000
14 17 102 3000
14 18 78 3000
14 19 58 3000
14 20 55 3000
14 21 60 3000
14 22 75 3000
14 23 89 3000
14 24 106 3000
14 25 130 3000
14 26 195 3000
14 27 337 3000
14 28 258 3000
14 29 143 3000
14 30 105 3000
14 31 84 3000
14 32 60 3000
14 33 66 3000
14 34 64 3000
14 35 61 3000
14 36 73 3000
14 37 72 3000
14 38 129 3000
14 39 189 3000
14 40 338 3000
14 41 256 3000
14 42 151 3000
14 43 118 3000
14 44 94 3000
14 45 75 3000
14 46 58 3000
14 47 59 3000
14 48 64 3000
14 49 85 3000
14 50 90 3000
14 51 117 3000
15 16 280 3000
15 17 157 3000
15 18 115 3000
15 19 97 3000
15 20 81 3000
15 21 50 3000
15 22 73 3000
15 23 77 3000
15 24 66 3000
15 25 93 3000
15 26 112 3000
15 27 196 3000
15 28 347 3000
15 29 282 3000
15 30 155 3000
15 31 115 3000
15 32 71 3000
15 33 84 3000
15 34 71 3000
15 35 51 3000
15 36 65 3000
15 37 58 3000
15 38 90 3000
15 39 109 3000
15 40 190 3000
15 41 377 3000
15 42 292 3000
15 43 166 3000
15 44 126 3000
15 45 111 3000
15 46 67 3000
15 47 63 3000
15 48 58 3000
15 49 58 3000
15 50 69 3000
15 51 82 3000
16 17 289 3000
16 18 167 3000
16 19 112 3000
16 20 94 3000
16 21 70 3000
16 22 73 3000
16 23 67 3000
16 24 56 3000
16 25 64 3000
16 26 80 3000
16 27 111 3000
16 28 189 3000
16 29 325 3000
16 30 283 3000
16 31 153 3000
16 32 125 3000
16 33 92 3000
16 34 84 3000
16 35 52 3000
16 36 65 3000
16 37 61 3000
16 38 68 3000
16 39 91 3000
16 40 131 3000
16 41 216 3000
16 42 359 3000
16 43 273 3000
16 44 173 3000
16 45 109 3000
16 46 108 3000
16 47 61 3000
16 48 61 3000
16 49 62 3000
16 50 59 3000
16 51 67 3000
17 18 311 3000
17 19 177 3000
17 20 135 3000
17 21 102 3000
17 22 83 3000
17 23 80 3000
17 24 61 3000
17 25 59 3000
17 26 69 3000
17 27 91 3000
17 28 126 3000
17 29 209 3000
17 30 390 3000
17 31 267 3000
17 32 163 3000
17 33 138 3000
17 34 102 3000
17 35 65 3000
17 36 66 3000
17 37 65 3000
17 38 71 3000
17 39 75 3000
17 40 99 3000
17 41 131 3000
17 42 188 3000
17 43 391 3000
17 44 287 3000
17 45 169 3000
17 46 130 3000
17 47 85 3000
17 48 74 3000
17 49 74 3000
17 50 69 3000
17 51 64 3000
18 19 296 3000
18 20 172 3000
18 21 112 3000
18 22 81 3000
18 23 80 3000
18 24 77 3000
18 25 69 3000
18 26 71 3000
18 27 71 3000
18 28 100 3000
18 29 146 3000
18 30 223 3000
18 31 346 3000
18 32 298 3000
18 33 202 3000
18 34 133 3000
18 35 84 3000
18 36 77 3000
18 37 63 3000
18 38 61 3000
18 39 62 3000
18 40 76 3000
18 41 94 3000
18 42 140 3000
18 43 223 3000
18 44 325 3000
18 45 296 3000
18 46 174 3000
18 47 121 3000
18 48 93 3000
18 49 85 3000
18 50 77 3000
18 51 59 3000
19 20 289 3000
19 21 178 3000
19 22 147 3000
19 23 93 3000
19 24 69 3000
19 25 60 3000
19 26 59 3000
19 27 60 3000
19 28 82 3000
19 29 102 3000
19 30 126 3000
19 31 220 3000
19 32 331 3000
19 33 325 3000
19 34 181 3000
19 35 106 3000
19 36 95 3000
19 37 66 3000
19 38 67 3000
19 39 72 3000
19 40 61 3000
19 41 89 3000
19 42 93 3000
19 43 144 3000
19 44 196 3000
19 45 365 3000
19 46 287 3000
19 47 165 3000
19 48 126 3000
19 49 97 3000
19 50 64 3000
19 51 66 3000
20 21 317 3000
20 22 185 3000
20 23 129 3000
20 24 93 3000
20 25 77 3000
20 26 68 3000
20 27 53 3000
20 28 71 3000
20 29 92 3000
20 30 117 3000
20 31 161 3000
20 32 221 3000
20 33 379 3000
20 34 307 3000
20 35 172 3000
20 36 122 3000
20 37 105 3000
20 38 88 3000
20 39 68 3000
20 40 70 3000
20 41 60 3000
20 42 70 3000
20 43 117 3000
20 44 142 3000
20 45 224 3000
20 46 380 3000
20 47 286 3000
20 48 199 3000
20 49 124 3000
20 50 98 3000
20 51 71 3000
21 22 314 3000
21 23 169 3000
21 24 125 3000
21 25 75 3000
21 26 53 3000
21 27 57 3000
21 28 68 3000
21 29 52 3000
21 30 88 3000
21 31 111 3000
21 32 137 3000
21 33 236 3000
21 34 370 3000
21 35 280 3000
21 36 174 3000
21 37 120 3000
21 38 70 3000
21 39 68 3000
21 40 48 3000
21 41 53 3000
21 42 52 3000
21 43 71 3000
21 44 99 3000
21 45 128 3000
21 46 199 3000
21 47 359 3000
21 48 280 3000
21 49 183 3000
21 50 113 3000
21 51 90 3000
22 23 286 3000
22 24 168 3000
22 25 135 3000
22 26 83 3000
22 27 88 3000
22 28 60 3000
22 29 65 3000
22 30 69 3000
22 31 87 3000
22 32 86 3000
22 33 154 3000
22 34 240 3000
22 35 369 3000
22 36 308 3000
22 37 173 3000
22 38 107 3000
22 39 92 3000
22 40 82 3000
22 41 72 3000
22 42 67 3000
22 43 81 3000
22 44 78 3000
22 45 99 3000
22 46 144 3000
22 47 217 3000
22 48 373 3000
22 49 298 3000
22 50 161 3000
22 51 128 3000
23 24 325 3000
23 25 172 3000
23 26 122 3000
23 27 72 3000
23 28 75 3000
23 29 65 3000
23 30 60 3000
23 31 81 3000
23 32 73 3000
23 33 99 3000
23 34 164 3000
23 35 223 3000
23 36 384 3000
23 37 294 3000
23 38 178 3000
23 39 106 3000
23 40 84 3000
23 41 59 3000
23 42 54 3000
23 43 62 3000
23 44 68 3000
23 45 75 3000
23 46 106 3000
23 47 131 3000
23 48 218 3000
23 49 390 3000
23 50 303 3000
23 51 178 3000
24 25 283 3000
24 26 163 3000
24 27 118 3000
24 28 100 3000
24 29 58 3000
24 30 67 3000
24 31 72 3000
24 32 62 3000
24 33 99 3000
24 34 128 3000
24 35 156 3000
24 36 233 3000
24 37 376 3000
24 38 268 3000
24 39 191 3000
24 40 108 3000
24 41 75 3000
24 42 66 3000
24 43 65 3000
24 44 61 3000
24 45 66 3000
24 46 86 3000
24 47 95 3000
24 48 120 3000
24 49 234 3000
24 50 373 3000
24 51 280 3000
25 26 265 3000
25 27 167 3000
25 28 105 3000
25 29 66 3000
25 30 69 3000
25 31 58 3000
25 32 58 3000
25 33 78 3000
25 34 93 3000
25 35 94 3000
25 36 123 3000
25 37 201 3000
25 38 300 3000
25 39 285 3000
25 40 156 3000
25 41 95 3000
25 42 70 3000
25 43 62 3000
25 44 57 3000
25 45 68 3000
25 46 58 3000
25 47 62 3000
25 48 96 3000
25 49 127 3000
25 50 195 3000
25 51 336 3000
26 27 200 3000
26 28 131 3000
26 29 78 3000
26 30 66 3000
26 31 61 3000
26 32 55 3000
26 33 56 3000
26 34 64 3000
26 35 66 3000
26 36 96 3000
26 37 134 3000
26 38 193 3000
26 39 357 3000
26 40 180 3000
26 41 97 3000
26 42 95 3000
26 43 81 3000
26 44 61 3000
26 45 55 3000
26 46 61 3000
26 47 57 3000
26 48 71 3000
26 49 85 3000
26 50 134 3000
26 51 216 3000
27 28 195 3000
27 29 110 3000
27 30 84 3000
27 31 63 3000
27 32 56 3000
27 33 70 3000
27 34 54 3000
27 35 54 3000
27 36 74 3000
27 37 87 3000
27 38 132 3000
27 39 193 3000
27 40 390 3000
27 41 178 3000
27 42 129 3000
27 43 94 3000
27 44 65 3000
27 45 57 3000
27 46 52 3000
27 47 49 3000
27 48 59 3000
27 49 72 3000
27 50 88 3000
27 51 131 3000
28 29 223 3000
28 30 144 3000
28 31 94 3000
28 32 90 3000
28 33 71 3000
28 34 65 3000
28 35 45 3000
28 36 69 3000
28 37 73 3000
28 38 81 3000
28 39 137 3000
28 40 218 3000
28 41 354 3000
28 42 196 3000
28 43 123 3000
28 44 104 3000
28 45 81 3000
28 46 71 3000
28 47 60 3000
28 48 53 3000
28 49 63 3000
28 50 73 3000
28 51 83 3000
29 30 221 3000
29 31 119 3000
29 32 72 3000
29 33 76 3000
29 34 75 3000
29 35 62 3000
29 36 64 3000
29 37 61 3000
29 38 54 3000
29 39 86 3000
29 40 123 3000
29 41 217 3000
29 42 368 3000
29 43 217 3000
29 44 129 3000
29 45 86 3000
29 46 74 3000
29 47 56 3000
29 48 61 3000
29 49 51 3000
29 50 64 3000
29 51 58 3000
30 31 224 3000
30 32 139 3000
30 33 115 3000
30 34 72 3000
30 35 67 3000
30 36 75 3000
30 37 43 3000
30 38 41 3000
30 39 63 3000
30 40 84 3000
30 41 124 3000
30 42 196 3000
30 43 402 3000
30 44 219 3000
30 45 124 3000
30 46 104 3000
30 47 73 3000
30 48 78 3000
30 49 57 3000
30 50 53 3000
30 51 60 3000
31 32 237 3000
31 33 165 3000
31 34 92 3000
31 35 77 3000
31 36 73 3000
31 37 63 3000
31 38 66 3000
31 39 51 3000
31 40 64 3000
31 41 90 3000
31 42 136 3000
31 43 229 3000
31 44 352 3000
31 45 220 3000
31 46 129 3000
31 47 101 3000
31 48 71 3000
31 49 67 3000
31 50 56 3000
31 51 62 3000
32 33 228 3000
32 34 142 3000
32 35 82 3000
32 36 68 3000
32 37 62 3000
32 38 56 3000
32 39 63 3000
32 40 61 3000
32 41 68 3000
32 42 76 3000
32 43 171 3000
32 44 220 3000
32 45 389 3000
32 46 210 3000
32 47 152 3000
32 48 105 3000
32 49 100 3000
32 50 68 3000
32 51 57 3000
33 34 261 3000
33 35 150 3000
33 36 119 3000
33 37 95 3000
33 38 62 3000
33 39 65 3000
33 40 69 3000
33 41 79 3000
33 42 79 3000
33 43 107 3000
33 44 151 3000
33 45 235 3000
33 46 409 3000
33 47 239 3000
33 48 154 3000
33 49 106 3000
33 50 87 3000
33 51 76 3000
34 35 232 3000
34 36 148 3000
34 37 108 3000
34 38 77 3000
34 39 79 3000
34 40 60 3000
34 41 50 3000
34 42 56 3000
34 43 75 3000
34 44 101 3000
34 45 145 3000
34 46 224 3000
34 47 394 3000
34 48 236 3000
34 49 140 3000
34 50 102 3000
34 51 76 3000
35 36 258 3000
35 37 149 3000
35 38 105 3000
35 39 67 3000
35 40 69 3000
35 41 51 3000
35 42 52 3000
35 43 75 3000
35 44 78 3000
35 45 105 3000
35 46 152 3000
35 47 212 3000
35 48 373 3000
35 49 227 3000
35 50 140 3000
35 51 94 3000
36 37 226 3000
36 38 133 3000
36 39 103 3000
36 40 85 3000
36 41 52 3000
36 42 54 3000
36 43 65 3000
36 44 52 3000
36 45 87 3000
36 46 123 3000
36 47 142 3000
36 48 226 3000
36 49 412 3000
36 50 236 3000
36 51 134 3000
37 38 219 3000
37 39 156 3000
37 40 101 3000
37 41 67 3000
37 42 57 3000
37 43 49 3000
37 44 76 3000
37 45 64 3000
37 46 75 3000
37 47 100 3000
37 48 139 3000
37 49 239 3000
37 50 384 3000
37 51 192 3000
38 39 222 3000
38 40 131 3000
38 41 82 3000
38 42 55 3000
38 43 67 3000
38 44 54 3000
38 45 58 3000
38 46 75 3000
38 47 75 3000
38 48 97 3000
38 49 147 3000
38 50 211 3000
38 51 312 3000
39 40 208 3000
39 41 130 3000
39 42 87 3000
39 43 72 3000
39 44 71 3000
39 45 62 3000
39 46 63 3000
39 47 69 3000
39 48 80 3000
39 49 104 3000
39 50 142 3000
39 51 232 3000
40 41 221 3000
40 42 131 3000
40 43 81 3000
40 44 83 3000
40 45 71 3000
40 46 66 3000
40 47 58 3000
40 48 64 3000
40 49 82 3000
40 50 82 3000
40 51 142 3000
41 42 202 3000
41 43 140 3000
41 44 97 3000
41 45 71 3000
41 46 54 3000
41 47 48 3000
41 48 46 3000
41 49 56 3000
41 50 63 3000
41 51 89 3000
42 43 230 3000
42 44 120 3000
42 45 93 3000
42 46 74 3000
42 47 64 3000
42 48 59 3000
42 49 62 3000
42 50 56 3000
42 51 64 3000
43 44 249 3000
43 45 161 3000
43 46 108 3000
43 47 98 3000
43 48 67 3000
43 49 60 3000
43 50 66 3000
43 51 51 3000
44 45 218 3000
44 46 155 3000
44 47 89 3000
44 48 81 3000
44 49 72 3000
44 50 57 3000
44 51 51 3000
45 46 228 3000
45 47 156 3000
45 48 101 3000
45 49 78 3000
45 50 61 3000
45 51 64 3000
46 47 222 3000
46 48 154 3000
46 49 119 3000
46 50 77 3000
46 51 58 3000
47 48 245 3000
47 49 156 3000
47 50 85 3000
47 51 80 3000
48 49 247 3000
48 50 118 3000
48 51 107 3000
49 50 220 3000
49 51 143 3000
50 51 233 3000
