0 1 22 3000
0 2 26 3000
0 3 10 3000
0 4 19 3000
0 5 18 3000
0 6 12 3000
0 7 15 3000
0 8 20 3000
0 9 14 3000
0 10 15 3000
0 11 12 3000
0 12 69 3000
0 13 20 3000
0 14 16 3000
0 15 16 3000
0 16 25 3000
0 17 19 3000
0 18 17 3000
0 19 20 3000
0 20 23 3000
0 21 19 3000
0 22 19 3000
0 23 21 3000
0 24 14 3000
0 25 21 3000
0 26 17 3000
0 27 21 3000
0 28 25 3000
0 29 11 3000
0 30 13 3000
0 31 18 3000
0 32 19 3000
0 33 21 3000
0 34 22 3000
0 35 14 3000
0 36 16 3000
0 37 16 3000
0 38 17 3000
0 39 18 3000
0 40 13 3000
0 41 17 3000
0 42 8 3000
0 43 16 3000
0 44 21 3000
0 45 26 3000
0 46 21 3000
0 47 20 3000
0 48 24 3000
0 49 18 3000
0 50 14 3000
0 51 22 3000
1 2 35 3000
1 3 20 3000
1 4 26 3000
1 5 18 3000
1 6 14 3000
1 7 17 3000
1 8 22 3000
1 9 19 3000
1 10 22 3000
1 11 15 3000
1 12 29 3000
1 13 19 3000
1 14 21 3000
1 15 20 3000
1 16 16 3000
1 17 22 3000
1 18 15 3000
1 19 20 3000
1 20 32 3000
1 21 17 3000
1 22 14 3000
1 23 24 3000
1 24 21 3000
1 25 24 3000
1 26 17 3000
1 27 18 3000
1 28 24 3000
1 29 17 3000
1 30 18 3000
1 31 15 3000
1 32 26 3000
1 33 22 3000
1 34 11 3000
1 35 16 3000
1 36 24 3000
1 37 27 3000
1 38 23 3000
1 39 23 3000
1 40 17 3000
1 41 20 3000
1 42 17 3000
1 43 16 3000
1 44 19 3000
1 45 17 3000
1 46 17 3000
1 47 16 3000
1 48 21 3000
1 49 15 3000
1 50 15 3000
1 51 20 3000
2 3 21 3000
2 4 24 3000
2 5 26 3000
2 6 23 3000
2 7 18 3000
2 8 20 3000
2 9 15 3000
2 10 23 3000
2 11 19 3000
2 12 25 3000
2 13 12 3000
2 14 27 3000
2 15 15 3000
2 16 18 3000
2 17 23 3000
2 18 21 3000
2 19 22 3000
2 20 22 3000
2 21 16 3000
2 22 14 3000
2 23 18 3000
2 24 16 3000
2 25 24 3000
2 26 22 3000
2 27 24 3000
2 28 19 3000
2 29 11 3000
2 30 18 3000
2 31 21 3000
2 32 22 3000
2 33 22 3000
2 34 21 3000
2 35 15 3000
2 36 25 3000
2 37 14 3000
2 38 25 3000
2 39 17 3000
2 40 16 3000
2 41 19 3000
2 42 15 3000
2 43 22 3000
2 44 14 3000
2 45 23 3000
2 46 18 3000
2 47 18 3000
2 48 15 3000
2 49 20 3000
2 50 17 3000
2 51 12 3000
3 4 14 3000
3 5 17 3000
3 6 14 3000
3 7 22 3000
3 8 20 3000
3 9 19 3000
3 10 25 3000
3 11 20 3000
3 12 24 3000
3 13 20 3000
3 14 18 3000
3 15 21 3000
3 16 13 3000
3 17 12 3000
3 18 23 3000
3 19 18 3000
3 20 20 3000
3 21 15 3000
3 22 13 3000
3 23 22 3000
3 24 13 3000
3 25 19 3000
3 26 17 3000
3 27 19 3000
3 28 20 3000
3 29 13 3000
3 30 20 3000
3 31 16 3000
3 32 14 3000
3 33 23 3000
3 34 23 3000
3 35 20 3000
3 36 23 3000
3 37 26 3000
3 38 13 3000
3 39 20 3000
3 40 17 3000
3 41 21 3000
3 42 20 3000
3 43 24 3000
3 44 16 3000
3 45 30 3000
3 46 12 3000
3 47 13 3000
3 48 19 3000
3 49 19 3000
3 50 22 3000
3 51 25 3000
4 5 19 3000
4 6 19 3000
4 7 24 3000
4 8 22 3000
4 9 23 3000
4 10 17 3000
4 11 24 3000
4 12 13 3000
4 13 20 3000
4 14 20 3000
4 15 20 3000
4 16 25 3000
4 17 20 3000
4 18 16 3000
4 19 25 3000
4 20 19 3000
4 21 12 3000
4 22 21 3000
4 23 21 3000
4 24 21 3000
4 25 24 3000
4 26 22 3000
4 27 18 3000
4 28 18 3000
4 29 18 3000
4 30 19 3000
4 31 20 3000
4 32 17 3000
4 33 18 3000
4 34 16 3000
4 35 19 3000
4 36 17 3000
4 37 20 3000
4 38 17 3000
4 39 20 3000
4 40 25 3000
4 41 13 3000
4 42 16 3000
4 43 28 3000
4 44 16 3000
4 45 17 3000
4 46 19 3000
4 47 19 3000
4 48 24 3000
4 49 16 3000
4 50 15 3000
4 51 18 3000
5 6 25 3000
5 7 17 3000
5 8 15 3000
5 9 17 3000
5 10 20 3000
5 11 18 3000
5 12 22 3000
5 13 29 3000
5 14 17 3000
5 15 11 3000
5 16 21 3000
5 17 21 3000
5 18 29 3000
5 19 13 3000
5 20 20 3000
5 21 10 3000
5 22 20 3000
5 23 22 3000
5 24 15 3000
5 25 16 3000
5 26 13 3000
5 27 14 3000
5 28 17 3000
5 29 17 3000
5 30 11 3000
5 31 17 3000
5 32 11 3000
5 33 25 3000
5 34 22 3000
5 35 15 3000
5 36 20 3000
5 37 18 3000
5 38 21 3000
5 39 21 3000
5 40 19 3000
5 41 21 3000
5 42 14 3000
5 43 21 3000
5 44 17 3000
5 45 16 3000
5 46 19 3000
5 47 16 3000
5 48 25 3000
5 49 23 3000
5 50 18 3000
5 51 20 3000
6 7 18 3000
6 8 17 3000
6 9 15 3000
6 10 23 3000
6 11 19 3000
6 12 21 3000
6 13 22 3000
6 14 20 3000
6 15 15 3000
6 16 17 3000
6 17 21 3000
6 18 17 3000
6 19 23 3000
6 20 13 3000
6 21 18 3000
6 22 18 3000
6 23 19 3000
6 24 23 3000
6 25 20 3000
6 26 12 3000
6 27 17 3000
6 28 22 3000
6 29 12 3000
6 30 19 3000
6 31 19 3000
6 32 17 3000
6 33 18 3000
6 34 14 3000
6 35 18 3000
6 36 17 3000
6 37 15 3000
6 38 11 3000
6 39 23 3000
6 40 15 3000
6 41 17 3000
6 42 21 3000
6 43 27 3000
6 44 17 3000
6 45 18 3000
6 46 19 3000
6 47 12 3000
6 48 14 3000
6 49 13 3000
6 50 14 3000
6 51 17 3000
7 8 19 3000
7 9 18 3000
7 10 12 3000
7 11 18 3000
7 12 16 3000
7 13 19 3000
7 14 19 3000
7 15 18 3000
7 16 16 3000
7 17 17 3000
7 18 20 3000
7 19 20 3000
7 20 21 3000
7 21 15 3000
7 22 19 3000
7 23 18 3000
7 24 15 3000
7 25 12 3000
7 26 19 3000
7 27 13 3000
7 28 22 3000
7 29 16 3000
7 30 23 3000
7 31 11 3000
7 32 19 3000
7 33 26 3000
7 34 24 3000
7 35 26 3000
7 36 21 3000
7 37 20 3000
7 38 19 3000
7 39 21 3000
7 40 17 3000
7 41 15 3000
7 42 11 3000
7 43 12 3000
7 44 17 3000
7 45 15 3000
7 46 16 3000
7 47 19 3000
7 48 16 3000
7 49 14 3000
7 50 19 3000
7 51 29 3000
8 9 16 3000
8 10 32 3000
8 11 22 3000
8 12 22 3000
8 13 26 3000
8 14 26 3000
8 15 22 3000
8 16 19 3000
8 17 25 3000
8 18 27 3000
8 19 29 3000
8 20 18 3000
8 21 22 3000
8 22 22 3000
8 23 20 3000
8 24 14 3000
8 25 21 3000
8 26 22 3000
8 27 25 3000
8 28 18 3000
8 29 17 3000
8 30 18 3000
8 31 22 3000
8 32 19 3000
8 33 17 3000
8 34 15 3000
8 35 15 3000
8 36 26 3000
8 37 21 3000
8 38 19 3000
8 39 21 3000
8 40 20 3000
8 41 18 3000
8 42 15 3000
8 43 22 3000
8 44 27 3000
8 45 17 3000
8 46 29 3000
8 47 24 3000
8 48 15 3000
8 49 23 3000
8 50 22 3000
8 51 28 3000
9 10 24 3000
9 11 12 3000
9 12 20 3000
9 13 22 3000
9 14 21 3000
9 15 16 3000
9 16 22 3000
9 17 17 3000
9 18 18 3000
9 19 11 3000
9 20 15 3000
9 21 23 3000
9 22 20 3000
9 23 20 3000
9 24 11 3000
9 25 11 3000
9 26 15 3000
9 27 19 3000
9 28 16 3000
9 29 16 3000
9 30 22 3000
9 31 25 3000
9 32 15 3000
9 33 23 3000
9 34 16 3000
9 35 14 3000
9 36 19 3000
9 37 16 3000
9 38 14 3000
9 39 15 3000
9 40 21 3000
9 41 15 3000
9 42 26 3000
9 43 28 3000
9 44 17 3000
9 45 10 3000
9 46 20 3000
9 47 19 3000
9 48 25 3000
9 49 15 3000
9 50 18 3000
9 51 20 3000
10 11 16 3000
10 12 29 3000
10 13 15 3000
10 14 18 3000
10 15 24 3000
10 16 17 3000
10 17 25 3000
10 18 23 3000
10 19 15 3000
10 20 23 3000
10 21 12 3000
10 22 17 3000
10 23 26 3000
10 24 22 3000
10 25 16 3000
10 26 23 3000
10 27 18 3000
10 28 19 3000
10 29 22 3000
10 30 16 3000
10 31 26 3000
10 32 11 3000
10 33 17 3000
10 34 27 3000
10 35 15 3000
10 36 25 3000
10 37 17 3000
10 38 29 3000
10 39 17 3000
10 40 15 3000
10 41 11 3000
10 42 15 3000
10 43 12 3000
10 44 17 3000
10 45 18 3000
10 46 10 3000
10 47 17 3000
10 48 17 3000
10 49 20 3000
10 50 16 3000
10 51 20 3000
11 12 23 3000
11 13 23 3000
11 14 18 3000
11 15 17 3000
11 16 21 3000
11 17 15 3000
11 18 18 3000
11 19 15 3000
11 20 21 3000
11 21 15 3000
11 22 13 3000
11 23 22 3000
11 24 13 3000
11 25 13 3000
11 26 16 3000
11 27 15 3000
11 28 19 3000
11 29 15 3000
11 30 13 3000
11 31 16 3000
11 32 20 3000
11 33 24 3000
11 34 11 3000
11 35 22 3000
11 36 19 3000
11 37 16 3000
11 38 18 3000
11 39 19 3000
11 40 15 3000
11 41 13 3000
11 42 19 3000
11 43 13 3000
11 44 18 3000
11 45 21 3000
11 46 13 3000
11 47 21 3000
11 48 20 3000
11 49 19 3000
11 50 14 3000
11 51 25 3000
12 13 18 3000
12 14 21 3000
12 15 17 3000
12 16 23 3000
12 17 31 3000
12 18 27 3000
12 19 13 3000
12 20 26 3000
12 21 23 3000
12 22 19 3000
12 23 18 3000
12 24 24 3000
12 25 26 3000
12 26 19 3000
12 27 19 3000
12 28 13 3000
12 29 23 3000
12 30 17 3000
12 31 19 3000
12 32 25 3000
12 33 25 3000
12 34 15 3000
12 35 18 3000
12 36 21 3000
12 37 22 3000
12 38 17 3000
12 39 20 3000
12 40 16 3000
12 41 13 3000
12 42 32 3000
12 43 22 3000
12 44 14 3000
12 45 22 3000
12 46 19 3000
12 47 20 3000
12 48 22 3000
12 49 21 3000
12 50 23 3000
12 51 26 3000
13 14 16 3000
13 15 21 3000
13 16 17 3000
13 17 22 3000
13 18 15 3000
13 19 18 3000
13 20 19 3000
13 21 18 3000
13 22 21 3000
13 23 14 3000
13 24 15 3000
13 25 16 3000
13 26 31 3000
13 27 25 3000
13 28 18 3000
13 29 16 3000
13 30 24 3000
13 31 19 3000
13 32 21 3000
13 33 15 3000
13 34 20 3000
13 35 20 3000
13 36 14 3000
13 37 27 3000
13 38 17 3000
13 39 17 3000
13 40 21 3000
13 41 19 3000
13 42 14 3000
13 43 13 3000
13 44 16 3000
13 45 12 3000
13 46 24 3000
13 47 20 3000
13 48 27 3000
13 49 15 3000
13 50 17 3000
13 51 23 3000
14 15 14 3000
14 16 22 3000
14 17 18 3000
14 18 24 3000
14 19 15 3000
14 20 21 3000
14 21 15 3000
14 22 21 3000
14 23 12 3000
14 24 12 3000
14 25 19 3000
14 26 22 3000
14 27 27 3000
14 28 17 3000
14 29 16 3000
14 30 19 3000
14 31 15 3000
14 32 21 3000
14 33 21 3000
14 34 13 3000
14 35 16 3000
14 36 23 3000
14 37 10 3000
14 38 14 3000
14 39 12 3000
14 40 15 3000
14 41 13 3000
14 42 14 3000
14 43 27 3000
14 44 21 3000
14 45 16 3000
14 46 16 3000
14 47 9 3000
14 48 22 3000
14 49 12 3000
14 50 22 3000
14 51 21 3000
15 16 22 3000
15 17 26 3000
15 18 20 3000
15 19 24 3000
15 20 16 3000
15 21 17 3000
15 22 18 3000
15 23 20 3000
15 24 22 3000
15 25 15 3000
15 26 17 3000
15 27 22 3000
15 28 14 3000
15 29 15 3000
15 30 20 3000
15 31 21 3000
15 32 19 3000
15 33 20 3000
15 34 13 3000
15 35 21 3000
15 36 18 3000
15 37 12 3000
15 38 23 3000
15 39 15 3000
15 40 20 3000
15 41 27 3000
15 42 18 3000
15 43 25 3000
15 44 14 3000
15 45 18 3000
15 46 25 3000
15 47 12 3000
15 48 16 3000
15 49 15 3000
15 50 27 3000
15 51 23 3000
16 17 22 3000
16 18 22 3000
16 19 17 3000
16 20 20 3000
16 21 14 3000
16 22 23 3000
16 23 25 3000
16 24 14 3000
16 25 13 3000
16 26 14 3000
16 27 23 3000
16 28 19 3000
16 29 20 3000
16 30 12 3000
16 31 18 3000
16 32 19 3000
16 33 17 3000
16 34 12 3000
16 35 17 3000
16 36 24 3000
16 37 21 3000
16 38 17 3000
16 39 10 3000
16 40 15 3000
16 41 18 3000
16 42 18 3000
16 43 17 3000
16 44 15 3000
16 45 14 3000
16 46 23 3000
16 47 14 3000
16 48 21 3000
16 49 19 3000
16 50 25 3000
16 51 19 3000
17 18 18 3000
17 19 24 3000
17 20 20 3000
17 21 20 3000
17 22 23 3000
17 23 19 3000
17 24 18 3000
17 25 15 3000
17 26 19 3000
17 27 18 3000
17 28 21 3000
17 29 16 3000
17 30 19 3000
17 31 11 3000
17 32 13 3000
17 33 21 3000
17 34 14 3000
17 35 11 3000
17 36 17 3000
17 37 25 3000
17 38 15 3000
17 39 16 3000
17 40 15 3000
17 41 14 3000
17 42 15 3000
17 43 20 3000
17 44 18 3000
17 45 18 3000
17 46 15 3000
17 47 14 3000
17 48 23 3000
17 49 19 3000
17 50 18 3000
17 51 19 3000
18 19 19 3000
18 20 15 3000
18 21 17 3000
18 22 17 3000
18 23 18 3000
18 24 17 3000
18 25 21 3000
18 26 20 3000
18 27 17 3000
18 28 29 3000
18 29 14 3000
18 30 22 3000
18 31 13 3000
18 32 19 3000
18 33 14 3000
18 34 20 3000
18 35 18 3000
18 36 22 3000
18 37 15 3000
18 38 24 3000
18 39 21 3000
18 40 17 3000
18 41 14 3000
18 42 18 3000
18 43 24 3000
18 44 19 3000
18 45 17 3000
18 46 12 3000
18 47 14 3000
18 48 18 3000
18 49 9 3000
18 50 19 3000
18 51 22 3000
19 20 15 3000
19 21 18 3000
19 22 23 3000
19 23 16 3000
19 24 13 3000
19 25 14 3000
19 26 14 3000
19 27 23 3000
19 28 16 3000
19 29 12 3000
19 30 11 3000
19 31 19 3000
19 32 14 3000
19 33 15 3000
19 34 19 3000
19 35 21 3000
19 36 17 3000
19 37 17 3000
19 38 17 3000
19 39 17 3000
19 40 19 3000
19 41 15 3000
19 42 18 3000
19 43 21 3000
19 44 25 3000
19 45 12 3000
19 46 17 3000
19 47 8 3000
19 48 17 3000
19 49 16 3000
19 50 14 3000
19 51 17 3000
20 21 28 3000
20 22 18 3000
20 23 19 3000
20 24 13 3000
20 25 18 3000
20 26 16 3000
20 27 20 3000
20 28 19 3000
20 29 22 3000
20 30 13 3000
20 31 22 3000
20 32 15 3000
20 33 16 3000
20 34 24 3000
20 35 21 3000
20 36 20 3000
20 37 18 3000
20 38 14 3000
20 39 20 3000
20 40 23 3000
20 41 15 3000
20 42 14 3000
20 43 13 3000
20 44 16 3000
20 45 23 3000
20 46 17 3000
20 47 22 3000
20 48 26 3000
20 49 20 3000
20 50 21 3000
20 51 22 3000
21 22 22 3000
21 23 17 3000
21 24 14 3000
21 25 17 3000
21 26 15 3000
21 27 20 3000
21 28 15 3000
21 29 14 3000
21 30 22 3000
21 31 14 3000
21 32 24 3000
21 33 29 3000
21 34 18 3000
21 35 17 3000
21 36 9 3000
21 37 13 3000
21 38 16 3000
21 39 22 3000
21 40 19 3000
21 41 24 3000
21 42 14 3000
21 43 17 3000
21 44 14 3000
21 45 14 3000
21 46 16 3000
21 47 20 3000
21 48 19 3000
21 49 28 3000
21 50 13 3000
21 51 14 3000
22 23 21 3000
22 24 14 3000
22 25 12 3000
22 26 13 3000
22 27 20 3000
22 28 18 3000
22 29 17 3000
22 30 16 3000
22 31 23 3000
22 32 20 3000
22 33 23 3000
22 34 21 3000
22 35 18 3000
22 36 19 3000
22 37 27 3000
22 38 19 3000
22 39 17 3000
22 40 10 3000
22 41 13 3000
22 42 21 3000
22 43 23 3000
22 44 18 3000
22 45 20 3000
22 46 21 3000
22 47 15 3000
22 48 20 3000
22 49 22 3000
22 50 20 3000
22 51 24 3000
23 24 23 3000
23 25 21 3000
23 26 23 3000
23 27 22 3000
23 28 16 3000
23 29 27 3000
23 30 20 3000
23 31 27 3000
23 32 18 3000
23 33 20 3000
23 34 20 3000
23 35 21 3000
23 36 24 3000
23 37 12 3000
23 38 10 3000
23 39 19 3000
23 40 16 3000
23 41 16 3000
23 42 15 3000
23 43 25 3000
23 44 17 3000
23 45 19 3000
23 46 18 3000
23 47 9 3000
23 48 22 3000
23 49 14 3000
23 50 24 3000
23 51 19 3000
24 25 14 3000
24 26 25 3000
24 27 17 3000
24 28 21 3000
24 29 19 3000
24 30 12 3000
24 31 15 3000
24 32 16 3000
24 33 24 3000
24 34 15 3000
24 35 23 3000
24 36 18 3000
24 37 18 3000
24 38 18 3000
24 39 20 3000
24 40 21 3000
24 41 11 3000
24 42 27 3000
24 43 15 3000
24 44 21 3000
24 45 26 3000
24 46 15 3000
24 47 17 3000
24 48 11 3000
24 49 19 3000
24 50 17 3000
24 51 24 3000
25 26 13 3000
25 27 16 3000
25 28 24 3000
25 29 13 3000
25 30 19 3000
25 31 19 3000
25 32 12 3000
25 33 12 3000
25 34 23 3000
25 35 12 3000
25 36 17 3000
25 37 20 3000
25 38 16 3000
25 39 25 3000
25 40 21 3000
25 41 10 3000
25 42 16 3000
25 43 17 3000
25 44 12 3000
25 45 17 3000
25 46 12 3000
25 47 12 3000
25 48 20 3000
25 49 15 3000
25 50 9 3000
25 51 17 3000
26 27 23 3000
26 28 17 3000
26 29 28 3000
26 30 15 3000
26 31 14 3000
26 32 18 3000
26 33 19 3000
26 34 21 3000
26 35 18 3000
26 36 24 3000
26 37 21 3000
26 38 17 3000
26 39 17 3000
26 40 24 3000
26 41 11 3000
26 42 18 3000
26 43 19 3000
26 44 20 3000
26 45 20 3000
26 46 15 3000
26 47 21 3000
26 48 17 3000
26 49 18 3000
26 50 18 3000
26 51 20 3000
27 28 25 3000
27 29 21 3000
27 30 19 3000
27 31 22 3000
27 32 23 3000
27 33 21 3000
27 34 19 3000
27 35 27 3000
27 36 21 3000
27 37 24 3000
27 38 24 3000
27 39 25 3000
27 40 12 3000
27 41 17 3000
27 42 25 3000
27 43 21 3000
27 44 23 3000
27 45 19 3000
27 46 15 3000
27 47 16 3000
27 48 21 3000
27 49 23 3000
27 50 15 3000
27 51 18 3000
28 29 21 3000
28 30 17 3000
28 31 21 3000
28 32 22 3000
28 33 20 3000
28 34 20 3000
28 35 9 3000
28 36 16 3000
28 37 29 3000
28 38 17 3000
28 39 29 3000
28 40 13 3000
28 41 15 3000
28 42 25 3000
28 43 25 3000
28 44 20 3000
28 45 14 3000
28 46 22 3000
28 47 16 3000
28 48 15 3000
28 49 23 3000
28 50 23 3000
28 51 23 3000
29 30 18 3000
29 31 19 3000
29 32 24 3000
29 33 19 3000
29 34 16 3000
29 35 20 3000
29 36 16 3000
29 37 19 3000
29 38 14 3000
29 39 16 3000
29 40 21 3000
29 41 13 3000
29 42 14 3000
29 43 21 3000
29 44 18 3000
29 45 17 3000
29 46 21 3000
29 47 14 3000
29 48 15 3000
29 49 16 3000
29 50 18 3000
29 51 21 3000
30 31 17 3000
30 32 34 3000
30 33 16 3000
30 34 13 3000
30 35 21 3000
30 36 18 3000
30 37 19 3000
30 38 19 3000
30 39 12 3000
30 40 16 3000
30 41 17 3000
30 42 29 3000
30 43 18 3000
30 44 17 3000
30 45 13 3000
30 46 12 3000
30 47 18 3000
30 48 19 3000
30 49 11 3000
30 50 16 3000
30 51 18 3000
31 32 25 3000
31 33 20 3000
31 34 14 3000
31 35 14 3000
31 36 25 3000
31 37 19 3000
31 38 14 3000
31 39 21 3000
31 40 15 3000
31 41 16 3000
31 42 25 3000
31 43 20 3000
31 44 24 3000
31 45 18 3000
31 46 16 3000
31 47 15 3000
31 48 13 3000
31 49 13 3000
31 50 21 3000
31 51 20 3000
32 33 24 3000
32 34 21 3000
32 35 24 3000
32 36 19 3000
32 37 22 3000
32 38 21 3000
32 39 21 3000
32 40 15 3000
32 41 14 3000
32 42 19 3000
32 43 17 3000
32 44 26 3000
32 45 17 3000
32 46 17 3000
32 47 14 3000
32 48 20 3000
32 49 29 3000
32 50 19 3000
32 51 15 3000
33 34 23 3000
33 35 19 3000
33 36 22 3000
33 37 23 3000
33 38 15 3000
33 39 19 3000
33 40 32 3000
33 41 19 3000
33 42 16 3000
33 43 25 3000
33 44 20 3000
33 45 23 3000
33 46 20 3000
33 47 20 3000
33 48 26 3000
33 49 28 3000
33 50 19 3000
33 51 25 3000
34 35 21 3000
34 36 16 3000
34 37 26 3000
34 38 23 3000
34 39 19 3000
34 40 11 3000
34 41 13 3000
34 42 14 3000
34 43 25 3000
34 44 13 3000
34 45 20 3000
34 46 12 3000
34 47 18 3000
34 48 15 3000
34 49 17 3000
34 50 18 3000
34 51 18 3000
35 36 34 3000
35 37 19 3000
35 38 22 3000
35 39 20 3000
35 40 18 3000
35 41 17 3000
35 42 15 3000
35 43 17 3000
35 44 17 3000
35 45 25 3000
35 46 13 3000
35 47 18 3000
35 48 22 3000
35 49 16 3000
35 50 20 3000
35 51 17 3000
36 37 24 3000
36 38 21 3000
36 39 25 3000
36 40 18 3000
36 41 12 3000
36 42 20 3000
36 43 20 3000
36 44 23 3000
36 45 14 3000
36 46 19 3000
36 47 14 3000
36 48 23 3000
36 49 25 3000
36 50 19 3000
36 51 20 3000
37 38 19 3000
37 39 18 3000
37 40 17 3000
37 41 23 3000
37 42 18 3000
37 43 20 3000
37 44 26 3000
37 45 19 3000
37 46 19 3000
37 47 24 3000
37 48 9 3000
37 49 19 3000
37 50 17 3000
37 51 16 3000
38 39 11 3000
38 40 17 3000
38 41 23 3000
38 42 17 3000
38 43 14 3000
38 44 14 3000
38 45 27 3000
38 46 20 3000
38 47 21 3000
38 48 27 3000
38 49 21 3000
38 50 18 3000
38 51 19 3000
39 40 21 3000
39 41 18 3000
39 42 23 3000
39 43 16 3000
39 44 15 3000
39 45 17 3000
39 46 22 3000
39 47 21 3000
39 48 20 3000
39 49 18 3000
39 50 23 3000
39 51 27 3000
40 41 18 3000
40 42 26 3000
40 43 25 3000
40 44 18 3000
40 45 20 3000
40 46 22 3000
40 47 20 3000
40 48 15 3000
40 49 14 3000
40 50 29 3000
40 51 21 3000
41 42 13 3000
41 43 20 3000
41 44 23 3000
41 45 20 3000
41 46 21 3000
41 47 9 3000
41 48 15 3000
41 49 20 3000
41 50 24 3000
41 51 17 3000
42 43 12 3000
42 44 24 3000
42 45 25 3000
42 46 16 3000
42 47 23 3000
42 48 19 3000
42 49 17 3000
42 50 20 3000
42 51 17 3000
43 44 22 3000
43 45 22 3000
43 46 22 3000
43 47 14 3000
43 48 15 3000
43 49 19 3000
43 50 26 3000
43 51 13 3000
44 45 22 3000
44 46 26 3000
44 47 12 3000
44 48 20 3000
44 49 28 3000
44 50 16 3000
44 51 15 3000
45 46 18 3000
45 47 23 3000
45 48 14 3000
45 49 18 3000
45 50 15 3000
45 51 26 3000
46 47 25 3000
46 48 22 3000
46 49 18 3000
46 50 22 3000
46 51 21 3000
47 48 13 3000
47 49 24 3000
47 50 12 3000
47 51 18 3000
48 49 26 3000
48 50 14 3000
48 51 21 3000
49 50 21 3000
49 51 26 3000
50 51 14 3000
