0 1 85 3000
0 2 75 3000
0 3 87 3000
0 4 85 3000
0 5 70 3000
0 6 80 3000
0 7 73 3000
0 8 80 3000
0 9 83 3000
0 10 82 3000
0 11 92 3000
0 12 145 3000
0 13 89 3000
0 14 80 3000
0 15 71 3000
0 16 76 3000
0 17 69 3000
0 18 94 3000
0 19 80 3000
0 20 77 3000
0 21 76 3000
0 22 80 3000
0 23 82 3000
0 24 75 3000
0 25 84 3000
0 26 70 3000
0 27 72 3000
0 28 73 3000
0 29 76 3000
0 30 78 3000
0 31 65 3000
0 32 83 3000
0 33 80 3000
0 34 89 3000
0 35 74 3000
0 36 64 3000
0 37 80 3000
0 38 85 3000
0 39 82 3000
0 40 75 3000
0 41 71 3000
0 42 59 3000
0 43 95 3000
0 44 73 3000
0 45 81 3000
0 46 80 3000
0 47 67 3000
0 48 63 3000
0 49 76 3000
0 50 78 3000
0 51 76 3000
1 2 95 3000
1 3 86 3000
1 4 91 3000
1 5 76 3000
1 6 79 3000
1 7 82 3000
1 8 97 3000
1 9 61 3000
1 10 118 3000
1 11 108 3000
1 12 131 3000
1 13 100 3000
1 14 97 3000
1 15 108 3000
1 16 87 3000
1 17 95 3000
1 18 83 3000
1 19 80 3000
1 20 106 3000
1 21 84 3000
1 22 84 3000
1 23 74 3000
1 24 91 3000
1 25 84 3000
1 26 109 3000
1 27 92 3000
1 28 95 3000
1 29 78 3000
1 30 93 3000
1 31 84 3000
1 32 83 3000
1 33 84 3000
1 34 88 3000
1 35 85 3000
1 36 94 3000
1 37 90 3000
1 38 79 3000
1 39 87 3000
1 40 89 3000
1 41 107 3000
1 42 84 3000
1 43 109 3000
1 44 78 3000
1 45 88 3000
1 46 100 3000
1 47 87 3000
1 48 97 3000
1 49 87 3000
1 50 74 3000
1 51 78 3000
2 3 89 3000
2 4 104 3000
2 5 95 3000
2 6 99 3000
2 7 98 3000
2 8 97 3000
2 9 93 3000
2 10 140 3000
2 11 102 3000
2 12 139 3000
2 13 116 3000
2 14 114 3000
2 15 103 3000
2 16 113 3000
2 17 96 3000
2 18 99 3000
2 19 88 3000
2 20 98 3000
2 21 85 3000
2 22 98 3000
2 23 103 3000
2 24 100 3000
2 25 91 3000
2 26 96 3000
2 27 94 3000
2 28 140 3000
2 29 95 3000
2 30 94 3000
2 31 87 3000
2 32 101 3000
2 33 109 3000
2 34 108 3000
2 35 79 3000
2 36 89 3000
2 37 85 3000
2 38 94 3000
2 39 111 3000
2 40 92 3000
2 41 111 3000
2 42 87 3000
2 43 114 3000
2 44 91 3000
2 45 88 3000
2 46 97 3000
2 47 82 3000
2 48 97 3000
2 49 100 3000
2 50 88 3000
2 51 98 3000
3 4 108 3000
3 5 103 3000
3 6 116 3000
3 7 109 3000
3 8 97 3000
3 9 112 3000
3 10 129 3000
3 11 101 3000
3 12 120 3000
3 13 94 3000
3 14 107 3000
3 15 120 3000
3 16 121 3000
3 17 113 3000
3 18 102 3000
3 19 102 3000
3 20 99 3000
3 21 91 3000
3 22 92 3000
3 23 112 3000
3 24 104 3000
3 25 95 3000
3 26 90 3000
3 27 98 3000
3 28 84 3000
3 29 109 3000
3 30 120 3000
3 31 91 3000
3 32 102 3000
3 33 116 3000
3 34 87 3000
3 35 104 3000
3 36 100 3000
3 37 104 3000
3 38 83 3000
3 39 92 3000
3 40 107 3000
3 41 125 3000
3 42 96 3000
3 43 114 3000
3 44 104 3000
3 45 114 3000
3 46 116 3000
3 47 88 3000
3 48 93 3000
3 49 109 3000
3 50 101 3000
3 51 109 3000
4 5 112 3000
4 6 104 3000
4 7 116 3000
4 8 125 3000
4 9 99 3000
4 10 142 3000
4 11 129 3000
4 12 151 3000
4 13 109 3000
4 14 90 3000
4 15 114 3000
4 16 124 3000
4 17 116 3000
4 18 105 3000
4 19 116 3000
4 20 129 3000
4 21 98 3000
4 22 102 3000
4 23 115 3000
4 24 113 3000
4 25 83 3000
4 26 90 3000
4 27 117 3000
4 28 116 3000
4 29 112 3000
4 30 127 3000
4 31 108 3000
4 32 122 3000
4 33 102 3000
4 34 113 3000
4 35 101 3000
4 36 92 3000
4 37 93 3000
4 38 75 3000
4 39 108 3000
4 40 110 3000
4 41 87 3000
4 42 93 3000
4 43 146 3000
4 44 107 3000
4 45 129 3000
4 46 108 3000
4 47 100 3000
4 48 106 3000
4 49 126 3000
4 50 90 3000
4 51 97 3000
5 6 123 3000
5 7 110 3000
5 8 134 3000
5 9 111 3000
5 10 113 3000
5 11 106 3000
5 12 138 3000
5 13 117 3000
5 14 98 3000
5 15 88 3000
5 16 124 3000
5 17 129 3000
5 18 131 3000
5 19 103 3000
5 20 114 3000
5 21 110 3000
5 22 94 3000
5 23 119 3000
5 24 93 3000
5 25 94 3000
5 26 89 3000
5 27 87 3000
5 28 108 3000
5 29 111 3000
5 30 104 3000
5 31 118 3000
5 32 105 3000
5 33 113 3000
5 34 129 3000
5 35 110 3000
5 36 92 3000
5 37 103 3000
5 38 113 3000
5 39 114 3000
5 40 97 3000
5 41 109 3000
5 42 103 3000
5 43 128 3000
5 44 124 3000
5 45 120 3000
5 46 119 3000
5 47 105 3000
5 48 99 3000
5 49 103 3000
5 50 104 3000
5 51 93 3000
6 7 127 3000
6 8 128 3000
6 9 96 3000
6 10 139 3000
6 11 118 3000
6 12 153 3000
6 13 95 3000
6 14 109 3000
6 15 91 3000
6 16 114 3000
6 17 96 3000
6 18 114 3000
6 19 125 3000
6 20 102 3000
6 21 109 3000
6 22 97 3000
6 23 113 3000
6 24 103 3000
6 25 114 3000
6 26 101 3000
6 27 103 3000
6 28 107 3000
6 29 110 3000
6 30 103 3000
6 31 126 3000
6 32 125 3000
6 33 115 3000
6 34 110 3000
6 35 100 3000
6 36 87 3000
6 37 97 3000
6 38 95 3000
6 39 121 3000
6 40 97 3000
6 41 100 3000
6 42 111 3000
6 43 124 3000
6 44 110 3000
6 45 137 3000
6 46 116 3000
6 47 100 3000
6 48 100 3000
6 49 101 3000
6 50 86 3000
6 51 93 3000
7 8 129 3000
7 9 118 3000
7 10 138 3000
7 11 115 3000
7 12 150 3000
7 13 100 3000
7 14 109 3000
7 15 96 3000
7 16 93 3000
7 17 101 3000
7 18 108 3000
7 19 98 3000
7 20 121 3000
7 21 102 3000
7 22 122 3000
7 23 113 3000
7 24 116 3000
7 25 103 3000
7 26 86 3000
7 27 102 3000
7 28 115 3000
7 29 112 3000
7 30 127 3000
7 31 79 3000
7 32 111 3000
7 33 144 3000
7 34 120 3000
7 35 107 3000
7 36 117 3000
7 37 112 3000
7 38 110 3000
7 39 113 3000
7 40 116 3000
7 41 91 3000
7 42 103 3000
7 43 129 3000
7 44 123 3000
7 45 112 3000
7 46 131 3000
7 47 122 3000
7 48 110 3000
7 49 103 3000
7 50 107 3000
7 51 103 3000
8 9 104 3000
8 10 143 3000
8 11 142 3000
8 12 163 3000
8 13 111 3000
8 14 104 3000
8 15 104 3000
8 16 111 3000
8 17 134 3000
8 18 124 3000
8 19 110 3000
8 20 132 3000
8 21 128 3000
8 22 147 3000
8 23 137 3000
8 24 119 3000
8 25 112 3000
8 26 118 3000
8 27 116 3000
8 28 132 3000
8 29 115 3000
8 30 92 3000
8 31 115 3000
8 32 134 3000
8 33 126 3000
8 34 109 3000
8 35 128 3000
8 36 120 3000
8 37 113 3000
8 38 98 3000
8 39 109 3000
8 40 121 3000
8 41 103 3000
8 42 123 3000
8 43 139 3000
8 44 127 3000
8 45 117 3000
8 46 135 3000
8 47 129 3000
8 48 129 3000
8 49 136 3000
8 50 114 3000
8 51 132 3000
9 10 136 3000
9 11 141 3000
9 12 180 3000
9 13 117 3000
9 14 116 3000
9 15 102 3000
9 16 114 3000
9 17 102 3000
9 18 111 3000
9 19 96 3000
9 20 132 3000
9 21 116 3000
9 22 124 3000
9 23 123 3000
9 24 120 3000
9 25 111 3000
9 26 111 3000
9 27 95 3000
9 28 110 3000
9 29 123 3000
9 30 94 3000
9 31 88 3000
9 32 106 3000
9 33 113 3000
9 34 117 3000
9 35 113 3000
9 36 109 3000
9 37 93 3000
9 38 90 3000
9 39 112 3000
9 40 126 3000
9 41 94 3000
9 42 110 3000
9 43 125 3000
9 44 96 3000
9 45 94 3000
9 46 112 3000
9 47 113 3000
9 48 126 3000
9 49 121 3000
9 50 104 3000
9 51 98 3000
10 11 163 3000
10 12 182 3000
10 13 120 3000
10 14 121 3000
10 15 132 3000
10 16 133 3000
10 17 133 3000
10 18 135 3000
10 19 125 3000
10 20 132 3000
10 21 101 3000
10 22 125 3000
10 23 138 3000
10 24 127 3000
10 25 105 3000
10 26 138 3000
10 27 127 3000
10 28 117 3000
10 29 123 3000
10 30 111 3000
10 31 128 3000
10 32 128 3000
10 33 126 3000
10 34 119 3000
10 35 122 3000
10 36 133 3000
10 37 121 3000
10 38 142 3000
10 39 136 3000
10 40 115 3000
10 41 112 3000
10 42 128 3000
10 43 125 3000
10 44 125 3000
10 45 116 3000
10 46 152 3000
10 47 128 3000
10 48 143 3000
10 49 154 3000
10 50 118 3000
10 51 129 3000
11 12 209 3000
11 13 130 3000
11 14 123 3000
11 15 124 3000
11 16 130 3000
11 17 131 3000
11 18 123 3000
11 19 131 3000
11 20 130 3000
11 21 113 3000
11 22 124 3000
11 23 142 3000
11 24 141 3000
11 25 123 3000
11 26 121 3000
11 27 108 3000
11 28 125 3000
11 29 126 3000
11 30 118 3000
11 31 109 3000
11 32 124 3000
11 33 118 3000
11 34 121 3000
11 35 126 3000
11 36 125 3000
11 37 138 3000
11 38 109 3000
11 39 129 3000
11 40 106 3000
11 41 101 3000
11 42 134 3000
11 43 130 3000
11 44 110 3000
11 45 120 3000
11 46 124 3000
11 47 124 3000
11 48 102 3000
11 49 131 3000
11 50 139 3000
11 51 129 3000
12 13 191 3000
12 14 159 3000
12 15 133 3000
12 16 144 3000
12 17 156 3000
12 18 152 3000
12 19 135 3000
12 20 172 3000
12 21 156 3000
12 22 163 3000
12 23 188 3000
12 24 200 3000
12 25 200 3000
12 26 163 3000
12 27 157 3000
12 28 155 3000
12 29 154 3000
12 30 140 3000
12 31 120 3000
12 32 148 3000
12 33 140 3000
12 34 140 3000
12 35 156 3000
12 36 165 3000
12 37 165 3000
12 38 179 3000
12 39 145 3000
12 40 153 3000
12 41 119 3000
12 42 143 3000
12 43 164 3000
12 44 157 3000
12 45 171 3000
12 46 163 3000
12 47 154 3000
12 48 163 3000
12 49 182 3000
12 50 185 3000
12 51 173 3000
13 14 130 3000
13 15 120 3000
13 16 128 3000
13 17 113 3000
13 18 108 3000
13 19 107 3000
13 20 102 3000
13 21 111 3000
13 22 104 3000
13 23 112 3000
13 24 113 3000
13 25 127 3000
13 26 106 3000
13 27 98 3000
13 28 106 3000
13 29 100 3000
13 30 106 3000
13 31 95 3000
13 32 104 3000
13 33 127 3000
13 34 103 3000
13 35 102 3000
13 36 117 3000
13 37 112 3000
13 38 114 3000
13 39 121 3000
13 40 106 3000
13 41 104 3000
13 42 100 3000
13 43 107 3000
13 44 105 3000
13 45 93 3000
13 46 131 3000
13 47 114 3000
13 48 120 3000
13 49 123 3000
13 50 114 3000
13 51 117 3000
14 15 124 3000
14 16 126 3000
14 17 120 3000
14 18 106 3000
14 19 105 3000
14 20 103 3000
14 21 100 3000
14 22 112 3000
14 23 110 3000
14 24 107 3000
14 25 88 3000
14 26 115 3000
14 27 120 3000
14 28 125 3000
14 29 113 3000
14 30 108 3000
14 31 109 3000
14 32 84 3000
14 33 114 3000
14 34 108 3000
14 35 115 3000
14 36 116 3000
14 37 111 3000
14 38 99 3000
14 39 108 3000
14 40 108 3000
14 41 112 3000
14 42 93 3000
14 43 101 3000
14 44 136 3000
14 45 104 3000
14 46 111 3000
14 47 110 3000
14 48 118 3000
14 49 109 3000
14 50 96 3000
14 51 115 3000
15 16 127 3000
15 17 105 3000
15 18 96 3000
15 19 108 3000
15 20 101 3000
15 21 94 3000
15 22 106 3000
15 23 108 3000
15 24 114 3000
15 25 100 3000
15 26 109 3000
15 27 107 3000
15 28 100 3000
15 29 110 3000
15 30 114 3000
15 31 107 3000
15 32 93 3000
15 33 96 3000
15 34 122 3000
15 35 97 3000
15 36 101 3000
15 37 102 3000
15 38 102 3000
15 39 104 3000
15 40 116 3000
15 41 123 3000
15 42 114 3000
15 43 118 3000
15 44 102 3000
15 45 113 3000
15 46 117 3000
15 47 94 3000
15 48 107 3000
15 49 99 3000
15 50 106 3000
15 51 99 3000
16 17 152 3000
16 18 120 3000
16 19 95 3000
16 20 127 3000
16 21 107 3000
16 22 111 3000
16 23 119 3000
16 24 112 3000
16 25 104 3000
16 26 98 3000
16 27 97 3000
16 28 125 3000
16 29 115 3000
16 30 119 3000
16 31 101 3000
16 32 118 3000
16 33 111 3000
16 34 105 3000
16 35 103 3000
16 36 134 3000
16 37 104 3000
16 38 105 3000
16 39 109 3000
16 40 114 3000
16 41 110 3000
16 42 121 3000
16 43 109 3000
16 44 97 3000
16 45 111 3000
16 46 128 3000
16 47 100 3000
16 48 117 3000
16 49 99 3000
16 50 121 3000
16 51 99 3000
17 18 122 3000
17 19 111 3000
17 20 129 3000
17 21 98 3000
17 22 114 3000
17 23 131 3000
17 24 114 3000
17 25 103 3000
17 26 98 3000
17 27 99 3000
17 28 117 3000
17 29 102 3000
17 30 123 3000
17 31 111 3000
17 32 111 3000
17 33 117 3000
17 34 105 3000
17 35 116 3000
17 36 112 3000
17 37 114 3000
17 38 102 3000
17 39 106 3000
17 40 94 3000
17 41 113 3000
17 42 100 3000
17 43 130 3000
17 44 125 3000
17 45 105 3000
17 46 115 3000
17 47 94 3000
17 48 92 3000
17 49 102 3000
17 50 122 3000
17 51 113 3000
18 19 125 3000
18 20 108 3000
18 21 93 3000
18 22 103 3000
18 23 110 3000
18 24 116 3000
18 25 91 3000
18 26 106 3000
18 27 102 3000
18 28 106 3000
18 29 105 3000
18 30 112 3000
18 31 118 3000
18 32 119 3000
18 33 111 3000
18 34 120 3000
18 35 116 3000
18 36 100 3000
18 37 117 3000
18 38 114 3000
18 39 94 3000
18 40 111 3000
18 41 89 3000
18 42 102 3000
18 43 134 3000
18 44 131 3000
18 45 121 3000
18 46 130 3000
18 47 112 3000
18 48 111 3000
18 49 109 3000
18 50 111 3000
18 51 106 3000
19 20 141 3000
19 21 106 3000
19 22 118 3000
19 23 98 3000
19 24 103 3000
19 25 104 3000
19 26 101 3000
19 27 105 3000
19 28 102 3000
19 29 93 3000
19 30 93 3000
19 31 96 3000
19 32 105 3000
19 33 123 3000
19 34 88 3000
19 35 99 3000
19 36 109 3000
19 37 107 3000
19 38 96 3000
19 39 107 3000
19 40 95 3000
19 41 83 3000
19 42 98 3000
19 43 114 3000
19 44 107 3000
19 45 114 3000
19 46 121 3000
19 47 85 3000
19 48 108 3000
19 49 121 3000
19 50 100 3000
19 51 99 3000
20 21 114 3000
20 22 109 3000
20 23 100 3000
20 24 115 3000
20 25 99 3000
20 26 101 3000
20 27 103 3000
20 28 104 3000
20 29 116 3000
20 30 115 3000
20 31 121 3000
20 32 119 3000
20 33 154 3000
20 34 141 3000
20 35 111 3000
20 36 122 3000
20 37 101 3000
20 38 106 3000
20 39 101 3000
20 40 116 3000
20 41 99 3000
20 42 115 3000
20 43 102 3000
20 44 114 3000
20 45 115 3000
20 46 132 3000
20 47 106 3000
20 48 116 3000
20 49 121 3000
20 50 112 3000
20 51 118 3000
21 22 131 3000
21 23 106 3000
21 24 107 3000
21 25 93 3000
21 26 97 3000
21 27 115 3000
21 28 118 3000
21 29 90 3000
21 30 100 3000
21 31 97 3000
21 32 120 3000
21 33 99 3000
21 34 114 3000
21 35 111 3000
21 36 117 3000
21 37 118 3000
21 38 88 3000
21 39 108 3000
21 40 97 3000
21 41 92 3000
21 42 93 3000
21 43 117 3000
21 44 113 3000
21 45 110 3000
21 46 108 3000
21 47 100 3000
21 48 113 3000
21 49 119 3000
21 50 100 3000
21 51 104 3000
22 23 109 3000
22 24 114 3000
22 25 101 3000
22 26 96 3000
22 27 111 3000
22 28 106 3000
22 29 104 3000
22 30 87 3000
22 31 100 3000
22 32 114 3000
22 33 118 3000
22 34 121 3000
22 35 116 3000
22 36 115 3000
22 37 132 3000
22 38 92 3000
22 39 108 3000
22 40 100 3000
22 41 115 3000
22 42 102 3000
22 43 114 3000
22 44 112 3000
22 45 104 3000
22 46 114 3000
22 47 104 3000
22 48 113 3000
22 49 101 3000
22 50 112 3000
22 51 107 3000
23 24 138 3000
23 25 120 3000
23 26 121 3000
23 27 99 3000
23 28 109 3000
23 29 106 3000
23 30 104 3000
23 31 110 3000
23 32 113 3000
23 33 104 3000
23 34 135 3000
23 35 113 3000
23 36 115 3000
23 37 112 3000
23 38 103 3000
23 39 113 3000
23 40 107 3000
23 41 112 3000
23 42 110 3000
23 43 122 3000
23 44 114 3000
23 45 109 3000
23 46 108 3000
23 47 124 3000
23 48 123 3000
23 49 130 3000
23 50 134 3000
23 51 120 3000
24 25 127 3000
24 26 103 3000
24 27 102 3000
24 28 110 3000
24 29 108 3000
24 30 106 3000
24 31 98 3000
24 32 97 3000
24 33 111 3000
24 34 109 3000
24 35 127 3000
24 36 115 3000
24 37 114 3000
24 38 92 3000
24 39 143 3000
24 40 104 3000
24 41 99 3000
24 42 117 3000
24 43 99 3000
24 44 112 3000
24 45 124 3000
24 46 114 3000
24 47 121 3000
24 48 103 3000
24 49 126 3000
24 50 121 3000
24 51 109 3000
25 26 87 3000
25 27 99 3000
25 28 111 3000
25 29 91 3000
25 30 83 3000
25 31 105 3000
25 32 88 3000
25 33 125 3000
25 34 103 3000
25 35 98 3000
25 36 108 3000
25 37 104 3000
25 38 96 3000
25 39 119 3000
25 40 99 3000
25 41 93 3000
25 42 96 3000
25 43 101 3000
25 44 92 3000
25 45 99 3000
25 46 100 3000
25 47 82 3000
25 48 110 3000
25 49 106 3000
25 50 102 3000
25 51 111 3000
26 27 106 3000
26 28 113 3000
26 29 107 3000
26 30 85 3000
26 31 101 3000
26 32 115 3000
26 33 104 3000
26 34 104 3000
26 35 103 3000
26 36 108 3000
26 37 103 3000
26 38 109 3000
26 39 116 3000
26 40 118 3000
26 41 91 3000
26 42 83 3000
26 43 121 3000
26 44 101 3000
26 45 99 3000
26 46 103 3000
26 47 101 3000
26 48 102 3000
26 49 110 3000
26 50 96 3000
26 51 108 3000
27 28 115 3000
27 29 108 3000
27 30 110 3000
27 31 86 3000
27 32 92 3000
27 33 104 3000
27 34 100 3000
27 35 103 3000
27 36 104 3000
27 37 109 3000
27 38 107 3000
27 39 111 3000
27 40 110 3000
27 41 103 3000
27 42 102 3000
27 43 127 3000
27 44 104 3000
27 45 111 3000
27 46 98 3000
27 47 90 3000
27 48 105 3000
27 49 121 3000
27 50 106 3000
27 51 116 3000
28 29 117 3000
28 30 108 3000
28 31 117 3000
28 32 102 3000
28 33 117 3000
28 34 114 3000
28 35 87 3000
28 36 119 3000
28 37 119 3000
28 38 106 3000
28 39 119 3000
28 40 114 3000
28 41 117 3000
28 42 113 3000
28 43 123 3000
28 44 106 3000
28 45 115 3000
28 46 113 3000
28 47 116 3000
28 48 90 3000
28 49 96 3000
28 50 92 3000
28 51 109 3000
29 30 121 3000
29 31 106 3000
29 32 96 3000
29 33 110 3000
29 34 93 3000
29 35 96 3000
29 36 101 3000
29 37 99 3000
29 38 83 3000
29 39 113 3000
29 40 104 3000
29 41 90 3000
29 42 113 3000
29 43 117 3000
29 44 102 3000
29 45 86 3000
29 46 111 3000
29 47 98 3000
29 48 103 3000
29 49 105 3000
29 50 101 3000
29 51 101 3000
30 31 120 3000
30 32 107 3000
30 33 115 3000
30 34 114 3000
30 35 90 3000
30 36 93 3000
30 37 102 3000
30 38 84 3000
30 39 90 3000
30 40 105 3000
30 41 98 3000
30 42 108 3000
30 43 125 3000
30 44 114 3000
30 45 96 3000
30 46 97 3000
30 47 114 3000
30 48 101 3000
30 49 105 3000
30 50 107 3000
30 51 93 3000
31 32 119 3000
31 33 125 3000
31 34 84 3000
31 35 102 3000
31 36 96 3000
31 37 89 3000
31 38 97 3000
31 39 85 3000
31 40 91 3000
31 41 99 3000
31 42 129 3000
31 43 118 3000
31 44 123 3000
31 45 113 3000
31 46 113 3000
31 47 110 3000
31 48 73 3000
31 49 93 3000
31 50 121 3000
31 51 104 3000
32 33 114 3000
32 34 117 3000
32 35 116 3000
32 36 101 3000
32 37 98 3000
32 38 94 3000
32 39 120 3000
32 40 116 3000
32 41 113 3000
32 42 88 3000
32 43 122 3000
32 44 127 3000
32 45 117 3000
32 46 113 3000
32 47 127 3000
32 48 103 3000
32 49 119 3000
32 50 113 3000
32 51 99 3000
33 34 131 3000
33 35 123 3000
33 36 110 3000
33 37 115 3000
33 38 91 3000
33 39 120 3000
33 40 118 3000
33 41 98 3000
33 42 100 3000
33 43 126 3000
33 44 111 3000
33 45 108 3000
33 46 141 3000
33 47 135 3000
33 48 123 3000
33 49 113 3000
33 50 123 3000
33 51 112 3000
34 35 113 3000
34 36 93 3000
34 37 115 3000
34 38 100 3000
34 39 110 3000
34 40 99 3000
34 41 98 3000
34 42 100 3000
34 43 123 3000
34 44 115 3000
34 45 111 3000
34 46 111 3000
34 47 131 3000
34 48 122 3000
34 49 109 3000
34 50 106 3000
34 51 109 3000
35 36 113 3000
35 37 98 3000
35 38 114 3000
35 39 101 3000
35 40 105 3000
35 41 109 3000
35 42 99 3000
35 43 93 3000
35 44 114 3000
35 45 119 3000
35 46 110 3000
35 47 103 3000
35 48 125 3000
35 49 91 3000
35 50 92 3000
35 51 110 3000
36 37 124 3000
36 38 115 3000
36 39 112 3000
36 40 106 3000
36 41 93 3000
36 42 114 3000
36 43 110 3000
36 44 112 3000
36 45 106 3000
36 46 94 3000
36 47 104 3000
36 48 129 3000
36 49 121 3000
36 50 122 3000
36 51 119 3000
37 38 96 3000
37 39 122 3000
37 40 99 3000
37 41 99 3000
37 42 103 3000
37 43 112 3000
37 44 94 3000
37 45 96 3000
37 46 103 3000
37 47 105 3000
37 48 128 3000
37 49 131 3000
37 50 113 3000
37 51 95 3000
38 39 102 3000
38 40 98 3000
38 41 107 3000
38 42 107 3000
38 43 93 3000
38 44 115 3000
38 45 109 3000
38 46 113 3000
38 47 101 3000
38 48 100 3000
38 49 99 3000
38 50 105 3000
38 51 97 3000
39 40 120 3000
39 41 122 3000
39 42 108 3000
39 43 105 3000
39 44 118 3000
39 45 103 3000
39 46 107 3000
39 47 91 3000
39 48 118 3000
39 49 115 3000
39 50 98 3000
39 51 126 3000
40 41 111 3000
40 42 101 3000
40 43 118 3000
40 44 119 3000
40 45 103 3000
40 46 102 3000
40 47 95 3000
40 48 110 3000
40 49 127 3000
40 50 125 3000
40 51 119 3000
41 42 92 3000
41 43 104 3000
41 44 103 3000
41 45 107 3000
41 46 89 3000
41 47 92 3000
41 48 84 3000
41 49 100 3000
41 50 117 3000
41 51 100 3000
42 43 114 3000
42 44 117 3000
42 45 106 3000
42 46 70 3000
42 47 100 3000
42 48 104 3000
42 49 103 3000
42 50 97 3000
42 51 98 3000
43 44 138 3000
43 45 101 3000
43 46 130 3000
43 47 120 3000
43 48 97 3000
43 49 113 3000
43 50 110 3000
43 51 102 3000
44 45 125 3000
44 46 131 3000
44 47 101 3000
44 48 124 3000
44 49 106 3000
44 50 105 3000
44 51 111 3000
45 46 133 3000
45 47 116 3000
45 48 106 3000
45 49 117 3000
45 50 109 3000
45 51 96 3000
46 47 116 3000
46 48 122 3000
46 49 125 3000
46 50 119 3000
46 51 110 3000
47 48 126 3000
47 49 114 3000
47 50 105 3000
47 51 86 3000
48 49 110 3000
48 50 119 3000
48 51 107 3000
49 50 121 3000
49 51 109 3000
50 51 116 3000
