0 1 18 3000
0 2 22 3000
0 3 17 3000
0 4 26 3000
0 5 24 3000
0 6 14 3000
0 7 23 3000
0 8 30 3000
0 9 17 3000
0 10 13 3000
0 11 17 3000
0 12 48 3000
0 13 13 3000
0 14 11 3000
0 15 18 3000
0 16 22 3000
0 17 25 3000
0 18 12 3000
0 19 23 3000
0 20 19 3000
0 21 12 3000
0 22 18 3000
0 23 24 3000
0 24 17 3000
0 25 25 3000
0 26 25 3000
0 27 15 3000
0 28 17 3000
0 29 16 3000
0 30 23 3000
0 31 18 3000
0 32 16 3000
0 33 30 3000
0 34 20 3000
0 35 18 3000
0 36 16 3000
0 37 15 3000
0 38 18 3000
0 39 22 3000
0 40 16 3000
0 41 20 3000
0 42 12 3000
0 43 26 3000
0 44 18 3000
0 45 24 3000
0 46 17 3000
0 47 17 3000
0 48 16 3000
0 49 15 3000
0 50 17 3000
0 51 18 3000
1 2 23 3000
1 3 19 3000
1 4 24 3000
1 5 17 3000
1 6 22 3000
1 7 15 3000
1 8 26 3000
1 9 18 3000
1 10 18 3000
1 11 18 3000
1 12 21 3000
1 13 23 3000
1 14 22 3000
1 15 27 3000
1 16 19 3000
1 17 25 3000
1 18 20 3000
1 19 11 3000
1 20 24 3000
1 21 22 3000
1 22 17 3000
1 23 27 3000
1 24 21 3000
1 25 21 3000
1 26 23 3000
1 27 17 3000
1 28 23 3000
1 29 12 3000
1 30 13 3000
1 31 22 3000
1 32 21 3000
1 33 22 3000
1 34 17 3000
1 35 24 3000
1 36 26 3000
1 37 22 3000
1 38 19 3000
1 39 21 3000
1 40 18 3000
1 41 14 3000
1 42 17 3000
1 43 22 3000
1 44 21 3000
1 45 20 3000
1 46 26 3000
1 47 21 3000
1 48 25 3000
1 49 12 3000
1 50 15 3000
1 51 26 3000
2 3 19 3000
2 4 19 3000
2 5 24 3000
2 6 20 3000
2 7 16 3000
2 8 24 3000
2 9 10 3000
2 10 19 3000
2 11 18 3000
2 12 27 3000
2 13 10 3000
2 14 19 3000
2 15 16 3000
2 16 20 3000
2 17 21 3000
2 18 13 3000
2 19 18 3000
2 20 17 3000
2 21 21 3000
2 22 13 3000
2 23 26 3000
2 24 19 3000
2 25 22 3000
2 26 31 3000
2 27 28 3000
2 28 20 3000
2 29 11 3000
2 30 11 3000
2 31 15 3000
2 32 24 3000
2 33 20 3000
2 34 17 3000
2 35 25 3000
2 36 16 3000
2 37 15 3000
2 38 14 3000
2 39 16 3000
2 40 14 3000
2 41 12 3000
2 42 23 3000
2 43 24 3000
2 44 12 3000
2 45 25 3000
2 46 11 3000
2 47 14 3000
2 48 16 3000
2 49 15 3000
2 50 15 3000
2 51 19 3000
3 4 9 3000
3 5 17 3000
3 6 21 3000
3 7 18 3000
3 8 14 3000
3 9 13 3000
3 10 24 3000
3 11 19 3000
3 12 19 3000
3 13 18 3000
3 14 19 3000
3 15 24 3000
3 16 23 3000
3 17 18 3000
3 18 23 3000
3 19 20 3000
3 20 17 3000
3 21 13 3000
3 22 11 3000
3 23 17 3000
3 24 15 3000
3 25 18 3000
3 26 19 3000
3 27 14 3000
3 28 14 3000
3 29 15 3000
3 30 18 3000
3 31 19 3000
3 32 26 3000
3 33 20 3000
3 34 25 3000
3 35 23 3000
3 36 19 3000
3 37 19 3000
3 38 17 3000
3 39 19 3000
3 40 22 3000
3 41 26 3000
3 42 23 3000
3 43 24 3000
3 44 18 3000
3 45 30 3000
3 46 19 3000
3 47 19 3000
3 48 14 3000
3 49 18 3000
3 50 16 3000
3 51 19 3000
4 5 27 3000
4 6 21 3000
4 7 24 3000
4 8 22 3000
4 9 12 3000
4 10 23 3000
4 11 16 3000
4 12 18 3000
4 13 16 3000
4 14 18 3000
4 15 16 3000
4 16 18 3000
4 17 25 3000
4 18 18 3000
4 19 23 3000
4 20 16 3000
4 21 10 3000
4 22 19 3000
4 23 22 3000
4 24 21 3000
4 25 23 3000
4 26 12 3000
4 27 29 3000
4 28 15 3000
4 29 17 3000
4 30 24 3000
4 31 18 3000
4 32 20 3000
4 33 26 3000
4 34 24 3000
4 35 19 3000
4 36 10 3000
4 37 20 3000
4 38 15 3000
4 39 22 3000
4 40 25 3000
4 41 17 3000
4 42 18 3000
4 43 30 3000
4 44 16 3000
4 45 19 3000
4 46 18 3000
4 47 13 3000
4 48 20 3000
4 49 21 3000
4 50 15 3000
4 51 14 3000
5 6 13 3000
5 7 14 3000
5 8 23 3000
5 9 18 3000
5 10 17 3000
5 11 18 3000
5 12 23 3000
5 13 18 3000
5 14 14 3000
5 15 18 3000
5 16 17 3000
5 17 22 3000
5 18 27 3000
5 19 12 3000
5 20 14 3000
5 21 14 3000
5 22 19 3000
5 23 24 3000
5 24 13 3000
5 25 14 3000
5 26 26 3000
5 27 14 3000
5 28 19 3000
5 29 19 3000
5 30 10 3000
5 31 17 3000
5 32 15 3000
5 33 20 3000
5 34 17 3000
5 35 19 3000
5 36 17 3000
5 37 26 3000
5 38 16 3000
5 39 23 3000
5 40 17 3000
5 41 12 3000
5 42 14 3000
5 43 17 3000
5 44 17 3000
5 45 24 3000
5 46 15 3000
5 47 14 3000
5 48 21 3000
5 49 21 3000
5 50 17 3000
5 51 20 3000
6 7 21 3000
6 8 16 3000
6 9 9 3000
6 10 24 3000
6 11 23 3000
6 12 15 3000
6 13 18 3000
6 14 19 3000
6 15 18 3000
6 16 20 3000
6 17 18 3000
6 18 13 3000
6 19 16 3000
6 20 19 3000
6 21 16 3000
6 22 17 3000
6 23 16 3000
6 24 18 3000
6 25 22 3000
6 26 24 3000
6 27 15 3000
6 28 18 3000
6 29 16 3000
6 30 19 3000
6 31 25 3000
6 32 20 3000
6 33 20 3000
6 34 17 3000
6 35 10 3000
6 36 15 3000
6 37 17 3000
6 38 10 3000
6 39 19 3000
6 40 17 3000
6 41 19 3000
6 42 21 3000
6 43 21 3000
6 44 19 3000
6 45 28 3000
6 46 19 3000
6 47 14 3000
6 48 10 3000
6 49 20 3000
6 50 14 3000
6 51 16 3000
7 8 21 3000
7 9 19 3000
7 10 19 3000
7 11 16 3000
7 12 13 3000
7 13 22 3000
7 14 22 3000
7 15 15 3000
7 16 13 3000
7 17 15 3000
7 18 22 3000
7 19 25 3000
7 20 17 3000
7 21 11 3000
7 22 21 3000
7 23 16 3000
7 24 15 3000
7 25 13 3000
7 26 17 3000
7 27 18 3000
7 28 19 3000
7 29 22 3000
7 30 13 3000
7 31 14 3000
7 32 13 3000
7 33 22 3000
7 34 27 3000
7 35 24 3000
7 36 19 3000
7 37 17 3000
7 38 22 3000
7 39 20 3000
7 40 19 3000
7 41 14 3000
7 42 12 3000
7 43 22 3000
7 44 17 3000
7 45 19 3000
7 46 14 3000
7 47 16 3000
7 48 17 3000
7 49 20 3000
7 50 16 3000
7 51 17 3000
8 9 20 3000
8 10 18 3000
8 11 21 3000
8 12 23 3000
8 13 16 3000
8 14 22 3000
8 15 30 3000
8 16 22 3000
8 17 22 3000
8 18 21 3000
8 19 17 3000
8 20 24 3000
8 21 27 3000
8 22 17 3000
8 23 23 3000
8 24 11 3000
8 25 17 3000
8 26 17 3000
8 27 19 3000
8 28 20 3000
8 29 16 3000
8 30 21 3000
8 31 26 3000
8 32 24 3000
8 33 20 3000
8 34 15 3000
8 35 19 3000
8 36 24 3000
8 37 20 3000
8 38 15 3000
8 39 19 3000
8 40 13 3000
8 41 15 3000
8 42 20 3000
8 43 25 3000
8 44 21 3000
8 45 15 3000
8 46 20 3000
8 47 21 3000
8 48 11 3000
8 49 18 3000
8 50 12 3000
8 51 30 3000
9 10 23 3000
9 11 21 3000
9 12 17 3000
9 13 18 3000
9 14 22 3000
9 15 19 3000
9 16 21 3000
9 17 14 3000
9 18 16 3000
9 19 13 3000
9 20 18 3000
9 21 21 3000
9 22 23 3000
9 23 18 3000
9 24 19 3000
9 25 17 3000
9 26 20 3000
9 27 11 3000
9 28 17 3000
9 29 15 3000
9 30 18 3000
9 31 23 3000
9 32 16 3000
9 33 25 3000
9 34 16 3000
9 35 17 3000
9 36 18 3000
9 37 19 3000
9 38 14 3000
9 39 18 3000
9 40 20 3000
9 41 10 3000
9 42 20 3000
9 43 19 3000
9 44 18 3000
9 45 8 3000
9 46 22 3000
9 47 12 3000
9 48 21 3000
9 49 15 3000
9 50 16 3000
9 51 19 3000
10 11 26 3000
10 12 17 3000
10 13 13 3000
10 14 18 3000
10 15 31 3000
10 16 21 3000
10 17 20 3000
10 18 19 3000
10 19 22 3000
10 20 22 3000
10 21 13 3000
10 22 24 3000
10 23 23 3000
10 24 23 3000
10 25 14 3000
10 26 27 3000
10 27 16 3000
10 28 9 3000
10 29 16 3000
10 30 20 3000
10 31 21 3000
10 32 11 3000
10 33 20 3000
10 34 18 3000
10 35 20 3000
10 36 21 3000
10 37 19 3000
10 38 22 3000
10 39 23 3000
10 40 18 3000
10 41 15 3000
10 42 13 3000
10 43 14 3000
10 44 15 3000
10 45 15 3000
10 46 21 3000
10 47 13 3000
10 48 22 3000
10 49 21 3000
10 50 15 3000
10 51 20 3000
11 12 27 3000
11 13 14 3000
11 14 21 3000
11 15 16 3000
11 16 15 3000
11 17 18 3000
11 18 16 3000
11 19 16 3000
11 20 22 3000
11 21 18 3000
11 22 15 3000
11 23 19 3000
11 24 22 3000
11 25 16 3000
11 26 27 3000
11 27 14 3000
11 28 33 3000
11 29 25 3000
11 30 14 3000
11 31 18 3000
11 32 19 3000
11 33 21 3000
11 34 14 3000
11 35 19 3000
11 36 22 3000
11 37 21 3000
11 38 15 3000
11 39 25 3000
11 40 14 3000
11 41 20 3000
11 42 22 3000
11 43 18 3000
11 44 20 3000
11 45 26 3000
11 46 13 3000
11 47 19 3000
11 48 17 3000
11 49 19 3000
11 50 17 3000
11 51 22 3000
12 13 19 3000
12 14 22 3000
12 15 20 3000
12 16 21 3000
12 17 33 3000
12 18 23 3000
12 19 16 3000
12 20 21 3000
12 21 27 3000
12 22 13 3000
12 23 23 3000
12 24 18 3000
12 25 16 3000
12 26 20 3000
12 27 26 3000
12 28 15 3000
12 29 28 3000
12 30 24 3000
12 31 11 3000
12 32 20 3000
12 33 27 3000
12 34 13 3000
12 35 17 3000
12 36 15 3000
12 37 21 3000
12 38 12 3000
12 39 18 3000
12 40 18 3000
12 41 8 3000
12 42 31 3000
12 43 30 3000
12 44 19 3000
12 45 26 3000
12 46 22 3000
12 47 17 3000
12 48 16 3000
12 49 25 3000
12 50 17 3000
12 51 26 3000
13 14 22 3000
13 15 22 3000
13 16 19 3000
13 17 17 3000
13 18 12 3000
13 19 25 3000
13 20 21 3000
13 21 13 3000
13 22 20 3000
13 23 24 3000
13 24 19 3000
13 25 17 3000
13 26 18 3000
13 27 22 3000
13 28 19 3000
13 29 11 3000
13 30 21 3000
13 31 13 3000
13 32 15 3000
13 33 19 3000
13 34 28 3000
13 35 16 3000
13 36 13 3000
13 37 25 3000
13 38 22 3000
13 39 21 3000
13 40 17 3000
13 41 20 3000
13 42 16 3000
13 43 10 3000
13 44 20 3000
13 45 7 3000
13 46 24 3000
13 47 20 3000
13 48 22 3000
13 49 21 3000
13 50 14 3000
13 51 24 3000
14 15 22 3000
14 16 24 3000
14 17 18 3000
14 18 16 3000
14 19 13 3000
14 20 21 3000
14 21 13 3000
14 22 20 3000
14 23 18 3000
14 24 9 3000
14 25 17 3000
14 26 22 3000
14 27 20 3000
14 28 14 3000
14 29 18 3000
14 30 16 3000
14 31 20 3000
14 32 19 3000
14 33 14 3000
14 34 18 3000
14 35 20 3000
14 36 17 3000
14 37 14 3000
14 38 20 3000
14 39 18 3000
14 40 21 3000
14 41 10 3000
14 42 18 3000
14 43 26 3000
14 44 19 3000
14 45 16 3000
14 46 13 3000
14 47 14 3000
14 48 26 3000
14 49 16 3000
14 50 19 3000
14 51 16 3000
15 16 15 3000
15 17 27 3000
15 18 21 3000
15 19 19 3000
15 20 26 3000
15 21 14 3000
15 22 22 3000
15 23 19 3000
15 24 23 3000
15 25 15 3000
15 26 22 3000
15 27 27 3000
15 28 18 3000
15 29 11 3000
15 30 24 3000
15 31 19 3000
15 32 14 3000
15 33 23 3000
15 34 13 3000
15 35 15 3000
15 36 15 3000
15 37 13 3000
15 38 21 3000
15 39 22 3000
15 40 19 3000
15 41 25 3000
15 42 13 3000
15 43 23 3000
15 44 19 3000
15 45 29 3000
15 46 22 3000
15 47 18 3000
15 48 17 3000
15 49 22 3000
15 50 19 3000
15 51 23 3000
16 17 21 3000
16 18 18 3000
16 19 23 3000
16 20 24 3000
16 21 10 3000
16 22 21 3000
16 23 23 3000
16 24 14 3000
16 25 15 3000
16 26 14 3000
16 27 20 3000
16 28 17 3000
16 29 16 3000
16 30 14 3000
16 31 17 3000
16 32 21 3000
16 33 17 3000
16 34 19 3000
16 35 19 3000
16 36 20 3000
16 37 18 3000
16 38 22 3000
16 39 12 3000
16 40 12 3000
16 41 17 3000
16 42 22 3000
16 43 24 3000
16 44 22 3000
16 45 15 3000
16 46 16 3000
16 47 11 3000
16 48 17 3000
16 49 14 3000
16 50 16 3000
16 51 24 3000
17 18 24 3000
17 19 10 3000
17 20 19 3000
17 21 19 3000
17 22 26 3000
17 23 20 3000
17 24 21 3000
17 25 20 3000
17 26 18 3000
17 27 16 3000
17 28 21 3000
17 29 19 3000
17 30 19 3000
17 31 19 3000
17 32 15 3000
17 33 13 3000
17 34 23 3000
17 35 15 3000
17 36 18 3000
17 37 19 3000
17 38 22 3000
17 39 17 3000
17 40 16 3000
17 41 13 3000
17 42 21 3000
17 43 20 3000
17 44 22 3000
17 45 25 3000
17 46 21 3000
17 47 18 3000
17 48 18 3000
17 49 17 3000
17 50 31 3000
17 51 16 3000
18 19 23 3000
18 20 11 3000
18 21 14 3000
18 22 8 3000
18 23 19 3000
18 24 16 3000
18 25 18 3000
18 26 13 3000
18 27 16 3000
18 28 20 3000
18 29 21 3000
18 30 21 3000
18 31 12 3000
18 32 16 3000
18 33 20 3000
18 34 22 3000
18 35 10 3000
18 36 14 3000
18 37 19 3000
18 38 23 3000
18 39 19 3000
18 40 23 3000
18 41 15 3000
18 42 18 3000
18 43 24 3000
18 44 16 3000
18 45 17 3000
18 46 22 3000
18 47 12 3000
18 48 16 3000
18 49 13 3000
18 50 15 3000
18 51 17 3000
19 20 14 3000
19 21 15 3000
19 22 25 3000
19 23 17 3000
19 24 12 3000
19 25 17 3000
19 26 21 3000
19 27 19 3000
19 28 20 3000
19 29 16 3000
19 30 18 3000
19 31 19 3000
19 32 14 3000
19 33 18 3000
19 34 23 3000
19 35 11 3000
19 36 15 3000
19 37 17 3000
19 38 16 3000
19 39 18 3000
19 40 15 3000
19 41 25 3000
19 42 19 3000
19 43 19 3000
19 44 31 3000
19 45 16 3000
19 46 12 3000
19 47 12 3000
19 48 18 3000
19 49 18 3000
19 50 17 3000
19 51 17 3000
20 21 16 3000
20 22 20 3000
20 23 15 3000
20 24 13 3000
20 25 19 3000
20 26 16 3000
20 27 18 3000
20 28 22 3000
20 29 17 3000
20 30 11 3000
20 31 25 3000
20 32 15 3000
20 33 20 3000
20 34 18 3000
20 35 18 3000
20 36 24 3000
20 37 16 3000
20 38 12 3000
20 39 19 3000
20 40 15 3000
20 41 13 3000
20 42 10 3000
20 43 16 3000
20 44 19 3000
20 45 19 3000
20 46 17 3000
20 47 24 3000
20 48 22 3000
20 49 17 3000
20 50 25 3000
20 51 14 3000
21 22 17 3000
21 23 20 3000
21 24 14 3000
21 25 18 3000
21 26 19 3000
21 27 19 3000
21 28 15 3000
21 29 16 3000
21 30 20 3000
21 31 15 3000
21 32 26 3000
21 33 27 3000
21 34 20 3000
21 35 24 3000
21 36 16 3000
21 37 10 3000
21 38 14 3000
21 39 18 3000
21 40 23 3000
21 41 22 3000
21 42 16 3000
21 43 17 3000
21 44 21 3000
21 45 12 3000
21 46 15 3000
21 47 17 3000
21 48 12 3000
21 49 20 3000
21 50 23 3000
21 51 18 3000
22 23 21 3000
22 24 12 3000
22 25 13 3000
22 26 21 3000
22 27 24 3000
22 28 20 3000
22 29 13 3000
22 30 22 3000
22 31 18 3000
22 32 18 3000
22 33 20 3000
22 34 22 3000
22 35 19 3000
22 36 24 3000
22 37 28 3000
22 38 17 3000
22 39 18 3000
22 40 14 3000
22 41 14 3000
22 42 21 3000
22 43 19 3000
22 44 22 3000
22 45 21 3000
22 46 19 3000
22 47 14 3000
22 48 12 3000
22 49 14 3000
22 50 16 3000
22 51 17 3000
23 24 22 3000
23 25 19 3000
23 26 12 3000
23 27 20 3000
23 28 16 3000
23 29 22 3000
23 30 18 3000
23 31 20 3000
23 32 16 3000
23 33 18 3000
23 34 19 3000
23 35 19 3000
23 36 18 3000
23 37 22 3000
23 38 17 3000
23 39 26 3000
23 40 21 3000
23 41 15 3000
23 42 16 3000
23 43 25 3000
23 44 16 3000
23 45 14 3000
23 46 16 3000
23 47 20 3000
23 48 13 3000
23 49 20 3000
23 50 29 3000
23 51 26 3000
24 25 23 3000
24 26 23 3000
24 27 15 3000
24 28 21 3000
24 29 15 3000
24 30 18 3000
24 31 18 3000
24 32 16 3000
24 33 16 3000
24 34 16 3000
24 35 23 3000
24 36 15 3000
24 37 15 3000
24 38 17 3000
24 39 20 3000
24 40 23 3000
24 41 11 3000
24 42 20 3000
24 43 21 3000
24 44 23 3000
24 45 18 3000
24 46 16 3000
24 47 14 3000
24 48 25 3000
24 49 21 3000
24 50 18 3000
24 51 21 3000
25 26 16 3000
25 27 16 3000
25 28 19 3000
25 29 15 3000
25 30 21 3000
25 31 15 3000
25 32 11 3000
25 33 17 3000
25 34 17 3000
25 35 16 3000
25 36 15 3000
25 37 19 3000
25 38 15 3000
25 39 20 3000
25 40 25 3000
25 41 12 3000
25 42 21 3000
25 43 14 3000
25 44 16 3000
25 45 17 3000
25 46 11 3000
25 47 14 3000
25 48 17 3000
25 49 16 3000
25 50 18 3000
25 51 13 3000
26 27 17 3000
26 28 19 3000
26 29 23 3000
26 30 21 3000
26 31 20 3000
26 32 20 3000
26 33 19 3000
26 34 16 3000
26 35 15 3000
26 36 20 3000
26 37 20 3000
26 38 20 3000
26 39 25 3000
26 40 27 3000
26 41 16 3000
26 42 22 3000
26 43 24 3000
26 44 26 3000
26 45 25 3000
26 46 22 3000
26 47 22 3000
26 48 21 3000
26 49 16 3000
26 50 15 3000
26 51 18 3000
27 28 27 3000
27 29 16 3000
27 30 25 3000
27 31 22 3000
27 32 21 3000
27 33 19 3000
27 34 14 3000
27 35 18 3000
27 36 16 3000
27 37 13 3000
27 38 17 3000
27 39 20 3000
27 40 25 3000
27 41 17 3000
27 42 19 3000
27 43 16 3000
27 44 23 3000
27 45 18 3000
27 46 21 3000
27 47 15 3000
27 48 19 3000
27 49 24 3000
27 50 13 3000
27 51 24 3000
28 29 21 3000
28 30 21 3000
28 31 25 3000
28 32 17 3000
28 33 19 3000
28 34 19 3000
28 35 8 3000
28 36 17 3000
28 37 22 3000
28 38 13 3000
28 39 19 3000
28 40 21 3000
28 41 22 3000
28 42 23 3000
28 43 19 3000
28 44 24 3000
28 45 14 3000
28 46 23 3000
28 47 21 3000
28 48 14 3000
28 49 22 3000
28 50 20 3000
28 51 22 3000
29 30 31 3000
29 31 20 3000
29 32 16 3000
29 33 25 3000
29 34 18 3000
29 35 18 3000
29 36 12 3000
29 37 21 3000
29 38 14 3000
29 39 19 3000
29 40 26 3000
29 41 16 3000
29 42 19 3000
29 43 20 3000
29 44 15 3000
29 45 19 3000
29 46 14 3000
29 47 20 3000
29 48 13 3000
29 49 16 3000
29 50 14 3000
29 51 25 3000
30 31 12 3000
30 32 27 3000
30 33 14 3000
30 34 16 3000
30 35 16 3000
30 36 24 3000
30 37 10 3000
30 38 21 3000
30 39 14 3000
30 40 20 3000
30 41 15 3000
30 42 22 3000
30 43 19 3000
30 44 19 3000
30 45 13 3000
30 46 17 3000
30 47 21 3000
30 48 16 3000
30 49 18 3000
30 50 15 3000
30 51 18 3000
31 32 20 3000
31 33 24 3000
31 34 20 3000
31 35 16 3000
31 36 25 3000
31 37 19 3000
31 38 23 3000
31 39 24 3000
31 40 15 3000
31 41 20 3000
31 42 27 3000
31 43 16 3000
31 44 17 3000
31 45 16 3000
31 46 13 3000
31 47 20 3000
31 48 16 3000
31 49 14 3000
31 50 17 3000
31 51 16 3000
32 33 23 3000
32 34 15 3000
32 35 21 3000
32 36 16 3000
32 37 17 3000
32 38 17 3000
32 39 17 3000
32 40 24 3000
32 41 15 3000
32 42 15 3000
32 43 23 3000
32 44 18 3000
32 45 18 3000
32 46 12 3000
32 47 14 3000
32 48 18 3000
32 49 21 3000
32 50 19 3000
32 51 16 3000
33 34 28 3000
33 35 19 3000
33 36 19 3000
33 37 23 3000
33 38 16 3000
33 39 18 3000
33 40 26 3000
33 41 22 3000
33 42 20 3000
33 43 25 3000
33 44 23 3000
33 45 19 3000
33 46 15 3000
33 47 19 3000
33 48 25 3000
33 49 31 3000
33 50 18 3000
33 51 27 3000
34 35 17 3000
34 36 23 3000
34 37 26 3000
34 38 23 3000
34 39 15 3000
34 40 18 3000
34 41 18 3000
34 42 16 3000
34 43 19 3000
34 44 21 3000
34 45 26 3000
34 46 15 3000
34 47 17 3000
34 48 13 3000
34 49 14 3000
34 50 14 3000
34 51 20 3000
35 36 24 3000
35 37 21 3000
35 38 12 3000
35 39 14 3000
35 40 15 3000
35 41 13 3000
35 42 16 3000
35 43 23 3000
35 44 24 3000
35 45 24 3000
35 46 13 3000
35 47 17 3000
35 48 16 3000
35 49 15 3000
35 50 19 3000
35 51 16 3000
36 37 16 3000
36 38 22 3000
36 39 19 3000
36 40 17 3000
36 41 12 3000
36 42 19 3000
36 43 22 3000
36 44 29 3000
36 45 15 3000
36 46 16 3000
36 47 12 3000
36 48 25 3000
36 49 25 3000
36 50 25 3000
36 51 15 3000
37 38 17 3000
37 39 15 3000
37 40 17 3000
37 41 20 3000
37 42 9 3000
37 43 17 3000
37 44 21 3000
37 45 16 3000
37 46 21 3000
37 47 13 3000
37 48 15 3000
37 49 23 3000
37 50 24 3000
37 51 17 3000
38 39 18 3000
38 40 21 3000
38 41 23 3000
38 42 18 3000
38 43 19 3000
38 44 11 3000
38 45 24 3000
38 46 30 3000
38 47 19 3000
38 48 20 3000
38 49 13 3000
38 50 19 3000
38 51 14 3000
39 40 23 3000
39 41 16 3000
39 42 30 3000
39 43 13 3000
39 44 20 3000
39 45 19 3000
39 46 27 3000
39 47 18 3000
39 48 21 3000
39 49 16 3000
39 50 18 3000
39 51 18 3000
40 41 14 3000
40 42 20 3000
40 43 26 3000
40 44 30 3000
40 45 24 3000
40 46 19 3000
40 47 19 3000
40 48 21 3000
40 49 26 3000
40 50 25 3000
40 51 19 3000
41 42 17 3000
41 43 20 3000
41 44 16 3000
41 45 26 3000
41 46 22 3000
41 47 20 3000
41 48 12 3000
41 49 12 3000
41 50 24 3000
41 51 19 3000
42 43 11 3000
42 44 22 3000
42 45 22 3000
42 46 22 3000
42 47 17 3000
42 48 24 3000
42 49 24 3000
42 50 17 3000
42 51 15 3000
43 44 15 3000
43 45 19 3000
43 46 23 3000
43 47 25 3000
43 48 20 3000
43 49 19 3000
43 50 22 3000
43 51 18 3000
44 45 21 3000
44 46 22 3000
44 47 17 3000
44 48 15 3000
44 49 18 3000
44 50 16 3000
44 51 7 3000
45 46 23 3000
45 47 27 3000
45 48 21 3000
45 49 29 3000
45 50 21 3000
45 51 20 3000
46 47 19 3000
46 48 19 3000
46 49 22 3000
46 50 21 3000
46 51 17 3000
47 48 16 3000
47 49 21 3000
47 50 16 3000
47 51 21 3000
48 49 23 3000
48 50 24 3000
48 51 20 3000
49 50 20 3000
49 51 25 3000
50 51 22 3000
