0 1 12 3000
0 2 18 3000
0 3 10 3000
0 4 16 3000
0 5 12 3000
0 6 12 3000
0 7 19 3000
0 8 22 3000
0 9 14 3000
0 10 13 3000
0 11 12 3000
0 12 23 3000
0 13 9 3000
0 14 13 3000
0 15 14 3000
0 16 14 3000
0 17 12 3000
0 18 9 3000
0 19 13 3000
0 20 17 3000
0 21 15 3000
0 22 19 3000
0 23 22 3000
0 24 12 3000
0 25 17 3000
0 26 16 3000
0 27 19 3000
0 28 18 3000
0 29 15 3000
0 30 17 3000
0 31 16 3000
0 32 11 3000
0 33 17 3000
0 34 12 3000
0 35 11 3000
0 36 17 3000
0 37 13 3000
0 38 21 3000
0 39 18 3000
0 40 12 3000
0 41 10 3000
0 42 9 3000
0 43 17 3000
0 44 9 3000
0 45 17 3000
0 46 21 3000
0 47 11 3000
0 48 15 3000
0 49 12 3000
0 50 11 3000
0 51 16 3000
1 2 23 3000
1 3 18 3000
1 4 23 3000
1 5 8 3000
1 6 26 3000
1 7 12 3000
1 8 17 3000
1 9 17 3000
1 10 20 3000
1 11 18 3000
1 12 15 3000
1 13 20 3000
1 14 10 3000
1 15 22 3000
1 16 16 3000
1 17 18 3000
1 18 21 3000
1 19 13 3000
1 20 18 3000
1 21 17 3000
1 22 18 3000
1 23 11 3000
1 24 14 3000
1 25 16 3000
1 26 15 3000
1 27 7 3000
1 28 17 3000
1 29 14 3000
1 30 16 3000
1 31 14 3000
1 32 18 3000
1 33 21 3000
1 34 13 3000
1 35 18 3000
1 36 15 3000
1 37 22 3000
1 38 13 3000
1 39 18 3000
1 40 18 3000
1 41 19 3000
1 42 17 3000
1 43 14 3000
1 44 21 3000
1 45 18 3000
1 46 21 3000
1 47 12 3000
1 48 16 3000
1 49 10 3000
1 50 15 3000
1 51 15 3000
2 3 19 3000
2 4 28 3000
2 5 17 3000
2 6 17 3000
2 7 15 3000
2 8 21 3000
2 9 16 3000
2 10 18 3000
2 11 13 3000
2 12 26 3000
2 13 13 3000
2 14 16 3000
2 15 13 3000
2 16 23 3000
2 17 17 3000
2 18 19 3000
2 19 15 3000
2 20 17 3000
2 21 19 3000
2 22 11 3000
2 23 21 3000
2 24 14 3000
2 25 15 3000
2 26 17 3000
2 27 16 3000
2 28 21 3000
2 29 11 3000
2 30 13 3000
2 31 22 3000
2 32 12 3000
2 33 13 3000
2 34 16 3000
2 35 13 3000
2 36 11 3000
2 37 8 3000
2 38 12 3000
2 39 11 3000
2 40 13 3000
2 41 14 3000
2 42 14 3000
2 43 14 3000
2 44 8 3000
2 45 18 3000
2 46 13 3000
2 47 13 3000
2 48 12 3000
2 49 13 3000
2 50 13 3000
2 51 14 3000
3 4 11 3000
3 5 12 3000
3 6 12 3000
3 7 12 3000
3 8 20 3000
3 9 19 3000
3 10 18 3000
3 11 15 3000
3 12 13 3000
3 13 13 3000
3 14 22 3000
3 15 16 3000
3 16 16 3000
3 17 12 3000
3 18 18 3000
3 19 12 3000
3 20 18 3000
3 21 14 3000
3 22 14 3000
3 23 19 3000
3 24 14 3000
3 25 13 3000
3 26 15 3000
3 27 17 3000
3 28 10 3000
3 29 13 3000
3 30 19 3000
3 31 18 3000
3 32 13 3000
3 33 15 3000
3 34 15 3000
3 35 15 3000
3 36 21 3000
3 37 16 3000
3 38 12 3000
3 39 17 3000
3 40 24 3000
3 41 17 3000
3 42 15 3000
3 43 26 3000
3 44 10 3000
3 45 23 3000
3 46 13 3000
3 47 14 3000
3 48 15 3000
3 49 16 3000
3 50 13 3000
3 51 17 3000
4 5 22 3000
4 6 20 3000
4 7 21 3000
4 8 17 3000
4 9 20 3000
4 10 16 3000
4 11 15 3000
4 12 18 3000
4 13 17 3000
4 14 13 3000
4 15 15 3000
4 16 21 3000
4 17 15 3000
4 18 14 3000
4 19 19 3000
4 20 20 3000
4 21 13 3000
4 22 19 3000
4 23 28 3000
4 24 17 3000
4 25 18 3000
4 26 20 3000
4 27 20 3000
4 28 12 3000
4 29 18 3000
4 30 18 3000
4 31 14 3000
4 32 14 3000
4 33 19 3000
4 34 12 3000
4 35 12 3000
4 36 9 3000
4 37 14 3000
4 38 16 3000
4 39 18 3000
4 40 16 3000
4 41 13 3000
4 42 17 3000
4 43 16 3000
4 44 10 3000
4 45 14 3000
4 46 10 3000
4 47 15 3000
4 48 14 3000
4 49 12 3000
4 50 12 3000
4 51 14 3000
5 6 16 3000
5 7 11 3000
5 8 13 3000
5 9 15 3000
5 10 15 3000
5 11 16 3000
5 12 21 3000
5 13 21 3000
5 14 17 3000
5 15 12 3000
5 16 20 3000
5 17 15 3000
5 18 18 3000
5 19 17 3000
5 20 15 3000
5 21 10 3000
5 22 12 3000
5 23 21 3000
5 24 15 3000
5 25 12 3000
5 26 16 3000
5 27 10 3000
5 28 20 3000
5 29 13 3000
5 30 10 3000
5 31 10 3000
5 32 9 3000
5 33 11 3000
5 34 13 3000
5 35 12 3000
5 36 17 3000
5 37 13 3000
5 38 13 3000
5 39 17 3000
5 40 18 3000
5 41 13 3000
5 42 12 3000
5 43 10 3000
5 44 9 3000
5 45 19 3000
5 46 11 3000
5 47 8 3000
5 48 17 3000
5 49 21 3000
5 50 10 3000
5 51 23 3000
6 7 14 3000
6 8 14 3000
6 9 12 3000
6 10 18 3000
6 11 18 3000
6 12 14 3000
6 13 17 3000
6 14 17 3000
6 15 10 3000
6 16 16 3000
6 17 19 3000
6 18 8 3000
6 19 16 3000
6 20 13 3000
6 21 10 3000
6 22 17 3000
6 23 12 3000
6 24 12 3000
6 25 18 3000
6 26 17 3000
6 27 12 3000
6 28 13 3000
6 29 14 3000
6 30 15 3000
6 31 19 3000
6 32 15 3000
6 33 14 3000
6 34 17 3000
6 35 14 3000
6 36 15 3000
6 37 15 3000
6 38 6 3000
6 39 22 3000
6 40 19 3000
6 41 17 3000
6 42 17 3000
6 43 20 3000
6 44 13 3000
6 45 20 3000
6 46 17 3000
6 47 17 3000
6 48 15 3000
6 49 17 3000
6 50 13 3000
6 51 18 3000
7 8 13 3000
7 9 16 3000
7 10 13 3000
7 11 15 3000
7 12 15 3000
7 13 14 3000
7 14 12 3000
7 15 13 3000
7 16 16 3000
7 17 14 3000
7 18 20 3000
7 19 20 3000
7 20 14 3000
7 21 16 3000
7 22 18 3000
7 23 10 3000
7 24 11 3000
7 25 6 3000
7 26 11 3000
7 27 18 3000
7 28 17 3000
7 29 10 3000
7 30 17 3000
7 31 10 3000
7 32 15 3000
7 33 16 3000
7 34 23 3000
7 35 15 3000
7 36 18 3000
7 37 15 3000
7 38 14 3000
7 39 10 3000
7 40 16 3000
7 41 16 3000
7 42 14 3000
7 43 18 3000
7 44 18 3000
7 45 17 3000
7 46 13 3000
7 47 15 3000
7 48 15 3000
7 49 12 3000
7 50 12 3000
7 51 20 3000
8 9 15 3000
8 10 15 3000
8 11 14 3000
8 12 25 3000
8 13 23 3000
8 14 17 3000
8 15 19 3000
8 16 15 3000
8 17 19 3000
8 18 18 3000
8 19 22 3000
8 20 16 3000
8 21 16 3000
8 22 20 3000
8 23 16 3000
8 24 15 3000
8 25 15 3000
8 26 12 3000
8 27 10 3000
8 28 16 3000
8 29 19 3000
8 30 9 3000
8 31 15 3000
8 32 18 3000
8 33 17 3000
8 34 13 3000
8 35 19 3000
8 36 19 3000
8 37 21 3000
8 38 9 3000
8 39 22 3000
8 40 14 3000
8 41 14 3000
8 42 13 3000
8 43 21 3000
8 44 16 3000
8 45 13 3000
8 46 18 3000
8 47 15 3000
8 48 10 3000
8 49 13 3000
8 50 16 3000
8 51 18 3000
9 10 16 3000
9 11 12 3000
9 12 19 3000
9 13 19 3000
9 14 16 3000
9 15 14 3000
9 16 12 3000
9 17 11 3000
9 18 11 3000
9 19 7 3000
9 20 15 3000
9 21 18 3000
9 22 19 3000
9 23 16 3000
9 24 11 3000
9 25 6 3000
9 26 12 3000
9 27 13 3000
9 28 18 3000
9 29 12 3000
9 30 13 3000
9 31 14 3000
9 32 12 3000
9 33 17 3000
9 34 9 3000
9 35 10 3000
9 36 11 3000
9 37 11 3000
9 38 12 3000
9 39 10 3000
9 40 21 3000
9 41 13 3000
9 42 20 3000
9 43 17 3000
9 44 10 3000
9 45 7 3000
9 46 19 3000
9 47 14 3000
9 48 22 3000
9 49 11 3000
9 50 11 3000
9 51 12 3000
10 11 22 3000
10 12 16 3000
10 13 11 3000
10 14 17 3000
10 15 29 3000
10 16 15 3000
10 17 16 3000
10 18 22 3000
10 19 16 3000
10 20 14 3000
10 21 14 3000
10 22 17 3000
10 23 27 3000
10 24 15 3000
10 25 12 3000
10 26 17 3000
10 27 17 3000
10 28 18 3000
10 29 14 3000
10 30 16 3000
10 31 21 3000
10 32 14 3000
10 33 11 3000
10 34 16 3000
10 35 22 3000
10 36 19 3000
10 37 17 3000
10 38 22 3000
10 39 12 3000
10 40 16 3000
10 41 12 3000
10 42 15 3000
10 43 11 3000
10 44 11 3000
10 45 17 3000
10 46 14 3000
10 47 10 3000
10 48 16 3000
10 49 20 3000
10 50 14 3000
10 51 16 3000
11 12 21 3000
11 13 15 3000
11 14 14 3000
11 15 14 3000
11 16 19 3000
11 17 14 3000
11 18 11 3000
11 19 19 3000
11 20 16 3000
11 21 13 3000
11 22 15 3000
11 23 17 3000
11 24 11 3000
11 25 12 3000
11 26 12 3000
11 27 10 3000
11 28 23 3000
11 29 13 3000
11 30 12 3000
11 31 8 3000
11 32 11 3000
11 33 11 3000
11 34 12 3000
11 35 21 3000
11 36 15 3000
11 37 12 3000
11 38 13 3000
11 39 20 3000
11 40 10 3000
11 41 12 3000
11 42 15 3000
11 43 12 3000
11 44 10 3000
11 45 14 3000
11 46 14 3000
11 47 16 3000
11 48 10 3000
11 49 20 3000
11 50 12 3000
11 51 19 3000
12 13 18 3000
12 14 21 3000
12 15 18 3000
12 16 16 3000
12 17 25 3000
12 18 30 3000
12 19 15 3000
12 20 22 3000
12 21 23 3000
12 22 12 3000
12 23 22 3000
12 24 16 3000
12 25 15 3000
12 26 21 3000
12 27 26 3000
12 28 11 3000
12 29 22 3000
12 30 26 3000
12 31 15 3000
12 32 18 3000
12 33 12 3000
12 34 12 3000
12 35 13 3000
12 36 16 3000
12 37 16 3000
12 38 16 3000
12 39 14 3000
12 40 13 3000
12 41 9 3000
12 42 21 3000
12 43 20 3000
12 44 8 3000
12 45 18 3000
12 46 12 3000
12 47 18 3000
12 48 15 3000
12 49 19 3000
12 50 14 3000
12 51 20 3000
13 14 19 3000
13 15 16 3000
13 16 18 3000
13 17 17 3000
13 18 13 3000
13 19 17 3000
13 20 19 3000
13 21 10 3000
13 22 13 3000
13 23 9 3000
13 24 8 3000
13 25 21 3000
13 26 16 3000
13 27 24 3000
13 28 17 3000
13 29 12 3000
13 30 17 3000
13 31 14 3000
13 32 16 3000
13 33 14 3000
13 34 17 3000
13 35 16 3000
13 36 13 3000
13 37 18 3000
13 38 17 3000
13 39 16 3000
13 40 16 3000
13 41 15 3000
13 42 10 3000
13 43 14 3000
13 44 12 3000
13 45 9 3000
13 46 15 3000
13 47 17 3000
13 48 25 3000
13 49 15 3000
13 50 8 3000
13 51 18 3000
14 15 14 3000
14 16 19 3000
14 17 14 3000
14 18 10 3000
14 19 13 3000
14 20 15 3000
14 21 15 3000
14 22 19 3000
14 23 11 3000
14 24 12 3000
14 25 9 3000
14 26 12 3000
14 27 17 3000
14 28 20 3000
14 29 14 3000
14 30 12 3000
14 31 18 3000
14 32 15 3000
14 33 9 3000
14 34 10 3000
14 35 17 3000
14 36 17 3000
14 37 14 3000
14 38 12 3000
14 39 14 3000
14 40 16 3000
14 41 9 3000
14 42 13 3000
14 43 16 3000
14 44 15 3000
14 45 13 3000
14 46 11 3000
14 47 12 3000
14 48 19 3000
14 49 12 3000
14 50 14 3000
14 51 22 3000
15 16 15 3000
15 17 18 3000
15 18 13 3000
15 19 18 3000
15 20 19 3000
15 21 10 3000
15 22 13 3000
15 23 19 3000
15 24 18 3000
15 25 17 3000
15 26 14 3000
15 27 20 3000
15 28 15 3000
15 29 16 3000
15 30 16 3000
15 31 18 3000
15 32 17 3000
15 33 15 3000
15 34 12 3000
15 35 12 3000
15 36 15 3000
15 37 9 3000
15 38 18 3000
15 39 15 3000
15 40 14 3000
15 41 19 3000
15 42 16 3000
15 43 15 3000
15 44 15 3000
15 45 17 3000
15 46 16 3000
15 47 20 3000
15 48 23 3000
15 49 17 3000
15 50 19 3000
15 51 18 3000
16 17 16 3000
16 18 13 3000
16 19 14 3000
16 20 10 3000
16 21 15 3000
16 22 16 3000
16 23 18 3000
16 24 11 3000
16 25 9 3000
16 26 8 3000
16 27 14 3000
16 28 21 3000
16 29 14 3000
16 30 16 3000
16 31 22 3000
16 32 18 3000
16 33 16 3000
16 34 9 3000
16 35 14 3000
16 36 16 3000
16 37 15 3000
16 38 15 3000
16 39 9 3000
16 40 9 3000
16 41 11 3000
16 42 14 3000
16 43 13 3000
16 44 13 3000
16 45 17 3000
16 46 16 3000
16 47 15 3000
16 48 19 3000
16 49 16 3000
16 50 19 3000
16 51 15 3000
17 18 22 3000
17 19 14 3000
17 20 16 3000
17 21 15 3000
17 22 17 3000
17 23 19 3000
17 24 17 3000
17 25 16 3000
17 26 16 3000
17 27 17 3000
17 28 16 3000
17 29 15 3000
17 30 14 3000
17 31 15 3000
17 32 16 3000
17 33 13 3000
17 34 14 3000
17 35 9 3000
17 36 11 3000
17 37 18 3000
17 38 15 3000
17 39 16 3000
17 40 13 3000
17 41 7 3000
17 42 16 3000
17 43 16 3000
17 44 16 3000
17 45 10 3000
17 46 11 3000
17 47 17 3000
17 48 15 3000
17 49 14 3000
17 50 19 3000
17 51 14 3000
18 19 14 3000
18 20 10 3000
18 21 10 3000
18 22 14 3000
18 23 16 3000
18 24 17 3000
18 25 9 3000
18 26 18 3000
18 27 24 3000
18 28 17 3000
18 29 14 3000
18 30 14 3000
18 31 11 3000
18 32 18 3000
18 33 13 3000
18 34 16 3000
18 35 12 3000
18 36 18 3000
18 37 20 3000
18 38 19 3000
18 39 10 3000
18 40 19 3000
18 41 11 3000
18 42 11 3000
18 43 19 3000
18 44 14 3000
18 45 17 3000
18 46 17 3000
18 47 11 3000
18 48 9 3000
18 49 16 3000
18 50 16 3000
18 51 15 3000
19 20 15 3000
19 21 13 3000
19 22 17 3000
19 23 14 3000
19 24 10 3000
19 25 12 3000
19 26 11 3000
19 27 16 3000
19 28 13 3000
19 29 11 3000
19 30 12 3000
19 31 12 3000
19 32 13 3000
19 33 11 3000
19 34 16 3000
19 35 13 3000
19 36 12 3000
19 37 17 3000
19 38 12 3000
19 39 18 3000
19 40 15 3000
19 41 14 3000
19 42 17 3000
19 43 12 3000
19 44 21 3000
19 45 10 3000
19 46 17 3000
19 47 12 3000
19 48 11 3000
19 49 16 3000
19 50 13 3000
19 51 13 3000
20 21 19 3000
20 22 12 3000
20 23 12 3000
20 24 14 3000
20 25 19 3000
20 26 14 3000
20 27 18 3000
20 28 20 3000
20 29 18 3000
20 30 11 3000
20 31 16 3000
20 32 11 3000
20 33 15 3000
20 34 17 3000
20 35 14 3000
20 36 17 3000
20 37 17 3000
20 38 9 3000
20 39 14 3000
20 40 18 3000
20 41 17 3000
20 42 11 3000
20 43 13 3000
20 44 13 3000
20 45 17 3000
20 46 14 3000
20 47 17 3000
20 48 14 3000
20 49 10 3000
20 50 21 3000
20 51 12 3000
21 22 17 3000
21 23 17 3000
21 24 11 3000
21 25 19 3000
21 26 16 3000
21 27 12 3000
21 28 21 3000
21 29 10 3000
21 30 20 3000
21 31 22 3000
21 32 18 3000
21 33 16 3000
21 34 16 3000
21 35 15 3000
21 36 17 3000
21 37 17 3000
21 38 12 3000
21 39 11 3000
21 40 14 3000
21 41 17 3000
21 42 13 3000
21 43 7 3000
21 44 13 3000
21 45 10 3000
21 46 14 3000
21 47 13 3000
21 48 11 3000
21 49 19 3000
21 50 17 3000
21 51 14 3000
22 23 19 3000
22 24 7 3000
22 25 11 3000
22 26 14 3000
22 27 17 3000
22 28 13 3000
22 29 20 3000
22 30 11 3000
22 31 20 3000
22 32 13 3000
22 33 16 3000
22 34 16 3000
22 35 12 3000
22 36 15 3000
22 37 22 3000
22 38 9 3000
22 39 13 3000
22 40 10 3000
22 41 10 3000
22 42 11 3000
22 43 20 3000
22 44 15 3000
22 45 14 3000
22 46 14 3000
22 47 8 3000
22 48 12 3000
22 49 16 3000
22 50 14 3000
22 51 8 3000
23 24 17 3000
23 25 15 3000
23 26 14 3000
23 27 19 3000
23 28 14 3000
23 29 21 3000
23 30 10 3000
23 31 17 3000
23 32 10 3000
23 33 15 3000
23 34 17 3000
23 35 14 3000
23 36 17 3000
23 37 15 3000
23 38 16 3000
23 39 19 3000
23 40 14 3000
23 41 12 3000
23 42 16 3000
23 43 21 3000
23 44 8 3000
23 45 17 3000
23 46 9 3000
23 47 14 3000
23 48 18 3000
23 49 17 3000
23 50 21 3000
23 51 18 3000
24 25 14 3000
24 26 17 3000
24 27 16 3000
24 28 12 3000
24 29 12 3000
24 30 17 3000
24 31 9 3000
24 32 15 3000
24 33 16 3000
24 34 13 3000
24 35 15 3000
24 36 13 3000
24 37 13 3000
24 38 11 3000
24 39 14 3000
24 40 15 3000
24 41 12 3000
24 42 23 3000
24 43 17 3000
24 44 18 3000
24 45 22 3000
24 46 11 3000
24 47 13 3000
24 48 16 3000
24 49 12 3000
24 50 12 3000
24 51 16 3000
25 26 11 3000
25 27 7 3000
25 28 14 3000
25 29 13 3000
25 30 17 3000
25 31 15 3000
25 32 9 3000
25 33 10 3000
25 34 18 3000
25 35 12 3000
25 36 18 3000
25 37 18 3000
25 38 15 3000
25 39 18 3000
25 40 18 3000
25 41 8 3000
25 42 7 3000
25 43 9 3000
25 44 12 3000
25 45 14 3000
25 46 5 3000
25 47 12 3000
25 48 15 3000
25 49 16 3000
25 50 12 3000
25 51 12 3000
26 27 19 3000
26 28 20 3000
26 29 21 3000
26 30 16 3000
26 31 19 3000
26 32 20 3000
26 33 14 3000
26 34 17 3000
26 35 11 3000
26 36 15 3000
26 37 10 3000
26 38 18 3000
26 39 16 3000
26 40 19 3000
26 41 14 3000
26 42 11 3000
26 43 14 3000
26 44 14 3000
26 45 14 3000
26 46 17 3000
26 47 18 3000
26 48 20 3000
26 49 16 3000
26 50 18 3000
26 51 14 3000
27 28 23 3000
27 29 15 3000
27 30 18 3000
27 31 21 3000
27 32 12 3000
27 33 9 3000
27 34 12 3000
27 35 13 3000
27 36 15 3000
27 37 18 3000
27 38 12 3000
27 39 11 3000
27 40 20 3000
27 41 13 3000
27 42 16 3000
27 43 22 3000
27 44 12 3000
27 45 16 3000
27 46 12 3000
27 47 13 3000
27 48 13 3000
27 49 12 3000
27 50 15 3000
27 51 18 3000
28 29 19 3000
28 30 14 3000
28 31 22 3000
28 32 16 3000
28 33 19 3000
28 34 16 3000
28 35 8 3000
28 36 19 3000
28 37 21 3000
28 38 16 3000
28 39 14 3000
28 40 20 3000
28 41 14 3000
28 42 15 3000
28 43 13 3000
28 44 20 3000
28 45 17 3000
28 46 15 3000
28 47 15 3000
28 48 5 3000
28 49 19 3000
28 50 15 3000
28 51 20 3000
29 30 18 3000
29 31 13 3000
29 32 15 3000
29 33 15 3000
29 34 17 3000
29 35 16 3000
29 36 11 3000
29 37 20 3000
29 38 10 3000
29 39 11 3000
29 40 20 3000
29 41 12 3000
29 42 16 3000
29 43 16 3000
29 44 7 3000
29 45 12 3000
29 46 16 3000
29 47 15 3000
29 48 14 3000
29 49 19 3000
29 50 17 3000
29 51 16 3000
30 31 9 3000
30 32 19 3000
30 33 9 3000
30 34 13 3000
30 35 15 3000
30 36 16 3000
30 37 11 3000
30 38 19 3000
30 39 18 3000
30 40 13 3000
30 41 10 3000
30 42 17 3000
30 43 15 3000
30 44 13 3000
30 45 11 3000
30 46 12 3000
30 47 12 3000
30 48 17 3000
30 49 7 3000
30 50 11 3000
30 51 14 3000
31 32 18 3000
31 33 19 3000
31 34 11 3000
31 35 12 3000
31 36 15 3000
31 37 19 3000
31 38 14 3000
31 39 15 3000
31 40 11 3000
31 41 12 3000
31 42 16 3000
31 43 18 3000
31 44 14 3000
31 45 17 3000
31 46 15 3000
31 47 18 3000
31 48 11 3000
31 49 15 3000
31 50 19 3000
31 51 12 3000
32 33 13 3000
32 34 21 3000
32 35 15 3000
32 36 17 3000
32 37 19 3000
32 38 16 3000
32 39 12 3000
32 40 18 3000
32 41 18 3000
32 42 16 3000
32 43 12 3000
32 44 15 3000
32 45 11 3000
32 46 15 3000
32 47 15 3000
32 48 17 3000
32 49 23 3000
32 50 14 3000
32 51 13 3000
33 34 11 3000
33 35 10 3000
33 36 15 3000
33 37 19 3000
33 38 8 3000
33 39 15 3000
33 40 16 3000
33 41 18 3000
33 42 16 3000
33 43 22 3000
33 44 17 3000
33 45 20 3000
33 46 15 3000
33 47 21 3000
33 48 16 3000
33 49 22 3000
33 50 23 3000
33 51 15 3000
34 35 17 3000
34 36 12 3000
34 37 15 3000
34 38 18 3000
34 39 24 3000
34 40 18 3000
34 41 8 3000
34 42 15 3000
34 43 17 3000
34 44 10 3000
34 45 18 3000
34 46 9 3000
34 47 16 3000
34 48 14 3000
34 49 17 3000
34 50 8 3000
34 51 12 3000
35 36 21 3000
35 37 15 3000
35 38 10 3000
35 39 20 3000
35 40 17 3000
35 41 8 3000
35 42 14 3000
35 43 6 3000
35 44 15 3000
35 45 17 3000
35 46 10 3000
35 47 15 3000
35 48 15 3000
35 49 15 3000
35 50 15 3000
35 51 14 3000
36 37 23 3000
36 38 18 3000
36 39 15 3000
36 40 12 3000
36 41 14 3000
36 42 21 3000
36 43 15 3000
36 44 15 3000
36 45 13 3000
36 46 15 3000
36 47 12 3000
36 48 23 3000
36 49 16 3000
36 50 15 3000
36 51 13 3000
37 38 17 3000
37 39 13 3000
37 40 15 3000
37 41 10 3000
37 42 19 3000
37 43 19 3000
37 44 23 3000
37 45 18 3000
37 46 12 3000
37 47 15 3000
37 48 11 3000
37 49 25 3000
37 50 19 3000
37 51 17 3000
38 39 8 3000
38 40 13 3000
38 41 15 3000
38 42 17 3000
38 43 16 3000
38 44 9 3000
38 45 19 3000
38 46 17 3000
38 47 13 3000
38 48 20 3000
38 49 9 3000
38 50 13 3000
38 51 12 3000
39 40 14 3000
39 41 13 3000
39 42 18 3000
39 43 13 3000
39 44 12 3000
39 45 16 3000
39 46 19 3000
39 47 19 3000
39 48 13 3000
39 49 20 3000
39 50 12 3000
39 51 19 3000
40 41 17 3000
40 42 15 3000
40 43 22 3000
40 44 23 3000
40 45 10 3000
40 46 21 3000
40 47 16 3000
40 48 17 3000
40 49 24 3000
40 50 19 3000
40 51 18 3000
41 42 16 3000
41 43 18 3000
41 44 12 3000
41 45 12 3000
41 46 14 3000
41 47 7 3000
41 48 11 3000
41 49 12 3000
41 50 21 3000
41 51 16 3000
42 43 21 3000
42 44 18 3000
42 45 13 3000
42 46 15 3000
42 47 13 3000
42 48 23 3000
42 49 15 3000
42 50 12 3000
42 51 11 3000
43 44 11 3000
43 45 17 3000
43 46 23 3000
43 47 19 3000
43 48 20 3000
43 49 20 3000
43 50 12 3000
43 51 7 3000
44 45 18 3000
44 46 15 3000
44 47 13 3000
44 48 13 3000
44 49 27 3000
44 50 12 3000
44 51 3 3000
45 46 18 3000
45 47 21 3000
45 48 11 3000
45 49 28 3000
45 50 19 3000
45 51 19 3000
46 47 21 3000
46 48 12 3000
46 49 12 3000
46 50 11 3000
46 51 17 3000
47 48 19 3000
47 49 14 3000
47 50 18 3000
47 51 11 3000
48 49 18 3000
48 50 20 3000
48 51 13 3000
49 50 15 3000
49 51 16 3000
50 51 14 3000
