0 1 0 50000
0 2 13 50000
0 3 11 50000
0 4 10 50000
0 5 8 50000
0 6 7 50000
0 7 11 50000
0 8 4 50000
0 9 4 50000
0 10 4 50000
0 11 0 50000
0 12 1 50000
0 13 1 50000
0 14 0 50000
0 15 1 50000
0 16 0 50000
0 17 1 50000
0 18 0 50000
0 19 0 50000
0 20 0 50000
0 21 1 50000
0 22 0 50000
0 23 0 50000
0 24 0 50000
0 25 0 50000
0 26 0 50000
0 27 0 50000
0 28 0 50000
0 29 0 50000
0 30 0 50000
0 31 0 50000
0 32 0 50000
0 33 0 50000
0 34 0 50000
0 35 0 50000
0 36 0 50000
0 37 0 50000
0 38 0 50000
0 39 0 50000
0 40 0 50000
0 41 0 50000
0 42 0 50000
0 43 0 50000
0 44 0 50000
0 45 0 50000
0 46 0 50000
0 47 0 50000
0 48 0 50000
0 49 0 50000
0 50 0 50000
0 51 0 50000
1 2 14 50000
1 3 5 50000
1 4 7 50000
1 5 5 50000
1 6 10 50000
1 7 7 50000
1 8 4 50000
1 9 0 50000
1 10 4 50000
1 11 2 50000
1 12 1 50000
1 13 1 50000
1 14 1 50000
1 15 2 50000
1 16 5 50000
1 17 1 50000
1 18 1 50000
1 19 2 50000
1 20 4 50000
1 21 1 50000
1 22 0 50000
1 23 2 50000
1 24 0 50000
1 25 0 50000
1 26 0 50000
1 27 0 50000
1 28 0 50000
1 29 0 50000
1 30 0 50000
1 31 0 50000
1 32 0 50000
1 33 0 50000
1 34 1 50000
1 35 4 50000
1 36 1 50000
1 37 1 50000
1 38 1 50000
1 39 1 50000
1 40 3 50000
1 41 1 50000
1 42 3 50000
1 43 1 50000
1 44 2 50000
1 45 1 50000
1 46 2 50000
1 47 2 50000
1 48 3 50000
1 49 1 50000
1 50 8 50000
1 51 2 50000
2 3 12 50000
2 4 11 50000
2 5 7 50000
2 6 10 50000
2 7 7 50000
2 8 6 50000
2 9 5 50000
2 10 6 50000
2 11 4 50000
2 12 3 50000
2 13 3 50000
2 14 6 50000
2 15 2 50000
2 16 1 50000
2 17 1 50000
2 18 5 50000
2 19 3 50000
2 20 4 50000
2 21 3 50000
2 22 3 50000
2 23 4 50000
2 24 3 50000
2 25 5 50000
2 26 5 50000
2 27 6 50000
2 28 3 50000
2 29 2 50000
2 30 2 50000
2 31 4 50000
2 32 7 50000
2 33 4 50000
2 34 8 50000
2 35 11 50000
2 36 10 50000
2 37 6 50000
2 38 4 50000
2 39 7 50000
2 40 5 50000
2 41 4 50000
2 42 11 50000
2 43 9 50000
2 44 8 50000
2 45 4 50000
2 46 9 50000
2 47 19 50000
2 48 15 50000
2 49 17 50000
2 50 9 50000
2 51 12 50000
3 4 11 50000
3 5 4 50000
3 6 11 50000
3 7 11 50000
3 8 8 50000
3 9 5 50000
3 10 7 50000
3 11 6 50000
3 12 2 50000
3 13 10 50000
3 14 5 50000
3 15 8 50000
3 16 9 50000
3 17 6 50000
3 18 5 50000
3 19 4 50000
3 20 3 50000
3 21 4 50000
3 22 8 50000
3 23 6 50000
3 24 13 50000
3 25 8 50000
3 26 9 50000
3 27 10 50000
3 28 9 50000
3 29 10 50000
3 30 12 50000
3 31 14 50000
3 32 7 50000
3 33 5 50000
3 34 12 50000
3 35 15 50000
3 36 9 50000
3 37 12 50000
3 38 6 50000
3 39 25 50000
3 40 18 50000
3 41 15 50000
3 42 18 50000
3 43 14 50000
3 44 18 50000
3 45 18 50000
3 46 25 50000
3 47 18 50000
3 48 18 50000
3 49 18 50000
3 50 24 50000
3 51 17 50000
4 5 17 50000
4 6 20 50000
4 7 12 50000
4 8 12 50000
4 9 8 50000
4 10 15 50000
4 11 10 50000
4 12 8 50000
4 13 10 50000
4 14 5 50000
4 15 4 50000
4 16 11 50000
4 17 8 50000
4 18 3 50000
4 19 7 50000
4 20 9 50000
4 21 8 50000
4 22 8 50000
4 23 12 50000
4 24 13 50000
4 25 8 50000
4 26 13 50000
4 27 19 50000
4 28 13 50000
4 29 16 50000
4 30 16 50000
4 31 14 50000
4 32 20 50000
4 33 26 50000
4 34 17 50000
4 35 29 50000
4 36 19 50000
4 37 26 50000
4 38 15 50000
4 39 20 50000
4 40 21 50000
4 41 25 50000
4 42 19 50000
4 43 15 50000
4 44 38 50000
4 45 38 50000
4 46 26 50000
4 47 46 50000
4 48 28 50000
4 49 31 50000
4 50 35 50000
4 51 35 50000
5 6 17 50000
5 7 11 50000
5 8 9 50000
5 9 11 50000
5 10 9 50000
5 11 9 50000
5 12 7 50000
5 13 10 50000
5 14 11 50000
5 15 14 50000
5 16 10 50000
5 17 13 50000
5 18 16 50000
5 19 14 50000
5 20 14 50000
5 21 17 50000
5 22 15 50000
5 23 13 50000
5 24 15 50000
5 25 19 50000
5 26 21 50000
5 27 21 50000
5 28 21 50000
5 29 23 50000
5 30 30 50000
5 31 29 50000
5 32 28 50000
5 33 24 50000
5 34 22 50000
5 35 34 50000
5 36 32 50000
5 37 39 50000
5 38 43 50000
5 39 41 50000
5 40 33 50000
5 41 47 50000
5 42 57 50000
5 43 43 50000
5 44 43 50000
5 45 51 50000
5 46 61 50000
5 47 44 50000
5 48 59 50000
5 49 55 50000
5 50 59 50000
5 51 63 50000
6 7 19 50000
6 8 18 50000
6 9 12 50000
6 10 15 50000
6 11 15 50000
6 12 13 50000
6 13 8 50000
6 14 6 50000
6 15 7 50000
6 16 17 50000
6 17 19 50000
6 18 20 50000
6 19 19 50000
6 20 22 50000
6 21 31 50000
6 22 22 50000
6 23 26 50000
6 24 20 50000
6 25 16 50000
6 26 25 50000
6 27 32 50000
6 28 26 50000
6 29 30 50000
6 30 32 50000
6 31 41 50000
6 32 40 50000
6 33 42 50000
6 34 53 50000
6 35 40 50000
6 36 45 50000
6 37 53 50000
6 38 48 50000
6 39 50 50000
6 40 52 50000
6 41 79 50000
6 42 67 50000
6 43 58 50000
6 44 76 50000
6 45 73 50000
6 46 73 50000
6 47 91 50000
6 48 78 50000
6 49 98 50000
6 50 84 50000
6 51 97 50000
7 8 15 50000
7 9 25 50000
7 10 18 50000
7 11 19 50000
7 12 17 50000
7 13 20 50000
7 14 16 50000
7 15 23 50000
7 16 20 50000
7 17 29 50000
7 18 32 50000
7 19 23 50000
7 20 21 50000
7 21 28 50000
7 22 33 50000
7 23 33 50000
7 24 24 50000
7 25 25 50000
7 26 41 50000
7 27 49 50000
7 28 52 50000
7 29 50 50000
7 30 42 50000
7 31 50 50000
7 32 74 50000
7 33 58 50000
7 34 75 50000
7 35 58 50000
7 36 60 50000
7 37 61 50000
7 38 76 50000
7 39 89 50000
7 40 76 50000
7 41 77 50000
7 42 91 50000
7 43 94 50000
7 44 105 50000
7 45 113 50000
7 46 98 50000
7 47 83 50000
7 48 108 50000
7 49 119 50000
7 50 128 50000
7 51 136 50000
8 9 24 50000
8 10 20 50000
8 11 23 50000
8 12 14 50000
8 13 22 50000
8 14 30 50000
8 15 25 50000
8 16 26 50000
8 17 36 50000
8 18 24 50000
8 19 32 50000
8 20 43 50000
8 21 35 50000
8 22 31 50000
8 23 38 50000
8 24 47 50000
8 25 52 50000
8 26 49 50000
8 27 51 50000
8 28 63 50000
8 29 60 50000
8 30 47 50000
8 31 71 50000
8 32 65 50000
8 33 68 50000
8 34 76 50000
8 35 78 50000
8 36 88 50000
8 37 94 50000
8 38 87 50000
8 39 100 50000
8 40 111 50000
8 41 114 50000
8 42 115 50000
8 43 117 50000
8 44 134 50000
8 45 133 50000
8 46 144 50000
8 47 152 50000
8 48 161 50000
8 49 167 50000
8 50 176 50000
8 51 159 50000
9 10 41 50000
9 11 18 50000
9 12 19 50000
9 13 20 50000
9 14 30 50000
9 15 17 50000
9 16 25 50000
9 17 35 50000
9 18 28 50000
9 19 31 50000
9 20 53 50000
9 21 47 50000
9 22 50 50000
9 23 55 50000
9 24 68 50000
9 25 51 50000
9 26 63 50000
9 27 62 50000
9 28 78 50000
9 29 75 50000
9 30 84 50000
9 31 70 50000
9 32 96 50000
9 33 94 50000
9 34 91 50000
9 35 91 50000
9 36 116 50000
9 37 108 50000
9 38 125 50000
9 39 128 50000
9 40 143 50000
9 41 141 50000
9 42 140 50000
9 43 173 50000
9 44 156 50000
9 45 196 50000
9 46 198 50000
9 47 183 50000
9 48 200 50000
9 49 218 50000
9 50 237 50000
9 51 254 50000
10 11 33 50000
10 12 30 50000
10 13 25 50000
10 14 29 50000
10 15 22 50000
10 16 39 50000
10 17 35 50000
10 18 36 50000
10 19 41 50000
10 20 49 50000
10 21 50 50000
10 22 52 50000
10 23 57 50000
10 24 66 50000
10 25 68 50000
10 26 87 50000
10 27 99 50000
10 28 71 50000
10 29 83 50000
10 30 88 50000
10 31 88 50000
10 32 80 50000
10 33 109 50000
10 34 121 50000
10 35 134 50000
10 36 122 50000
10 37 151 50000
10 38 158 50000
10 39 180 50000
10 40 161 50000
10 41 154 50000
10 42 184 50000
10 43 175 50000
10 44 197 50000
10 45 212 50000
10 46 234 50000
10 47 217 50000
10 48 264 50000
10 49 249 50000
10 50 274 50000
10 51 296 50000
11 12 57 50000
11 13 45 50000
11 14 59 50000
11 15 39 50000
11 16 35 50000
11 17 44 50000
11 18 37 50000
11 19 42 50000
11 20 54 50000
11 21 54 50000
11 22 56 50000
11 23 72 50000
11 24 79 50000
11 25 95 50000
11 26 101 50000
11 27 91 50000
11 28 109 50000
11 29 104 50000
11 30 126 50000
11 31 129 50000
11 32 149 50000
11 33 141 50000
11 34 134 50000
11 35 193 50000
11 36 171 50000
11 37 170 50000
11 38 212 50000
11 39 211 50000
11 40 220 50000
11 41 214 50000
11 42 235 50000
11 43 248 50000
11 44 248 50000
11 45 271 50000
11 46 264 50000
11 47 299 50000
11 48 316 50000
11 49 391 50000
11 50 347 50000
11 51 344 50000
12 13 57 50000
12 14 52 50000
12 15 56 50000
12 16 43 50000
12 17 58 50000
12 18 62 50000
12 19 65 50000
12 20 70 50000
12 21 66 50000
12 22 77 50000
12 23 78 50000
12 24 108 50000
12 25 91 50000
12 26 102 50000
12 27 107 50000
12 28 125 50000
12 29 136 50000
12 30 139 50000
12 31 139 50000
12 32 159 50000
12 33 189 50000
12 34 205 50000
12 35 158 50000
12 36 203 50000
12 37 222 50000
12 38 220 50000
12 39 232 50000
12 40 257 50000
12 41 242 50000
12 42 308 50000
12 43 314 50000
12 44 307 50000
12 45 339 50000
12 46 348 50000
12 47 389 50000
12 48 401 50000
12 49 413 50000
12 50 445 50000
12 51 434 50000
13 14 54 50000
13 15 63 50000
13 16 68 50000
13 17 61 50000
13 18 67 50000
13 19 83 50000
13 20 76 50000
13 21 101 50000
13 22 118 50000
13 23 119 50000
13 24 99 50000
13 25 103 50000
13 26 119 50000
13 27 115 50000
13 28 150 50000
13 29 153 50000
13 30 186 50000
13 31 171 50000
13 32 195 50000
13 33 224 50000
13 34 228 50000
13 35 221 50000
13 36 233 50000
13 37 301 50000
13 38 253 50000
13 39 282 50000
13 40 287 50000
13 41 327 50000
13 42 339 50000
13 43 374 50000
13 44 424 50000
13 45 395 50000
13 46 416 50000
13 47 482 50000
13 48 518 50000
13 49 519 50000
13 50 523 50000
13 51 491 50000
14 15 79 50000
14 16 79 50000
14 17 65 50000
14 18 78 50000
14 19 78 50000
14 20 104 50000
14 21 85 50000
14 22 102 50000
14 23 100 50000
14 24 132 50000
14 25 135 50000
14 26 143 50000
14 27 138 50000
14 28 172 50000
14 29 171 50000
14 30 224 50000
14 31 226 50000
14 32 213 50000
14 33 249 50000
14 34 226 50000
14 35 249 50000
14 36 286 50000
14 37 300 50000
14 38 335 50000
14 39 308 50000
14 40 379 50000
14 41 357 50000
14 42 394 50000
14 43 427 50000
14 44 462 50000
14 45 496 50000
14 46 494 50000
14 47 478 50000
14 48 558 50000
14 49 612 50000
14 50 684 50000
14 51 650 50000
15 16 93 50000
15 17 81 50000
15 18 69 50000
15 19 93 50000
15 20 103 50000
15 21 123 50000
15 22 130 50000
15 23 136 50000
15 24 150 50000
15 25 157 50000
15 26 174 50000
15 27 169 50000
15 28 195 50000
15 29 190 50000
15 30 228 50000
15 31 271 50000
15 32 244 50000
15 33 298 50000
15 34 263 50000
15 35 312 50000
15 36 338 50000
15 37 373 50000
15 38 373 50000
15 39 382 50000
15 40 411 50000
15 41 461 50000
15 42 443 50000
15 43 489 50000
15 44 553 50000
15 45 511 50000
15 46 593 50000
15 47 637 50000
15 48 688 50000
15 49 702 50000
15 50 761 50000
15 51 768 50000
16 17 100 50000
16 18 127 50000
16 19 113 50000
16 20 111 50000
16 21 153 50000
16 22 144 50000
16 23 182 50000
16 24 172 50000
16 25 182 50000
16 26 215 50000
16 27 221 50000
16 28 220 50000
16 29 257 50000
16 30 286 50000
16 31 273 50000
16 32 333 50000
16 33 318 50000
16 34 328 50000
16 35 340 50000
16 36 415 50000
16 37 419 50000
16 38 430 50000
16 39 471 50000
16 40 497 50000
16 41 514 50000
16 42 507 50000
16 43 580 50000
16 44 625 50000
16 45 663 50000
16 46 749 50000
16 47 704 50000
16 48 762 50000
16 49 797 50000
16 50 898 50000
16 51 894 50000
17 18 140 50000
17 19 124 50000
17 20 134 50000
17 21 164 50000
17 22 164 50000
17 23 164 50000
17 24 207 50000
17 25 212 50000
17 26 242 50000
17 27 264 50000
17 28 300 50000
17 29 279 50000
17 30 322 50000
17 31 346 50000
17 32 325 50000
17 33 370 50000
17 34 427 50000
17 35 452 50000
17 36 432 50000
17 37 480 50000
17 38 531 50000
17 39 547 50000
17 40 602 50000
17 41 590 50000
17 42 640 50000
17 43 701 50000
17 44 738 50000
17 45 752 50000
17 46 784 50000
17 47 876 50000
17 48 906 50000
17 49 952 50000
17 50 1065 50000
17 51 1005 50000
18 19 158 50000
18 20 164 50000
18 21 162 50000
18 22 196 50000
18 23 193 50000
18 24 251 50000
18 25 234 50000
18 26 282 50000
18 27 294 50000
18 28 317 50000
18 29 348 50000
18 30 333 50000
18 31 375 50000
18 32 426 50000
18 33 421 50000
18 34 470 50000
18 35 484 50000
18 36 527 50000
18 37 545 50000
18 38 599 50000
18 39 623 50000
18 40 646 50000
18 41 705 50000
18 42 748 50000
18 43 805 50000
18 44 865 50000
18 45 891 50000
18 46 891 50000
18 47 967 50000
18 48 1025 50000
18 49 1134 50000
18 50 1145 50000
18 51 1204 50000
19 20 210 50000
19 21 195 50000
19 22 195 50000
19 23 226 50000
19 24 259 50000
19 25 255 50000
19 26 314 50000
19 27 337 50000
19 28 321 50000
19 29 420 50000
19 30 415 50000
19 31 429 50000
19 32 449 50000
19 33 491 50000
19 34 530 50000
19 35 579 50000
19 36 610 50000
19 37 657 50000
19 38 660 50000
19 39 684 50000
19 40 735 50000
19 41 762 50000
19 42 842 50000
19 43 879 50000
19 44 923 50000
19 45 1012 50000
19 46 1096 50000
19 47 1114 50000
19 48 1190 50000
19 49 1310 50000
19 50 1310 50000
19 51 1398 50000
20 21 232 50000
20 22 242 50000
20 23 251 50000
20 24 266 50000
20 25 297 50000
20 26 300 50000
20 27 374 50000
20 28 379 50000
20 29 415 50000
20 30 482 50000
20 31 489 50000
20 32 497 50000
20 33 538 50000
20 34 599 50000
20 35 671 50000
20 36 692 50000
20 37 705 50000
20 38 726 50000
20 39 838 50000
20 40 834 50000
20 41 931 50000
20 42 924 50000
20 43 1029 50000
20 44 1049 50000
20 45 1085 50000
20 46 1225 50000
20 47 1328 50000
20 48 1357 50000
20 49 1441 50000
20 50 1621 50000
20 51 1649 50000
21 22 286 50000
21 23 312 50000
21 24 328 50000
21 25 345 50000
21 26 360 50000
21 27 428 50000
21 28 424 50000
21 29 456 50000
21 30 501 50000
21 31 546 50000
21 32 622 50000
21 33 623 50000
21 34 664 50000
21 35 726 50000
21 36 785 50000
21 37 832 50000
21 38 895 50000
21 39 948 50000
21 40 973 50000
21 41 1059 50000
21 42 1052 50000
21 43 1248 50000
21 44 1265 50000
21 45 1341 50000
21 46 1460 50000
21 47 1526 50000
21 48 1584 50000
21 49 1718 50000
21 50 1810 50000
21 51 1895 50000
22 23 345 50000
22 24 359 50000
22 25 375 50000
22 26 455 50000
22 27 418 50000
22 28 507 50000
22 29 586 50000
22 30 548 50000
22 31 630 50000
22 32 676 50000
22 33 740 50000
22 34 786 50000
22 35 789 50000
22 36 854 50000
22 37 895 50000
22 38 981 50000
22 39 1009 50000
22 40 1176 50000
22 41 1176 50000
22 42 1269 50000
22 43 1334 50000
22 44 1342 50000
22 45 1488 50000
22 46 1593 50000
22 47 1784 50000
22 48 1893 50000
22 49 1942 50000
22 50 2128 50000
22 51 2153 50000
23 24 427 50000
23 25 431 50000
23 26 473 50000
23 27 526 50000
23 28 527 50000
23 29 594 50000
23 30 628 50000
23 31 690 50000
23 32 744 50000
23 33 799 50000
23 34 872 50000
23 35 903 50000
23 36 955 50000
23 37 1064 50000
23 38 1129 50000
23 39 1168 50000
23 40 1278 50000
23 41 1297 50000
23 42 1406 50000
23 43 1527 50000
23 44 1608 50000
23 45 1641 50000
23 46 1822 50000
23 47 1907 50000
23 48 2018 50000
23 49 2221 50000
23 50 2466 50000
23 51 2439 50000
24 25 474 50000
24 26 503 50000
24 27 556 50000
24 28 605 50000
24 29 642 50000
24 30 711 50000
24 31 793 50000
24 32 809 50000
24 33 913 50000
24 34 957 50000
24 35 1051 50000
24 36 1048 50000
24 37 1143 50000
24 38 1242 50000
24 39 1346 50000
24 40 1408 50000
24 41 1519 50000
24 42 1634 50000
24 43 1695 50000
24 44 1836 50000
24 45 1998 50000
24 46 2095 50000
24 47 2230 50000
24 48 2480 50000
24 49 2580 50000
24 50 2730 50000
24 51 2793 50000
25 26 566 50000
25 27 592 50000
25 28 664 50000
25 29 726 50000
25 30 846 50000
25 31 816 50000
25 32 891 50000
25 33 1013 50000
25 34 1072 50000
25 35 1150 50000
25 36 1198 50000
25 37 1323 50000
25 38 1396 50000
25 39 1513 50000
25 40 1567 50000
25 41 1697 50000
25 42 1789 50000
25 43 1928 50000
25 44 1962 50000
25 45 2190 50000
25 46 2360 50000
25 47 2548 50000
25 48 2591 50000
25 49 2789 50000
25 50 3132 50000
25 51 3181 50000
26 27 695 50000
26 28 751 50000
26 29 718 50000
26 30 848 50000
26 31 914 50000
26 32 1010 50000
26 33 1097 50000
26 34 1184 50000
26 35 1250 50000
26 36 1309 50000
26 37 1492 50000
26 38 1579 50000
26 39 1650 50000
26 40 1781 50000
26 41 1915 50000
26 42 2051 50000
26 43 2160 50000
26 44 2193 50000
26 45 2435 50000
26 46 2640 50000
26 47 2816 50000
26 48 2950 50000
26 49 3244 50000
26 50 3487 50000
26 51 3502 50000
27 28 806 50000
27 29 812 50000
27 30 913 50000
27 31 1075 50000
27 32 1160 50000
27 33 1299 50000
27 34 1343 50000
27 35 1413 50000
27 36 1585 50000
27 37 1631 50000
27 38 1782 50000
27 39 1865 50000
27 40 1979 50000
27 41 2125 50000
27 42 2339 50000
27 43 2429 50000
27 44 2617 50000
27 45 2778 50000
27 46 2946 50000
27 47 3089 50000
27 48 3330 50000
27 49 3537 50000
27 50 4001 50000
27 51 4051 50000
28 29 946 50000
28 30 1043 50000
28 31 1097 50000
28 32 1223 50000
28 33 1376 50000
28 34 1506 50000
28 35 1517 50000
28 36 1706 50000
28 37 1818 50000
28 38 1871 50000
28 39 2046 50000
28 40 2115 50000
28 41 2371 50000
28 42 2496 50000
28 43 2613 50000
28 44 2901 50000
28 45 2982 50000
28 46 3204 50000
28 47 3538 50000
28 48 3746 50000
28 49 3988 50000
28 50 4416 50000
28 51 4487 50000
29 30 1160 50000
29 31 1169 50000
29 32 1273 50000
29 33 1475 50000
29 34 1643 50000
29 35 1739 50000
29 36 1818 50000
29 37 1926 50000
29 38 2153 50000
29 39 2206 50000
29 40 2439 50000
29 41 2519 50000
29 42 2849 50000
29 43 2914 50000
29 44 3150 50000
29 45 3395 50000
29 46 3618 50000
29 47 3896 50000
29 48 4236 50000
29 49 4470 50000
29 50 5117 50000
29 51 4956 50000
30 31 1392 50000
30 32 1382 50000
30 33 1537 50000
30 34 1779 50000
30 35 2001 50000
30 36 2030 50000
30 37 2196 50000
30 38 2276 50000
30 39 2552 50000
30 40 2787 50000
30 41 2955 50000
30 42 3154 50000
30 43 3457 50000
30 44 3583 50000
30 45 3869 50000
30 46 4130 50000
30 47 4429 50000
30 48 4743 50000
30 49 5008 50000
30 50 5744 50000
30 51 5878 50000
31 32 1610 50000
31 33 1730 50000
31 34 1840 50000
31 35 2187 50000
31 36 2317 50000
31 37 2512 50000
31 38 2519 50000
31 39 2821 50000
31 40 3016 50000
31 41 3194 50000
31 42 3447 50000
31 43 3645 50000
31 44 3990 50000
31 45 4187 50000
31 46 4553 50000
31 47 4919 50000
31 48 5238 50000
31 49 5775 50000
31 50 6374 50000
31 51 6438 50000
32 33 1808 50000
32 34 1989 50000
32 35 2163 50000
32 36 2481 50000
32 37 2752 50000
32 38 2867 50000
32 39 3032 50000
32 40 3283 50000
32 41 3637 50000
32 42 3866 50000
32 43 4182 50000
32 44 4403 50000
32 45 4647 50000
32 46 5078 50000
32 47 5329 50000
32 48 6089 50000
32 49 6314 50000
32 50 7030 50000
32 51 7169 50000
33 34 2233 50000
33 35 2488 50000
33 36 2503 50000
33 37 3054 50000
33 38 3316 50000
33 39 3465 50000
33 40 3602 50000
33 41 3820 50000
33 42 4293 50000
33 43 4802 50000
33 44 4946 50000
33 45 5310 50000
33 46 5693 50000
33 47 5929 50000
33 48 6585 50000
33 49 7213 50000
33 50 8109 50000
33 51 8055 50000
34 35 2628 50000
34 36 2849 50000
34 37 3029 50000
34 38 3790 50000
34 39 4001 50000
34 40 4197 50000
34 41 4361 50000
34 42 4761 50000
34 43 5213 50000
34 44 5610 50000
34 45 5830 50000
34 46 6419 50000
34 47 6834 50000
34 48 7319 50000
34 49 8156 50000
34 50 8994 50000
34 51 9222 50000
35 36 3087 50000
35 37 3482 50000
35 38 3675 50000
35 39 4394 50000
35 40 4741 50000
35 41 4930 50000
35 42 5101 50000
35 43 5634 50000
35 44 6096 50000
35 45 6529 50000
35 46 7000 50000
35 47 7567 50000
35 48 8216 50000
35 49 9070 50000
35 50 10214 50000
35 51 10154 50000
36 37 3703 50000
36 38 4045 50000
36 39 4392 50000
36 40 5315 50000
36 41 5568 50000
36 42 5760 50000
36 43 6257 50000
36 44 6832 50000
36 45 7340 50000
36 46 7796 50000
36 47 8483 50000
36 48 9126 50000
36 49 9965 50000
36 50 11341 50000
36 51 11525 50000
37 38 4330 50000
37 39 4853 50000
37 40 5123 50000
37 41 6127 50000
37 42 6772 50000
37 43 6901 50000
37 44 7346 50000
37 45 8066 50000
37 46 8901 50000
37 47 9384 50000
37 48 10097 50000
37 49 11332 50000
37 50 12750 50000
37 51 12798 50000
38 39 5301 50000
38 40 5771 50000
38 41 6289 50000
38 42 7537 50000
38 43 7909 50000
38 44 8273 50000
38 45 9029 50000
38 46 9741 50000
38 47 10498 50000
38 48 11356 50000
38 49 12455 50000
38 50 14206 50000
38 51 14156 50000
39 40 6328 50000
39 41 6815 50000
39 42 7469 50000
39 43 9117 50000
39 44 9475 50000
39 45 9828 50000
39 46 10709 50000
39 47 11591 50000
39 48 12643 50000
39 49 13943 50000
39 50 15967 50000
39 51 16026 50000
40 41 7460 50000
40 42 8204 50000
40 43 9156 50000
40 44 10663 50000
40 45 11137 50000
40 46 11773 50000
40 47 12738 50000
40 48 13970 50000
40 49 15349 50000
40 50 17801 50000
40 51 17539 50000
41 42 8852 50000
41 43 9918 50000
41 44 11197 50000
41 45 12701 50000
41 46 13230 50000
41 47 13997 50000
41 48 15395 50000
41 49 17028 50000
41 50 19536 50000
41 51 19632 50000
42 43 10816 50000
42 44 11933 50000
42 45 13437 50000
42 46 15010 50000
42 47 15745 50000
42 48 17088 50000
42 49 18788 50000
42 50 21767 50000
42 51 21719 50000
43 44 12954 50000
43 45 13977 50000
43 46 16238 50000
43 47 17603 50000
43 48 18649 50000
43 49 20531 50000
43 50 23889 50000
43 51 23974 50000
44 45 15332 50000
44 46 17112 50000
44 47 19455 50000
44 48 20940 50000
44 49 22690 50000
44 50 26553 50000
44 51 26527 50000
45 46 18332 50000
45 47 20644 50000
45 48 22935 50000
45 49 25174 50000
45 50 28888 50000
45 51 28816 50000
46 47 21845 50000
46 48 24933 50000
46 49 27526 50000
46 50 31810 50000
46 51 31867 50000
47 48 26389 50000
47 49 30079 50000
47 50 34530 50000
47 51 34783 50000
48 49 32689 50000
48 50 38193 50000
48 51 38307 50000
49 50 42520 50000
49 51 42486 50000
50 51 50000 50000
