0 1 0 50000
0 2 6 50000
0 3 11 50000
0 4 8 50000
0 5 6 50000
0 6 6 50000
0 7 4 50000
0 8 5 50000
0 9 3 50000
0 10 6 50000
0 11 2 50000
0 12 3 50000
0 13 1 50000
0 14 4 50000
0 15 0 50000
0 16 0 50000
0 17 0 50000
0 18 0 50000
0 19 1 50000
0 20 0 50000
0 21 0 50000
0 22 0 50000
0 23 0 50000
0 24 0 50000
0 25 0 50000
0 26 0 50000
0 27 0 50000
0 28 0 50000
0 29 0 50000
0 30 0 50000
0 31 0 50000
0 32 0 50000
0 33 0 50000
0 34 0 50000
0 35 0 50000
0 36 0 50000
0 37 0 50000
0 38 0 50000
0 39 0 50000
0 40 0 50000
0 41 0 50000
0 42 0 50000
0 43 0 50000
0 44 0 50000
0 45 0 50000
0 46 0 50000
0 47 0 50000
0 48 0 50000
0 49 0 50000
0 50 0 50000
0 51 0 50000
1 2 7 50000
1 3 2 50000
1 4 6 50000
1 5 9 50000
1 6 3 50000
1 7 11 50000
1 8 6 50000
1 9 4 50000
1 10 4 50000
1 11 3 50000
1 12 0 50000
1 13 2 50000
1 14 2 50000
1 15 0 50000
1 16 5 50000
1 17 1 50000
1 18 1 50000
1 19 0 50000
1 20 0 50000
1 21 1 50000
1 22 0 50000
1 23 1 50000
1 24 3 50000
1 25 3 50000
1 26 1 50000
1 27 3 50000
1 28 0 50000
1 29 3 50000
1 30 0 50000
1 31 1 50000
1 32 2 50000
1 33 0 50000
1 34 1 50000
1 35 1 50000
1 36 0 50000
1 37 0 50000
1 38 2 50000
1 39 3 50000
1 40 2 50000
1 41 1 50000
1 42 1 50000
1 43 1 50000
1 44 0 50000
1 45 1 50000
1 46 2 50000
1 47 1 50000
1 48 1 50000
1 49 0 50000
1 50 3 50000
1 51 0 50000
2 3 14 50000
2 4 9 50000
2 5 8 50000
2 6 4 50000
2 7 8 50000
2 8 8 50000
2 9 5 50000
2 10 3 50000
2 11 2 50000
2 12 2 50000
2 13 2 50000
2 14 2 50000
2 15 6 50000
2 16 4 50000
2 17 2 50000
2 18 3 50000
2 19 2 50000
2 20 3 50000
2 21 4 50000
2 22 3 50000
2 23 3 50000
2 24 7 50000
2 25 4 50000
2 26 6 50000
2 27 4 50000
2 28 3 50000
2 29 5 50000
2 30 4 50000
2 31 4 50000
2 32 2 50000
2 33 8 50000
2 34 2 50000
2 35 6 50000
2 36 6 50000
2 37 9 50000
2 38 7 50000
2 39 4 50000
2 40 8 50000
2 41 8 50000
2 42 10 50000
2 43 5 50000
2 44 9 50000
2 45 8 50000
2 46 6 50000
2 47 7 50000
2 48 14 50000
2 49 8 50000
2 50 13 50000
2 51 10 50000
3 4 14 50000
3 5 6 50000
3 6 7 50000
3 7 6 50000
3 8 6 50000
3 9 7 50000
3 10 5 50000
3 11 11 50000
3 12 10 50000
3 13 4 50000
3 14 8 50000
3 15 2 50000
3 16 3 50000
3 17 4 50000
3 18 5 50000
3 19 6 50000
3 20 5 50000
3 21 8 50000
3 22 1 50000
3 23 4 50000
3 24 10 50000
3 25 14 50000
3 26 7 50000
3 27 8 50000
3 28 7 50000
3 29 10 50000
3 30 12 50000
3 31 11 50000
3 32 14 50000
3 33 17 50000
3 34 8 50000
3 35 13 50000
3 36 10 50000
3 37 13 50000
3 38 16 50000
3 39 16 50000
3 40 17 50000
3 41 17 50000
3 42 12 50000
3 43 15 50000
3 44 16 50000
3 45 17 50000
3 46 29 50000
3 47 22 50000
3 48 17 50000
3 49 22 50000
3 50 25 50000
3 51 37 50000
4 5 12 50000
4 6 13 50000
4 7 11 50000
4 8 10 50000
4 9 14 50000
4 10 10 50000
4 11 7 50000
4 12 9 50000
4 13 9 50000
4 14 10 50000
4 15 7 50000
4 16 4 50000
4 17 8 50000
4 18 16 50000
4 19 5 50000
4 20 12 50000
4 21 9 50000
4 22 6 50000
4 23 8 50000
4 24 2 50000
4 25 10 50000
4 26 13 50000
4 27 12 50000
4 28 10 50000
4 29 18 50000
4 30 15 50000
4 31 27 50000
4 32 20 50000
4 33 16 50000
4 34 24 50000
4 35 14 50000
4 36 25 50000
4 37 26 50000
4 38 19 50000
4 39 18 50000
4 40 28 50000
4 41 28 50000
4 42 28 50000
4 43 30 50000
4 44 43 50000
4 45 29 50000
4 46 25 50000
4 47 44 50000
4 48 33 50000
4 49 40 50000
4 50 37 50000
4 51 30 50000
5 6 20 50000
5 7 9 50000
5 8 10 50000
5 9 4 50000
5 10 13 50000
5 11 12 50000
5 12 8 50000
5 13 14 50000
5 14 14 50000
5 15 11 50000
5 16 14 50000
5 17 13 50000
5 18 13 50000
5 19 12 50000
5 20 13 50000
5 21 12 50000
5 22 6 50000
5 23 14 50000
5 24 16 50000
5 25 24 50000
5 26 21 50000
5 27 15 50000
5 28 20 50000
5 29 20 50000
5 30 26 50000
5 31 24 50000
5 32 28 50000
5 33 29 50000
5 34 46 50000
5 35 39 50000
5 36 36 50000
5 37 36 50000
5 38 38 50000
5 39 38 50000
5 40 45 50000
5 41 35 50000
5 42 49 50000
5 43 66 50000
5 44 43 50000
5 45 45 50000
5 46 53 50000
5 47 61 50000
5 48 67 50000
5 49 61 50000
5 50 59 50000
5 51 77 50000
6 7 19 50000
6 8 12 50000
6 9 17 50000
6 10 9 50000
6 11 14 50000
6 12 16 50000
6 13 18 50000
6 14 8 50000
6 15 10 50000
6 16 13 50000
6 17 14 50000
6 18 9 50000
6 19 10 50000
6 20 14 50000
6 21 18 50000
6 22 27 50000
6 23 10 50000
6 24 15 50000
6 25 24 50000
6 26 26 50000
6 27 37 50000
6 28 32 50000
6 29 36 50000
6 30 33 50000
6 31 38 50000
6 32 32 50000
6 33 44 50000
6 34 36 50000
6 35 40 50000
6 36 49 50000
6 37 49 50000
6 38 56 50000
6 39 57 50000
6 40 63 50000
6 41 68 50000
6 42 80 50000
6 43 67 50000
6 44 65 50000
6 45 79 50000
6 46 72 50000
6 47 79 50000
6 48 87 50000
6 49 79 50000
6 50 90 50000
6 51 106 50000
7 8 26 50000
7 9 19 50000
7 10 17 50000
7 11 15 50000
7 12 18 50000
7 13 18 50000
7 14 25 50000
7 15 25 50000
7 16 19 50000
7 17 17 50000
7 18 23 50000
7 19 22 50000
7 20 36 50000
7 21 16 50000
7 22 38 50000
7 23 32 50000
7 24 34 50000
7 25 31 50000
7 26 40 50000
7 27 37 50000
7 28 38 50000
7 29 44 50000
7 30 56 50000
7 31 55 50000
7 32 63 50000
7 33 42 50000
7 34 59 50000
7 35 68 50000
7 36 66 50000
7 37 84 50000
7 38 91 50000
7 39 71 50000
7 40 83 50000
7 41 120 50000
7 42 89 50000
7 43 86 50000
7 44 115 50000
7 45 93 50000
7 46 118 50000
7 47 115 50000
7 48 139 50000
7 49 127 50000
7 50 136 50000
7 51 118 50000
8 9 30 50000
8 10 21 50000
8 11 14 50000
8 12 24 50000
8 13 20 50000
8 14 16 50000
8 15 15 50000
8 16 23 50000
8 17 21 50000
8 18 21 50000
8 19 33 50000
8 20 21 50000
8 21 38 50000
8 22 41 50000
8 23 42 50000
8 24 41 50000
8 25 54 50000
8 26 47 50000
8 27 52 50000
8 28 48 50000
8 29 49 50000
8 30 53 50000
8 31 76 50000
8 32 69 50000
8 33 81 50000
8 34 82 50000
8 35 80 50000
8 36 81 50000
8 37 90 50000
8 38 87 50000
8 39 107 50000
8 40 104 50000
8 41 128 50000
8 42 122 50000
8 43 121 50000
8 44 128 50000
8 45 129 50000
8 46 162 50000
8 47 142 50000
8 48 150 50000
8 49 186 50000
8 50 174 50000
8 51 181 50000
9 10 32 50000
9 11 21 50000
9 12 21 50000
9 13 38 50000
9 14 25 50000
9 15 35 50000
9 16 38 50000
9 17 33 50000
9 18 38 50000
9 19 42 50000
9 20 30 50000
9 21 32 50000
9 22 43 50000
9 23 51 50000
9 24 51 50000
9 25 58 50000
9 26 50 50000
9 27 69 50000
9 28 65 50000
9 29 70 50000
9 30 77 50000
9 31 86 50000
9 32 80 50000
9 33 92 50000
9 34 99 50000
9 35 103 50000
9 36 127 50000
9 37 127 50000
9 38 123 50000
9 39 127 50000
9 40 131 50000
9 41 146 50000
9 42 149 50000
9 43 150 50000
9 44 152 50000
9 45 182 50000
9 46 187 50000
9 47 182 50000
9 48 187 50000
9 49 203 50000
9 50 232 50000
9 51 228 50000
10 11 33 50000
10 12 30 50000
10 13 36 50000
10 14 30 50000
10 15 33 50000
10 16 44 50000
10 17 28 50000
10 18 44 50000
10 19 39 50000
10 20 47 50000
10 21 47 50000
10 22 50 50000
10 23 63 50000
10 24 66 50000
10 25 71 50000
10 26 72 50000
10 27 78 50000
10 28 93 50000
10 29 96 50000
10 30 107 50000
10 31 114 50000
10 32 114 50000
10 33 119 50000
10 34 113 50000
10 35 130 50000
10 36 133 50000
10 37 123 50000
10 38 150 50000
10 39 163 50000
10 40 157 50000
10 41 190 50000
10 42 177 50000
10 43 210 50000
10 44 198 50000
10 45 220 50000
10 46 232 50000
10 47 252 50000
10 48 290 50000
10 49 243 50000
10 50 288 50000
10 51 288 50000
11 12 38 50000
11 13 43 50000
11 14 35 50000
11 15 39 50000
11 16 42 50000
11 17 37 50000
11 18 38 50000
11 19 69 50000
11 20 47 50000
11 21 51 50000
11 22 63 50000
11 23 70 50000
11 24 70 50000
11 25 84 50000
11 26 94 50000
11 27 96 50000
11 28 111 50000
11 29 112 50000
11 30 108 50000
11 31 125 50000
11 32 126 50000
11 33 135 50000
11 34 160 50000
11 35 172 50000
11 36 179 50000
11 37 161 50000
11 38 179 50000
11 39 204 50000
11 40 219 50000
11 41 217 50000
11 42 269 50000
11 43 239 50000
11 44 272 50000
11 45 309 50000
11 46 261 50000
11 47 308 50000
11 48 325 50000
11 49 355 50000
11 50 364 50000
11 51 399 50000
12 13 63 50000
12 14 51 50000
12 15 44 50000
12 16 61 50000
12 17 60 50000
12 18 59 50000
12 19 56 50000
12 20 66 50000
12 21 66 50000
12 22 76 50000
12 23 84 50000
12 24 100 50000
12 25 120 50000
12 26 114 50000
12 27 102 50000
12 28 132 50000
12 29 130 50000
12 30 147 50000
12 31 146 50000
12 32 153 50000
12 33 180 50000
12 34 153 50000
12 35 202 50000
12 36 183 50000
12 37 233 50000
12 38 224 50000
12 39 244 50000
12 40 263 50000
12 41 280 50000
12 42 281 50000
12 43 305 50000
12 44 356 50000
12 45 349 50000
12 46 357 50000
12 47 370 50000
12 48 376 50000
12 49 398 50000
12 50 451 50000
12 51 451 50000
13 14 66 50000
13 15 71 50000
13 16 58 50000
13 17 50 50000
13 18 62 50000
13 19 72 50000
13 20 70 50000
13 21 78 50000
13 22 91 50000
13 23 111 50000
13 24 94 50000
13 25 127 50000
13 26 123 50000
13 27 127 50000
13 28 134 50000
13 29 167 50000
13 30 173 50000
13 31 173 50000
13 32 207 50000
13 33 200 50000
13 34 227 50000
13 35 213 50000
13 36 235 50000
13 37 255 50000
13 38 270 50000
13 39 310 50000
13 40 323 50000
13 41 330 50000
13 42 341 50000
13 43 393 50000
13 44 373 50000
13 45 413 50000
13 46 427 50000
13 47 464 50000
13 48 478 50000
13 49 534 50000
13 50 576 50000
13 51 556 50000
14 15 80 50000
14 16 70 50000
14 17 78 50000
14 18 71 50000
14 19 96 50000
14 20 92 50000
14 21 84 50000
14 22 94 50000
14 23 133 50000
14 24 122 50000
14 25 151 50000
14 26 160 50000
14 27 177 50000
14 28 171 50000
14 29 183 50000
14 30 181 50000
14 31 227 50000
14 32 221 50000
14 33 272 50000
14 34 261 50000
14 35 271 50000
14 36 273 50000
14 37 319 50000
14 38 321 50000
14 39 324 50000
14 40 355 50000
14 41 368 50000
14 42 379 50000
14 43 392 50000
14 44 395 50000
14 45 471 50000
14 46 507 50000
14 47 505 50000
14 48 561 50000
14 49 600 50000
14 50 687 50000
14 51 637 50000
15 16 96 50000
15 17 93 50000
15 18 103 50000
15 19 91 50000
15 20 108 50000
15 21 123 50000
15 22 116 50000
15 23 136 50000
15 24 156 50000
15 25 180 50000
15 26 175 50000
15 27 192 50000
15 28 217 50000
15 29 195 50000
15 30 226 50000
15 31 264 50000
15 32 277 50000
15 33 266 50000
15 34 337 50000
15 35 323 50000
15 36 336 50000
15 37 360 50000
15 38 358 50000
15 39 410 50000
15 40 427 50000
15 41 461 50000
15 42 450 50000
15 43 499 50000
15 44 488 50000
15 45 558 50000
15 46 590 50000
15 47 622 50000
15 48 737 50000
15 49 720 50000
15 50 757 50000
15 51 782 50000
16 17 117 50000
16 18 111 50000
16 19 96 50000
16 20 138 50000
16 21 119 50000
16 22 127 50000
16 23 162 50000
16 24 171 50000
16 25 194 50000
16 26 191 50000
16 27 212 50000
16 28 259 50000
16 29 244 50000
16 30 264 50000
16 31 307 50000
16 32 322 50000
16 33 324 50000
16 34 322 50000
16 35 344 50000
16 36 408 50000
16 37 412 50000
16 38 398 50000
16 39 477 50000
16 40 492 50000
16 41 569 50000
16 42 529 50000
16 43 577 50000
16 44 665 50000
16 45 682 50000
16 46 751 50000
16 47 699 50000
16 48 759 50000
16 49 843 50000
16 50 865 50000
16 51 917 50000
17 18 141 50000
17 19 137 50000
17 20 150 50000
17 21 144 50000
17 22 174 50000
17 23 194 50000
17 24 201 50000
17 25 216 50000
17 26 223 50000
17 27 216 50000
17 28 261 50000
17 29 264 50000
17 30 289 50000
17 31 331 50000
17 32 370 50000
17 33 367 50000
17 34 394 50000
17 35 423 50000
17 36 467 50000
17 37 517 50000
17 38 483 50000
17 39 559 50000
17 40 595 50000
17 41 598 50000
17 42 625 50000
17 43 697 50000
17 44 716 50000
17 45 792 50000
17 46 779 50000
17 47 846 50000
17 48 917 50000
17 49 933 50000
17 50 1060 50000
17 51 1044 50000
18 19 180 50000
18 20 182 50000
18 21 167 50000
18 22 185 50000
18 23 212 50000
18 24 217 50000
18 25 245 50000
18 26 275 50000
18 27 285 50000
18 28 292 50000
18 29 329 50000
18 30 331 50000
18 31 374 50000
18 32 384 50000
18 33 413 50000
18 34 483 50000
18 35 438 50000
18 36 508 50000
18 37 543 50000
18 38 610 50000
18 39 638 50000
18 40 646 50000
18 41 675 50000
18 42 744 50000
18 43 802 50000
18 44 814 50000
18 45 843 50000
18 46 941 50000
18 47 1052 50000
18 48 1002 50000
18 49 1119 50000
18 50 1208 50000
18 51 1227 50000
19 20 222 50000
19 21 201 50000
19 22 194 50000
19 23 252 50000
19 24 253 50000
19 25 310 50000
19 26 286 50000
19 27 326 50000
19 28 353 50000
19 29 355 50000
19 30 376 50000
19 31 420 50000
19 32 431 50000
19 33 505 50000
19 34 486 50000
19 35 552 50000
19 36 587 50000
19 37 617 50000
19 38 648 50000
19 39 713 50000
19 40 800 50000
19 41 827 50000
19 42 834 50000
19 43 938 50000
19 44 960 50000
19 45 988 50000
19 46 1094 50000
19 47 1152 50000
19 48 1184 50000
19 49 1300 50000
19 50 1419 50000
19 51 1419 50000
20 21 226 50000
20 22 237 50000
20 23 268 50000
20 24 280 50000
20 25 314 50000
20 26 337 50000
20 27 316 50000
20 28 404 50000
20 29 440 50000
20 30 422 50000
20 31 502 50000
20 32 534 50000
20 33 551 50000
20 34 583 50000
20 35 638 50000
20 36 673 50000
20 37 703 50000
20 38 779 50000
20 39 821 50000
20 40 830 50000
20 41 908 50000
20 42 967 50000
20 43 1062 50000
20 44 1097 50000
20 45 1150 50000
20 46 1258 50000
20 47 1336 50000
20 48 1385 50000
20 49 1548 50000
20 50 1648 50000
20 51 1656 50000
21 22 267 50000
21 23 280 50000
21 24 306 50000
21 25 372 50000
21 26 400 50000
21 27 408 50000
21 28 477 50000
21 29 488 50000
21 30 497 50000
21 31 576 50000
21 32 577 50000
21 33 608 50000
21 34 683 50000
21 35 727 50000
21 36 738 50000
21 37 800 50000
21 38 953 50000
21 39 932 50000
21 40 973 50000
21 41 1040 50000
21 42 1079 50000
21 43 1144 50000
21 44 1220 50000
21 45 1290 50000
21 46 1416 50000
21 47 1506 50000
21 48 1600 50000
21 49 1722 50000
21 50 1860 50000
21 51 1876 50000
22 23 342 50000
22 24 371 50000
22 25 384 50000
22 26 434 50000
22 27 477 50000
22 28 490 50000
22 29 520 50000
22 30 580 50000
22 31 630 50000
22 32 690 50000
22 33 706 50000
22 34 751 50000
22 35 836 50000
22 36 803 50000
22 37 895 50000
22 38 1013 50000
22 39 1077 50000
22 40 1115 50000
22 41 1204 50000
22 42 1227 50000
22 43 1309 50000
22 44 1370 50000
22 45 1496 50000
22 46 1579 50000
22 47 1618 50000
22 48 1831 50000
22 49 1986 50000
22 50 2115 50000
22 51 2051 50000
23 24 370 50000
23 25 414 50000
23 26 463 50000
23 27 508 50000
23 28 566 50000
23 29 573 50000
23 30 638 50000
23 31 680 50000
23 32 703 50000
23 33 763 50000
23 34 830 50000
23 35 919 50000
23 36 1001 50000
23 37 1125 50000
23 38 1097 50000
23 39 1144 50000
23 40 1253 50000
23 41 1312 50000
23 42 1435 50000
23 43 1469 50000
23 44 1581 50000
23 45 1705 50000
23 46 1778 50000
23 47 1807 50000
23 48 1988 50000
23 49 2198 50000
23 50 2362 50000
23 51 2310 50000
24 25 459 50000
24 26 474 50000
24 27 578 50000
24 28 556 50000
24 29 705 50000
24 30 763 50000
24 31 801 50000
24 32 839 50000
24 33 842 50000
24 34 963 50000
24 35 1064 50000
24 36 1075 50000
24 37 1217 50000
24 38 1203 50000
24 39 1307 50000
24 40 1404 50000
24 41 1495 50000
24 42 1613 50000
24 43 1653 50000
24 44 1788 50000
24 45 1842 50000
24 46 1996 50000
24 47 2149 50000
24 48 2363 50000
24 49 2455 50000
24 50 2674 50000
24 51 2811 50000
25 26 584 50000
25 27 597 50000
25 28 635 50000
25 29 735 50000
25 30 816 50000
25 31 933 50000
25 32 879 50000
25 33 937 50000
25 34 1043 50000
25 35 1125 50000
25 36 1181 50000
25 37 1281 50000
25 38 1386 50000
25 39 1457 50000
25 40 1536 50000
25 41 1698 50000
25 42 1755 50000
25 43 1902 50000
25 44 1991 50000
25 45 2144 50000
25 46 2316 50000
25 47 2450 50000
25 48 2622 50000
25 49 2859 50000
25 50 3075 50000
25 51 3081 50000
26 27 673 50000
26 28 689 50000
26 29 731 50000
26 30 821 50000
26 31 907 50000
26 32 981 50000
26 33 1123 50000
26 34 1171 50000
26 35 1253 50000
26 36 1393 50000
26 37 1443 50000
26 38 1503 50000
26 39 1629 50000
26 40 1703 50000
26 41 1872 50000
26 42 1985 50000
26 43 2138 50000
26 44 2284 50000
26 45 2454 50000
26 46 2598 50000
26 47 2828 50000
26 48 2884 50000
26 49 3177 50000
26 50 3512 50000
26 51 3491 50000
27 28 840 50000
27 29 838 50000
27 30 992 50000
27 31 1020 50000
27 32 1140 50000
27 33 1212 50000
27 34 1296 50000
27 35 1356 50000
27 36 1500 50000
27 37 1644 50000
27 38 1628 50000
27 39 1868 50000
27 40 2009 50000
27 41 2089 50000
27 42 2265 50000
27 43 2419 50000
27 44 2511 50000
27 45 2667 50000
27 46 2928 50000
27 47 3058 50000
27 48 3233 50000
27 49 3621 50000
27 50 3917 50000
27 51 4034 50000
28 29 964 50000
28 30 1054 50000
28 31 1136 50000
28 32 1289 50000
28 33 1431 50000
28 34 1466 50000
28 35 1565 50000
28 36 1634 50000
28 37 1764 50000
28 38 1969 50000
28 39 2094 50000
28 40 2207 50000
28 41 2352 50000
28 42 2480 50000
28 43 2738 50000
28 44 2877 50000
28 45 3132 50000
28 46 3223 50000
28 47 3418 50000
28 48 3753 50000
28 49 4116 50000
28 50 4535 50000
28 51 4541 50000
29 30 1137 50000
29 31 1247 50000
29 32 1290 50000
29 33 1391 50000
29 34 1627 50000
29 35 1704 50000
29 36 1797 50000
29 37 2007 50000
29 38 2169 50000
29 39 2268 50000
29 40 2464 50000
29 41 2660 50000
29 42 2692 50000
29 43 2956 50000
29 44 3182 50000
29 45 3377 50000
29 46 3740 50000
29 47 3858 50000
29 48 4124 50000
29 49 4571 50000
29 50 5076 50000
29 51 5081 50000
30 31 1279 50000
30 32 1435 50000
30 33 1514 50000
30 34 1757 50000
30 35 2041 50000
30 36 2068 50000
30 37 2203 50000
30 38 2226 50000
30 39 2601 50000
30 40 2683 50000
30 41 2913 50000
30 42 3109 50000
30 43 3310 50000
30 44 3426 50000
30 45 3839 50000
30 46 4001 50000
30 47 4329 50000
30 48 4689 50000
30 49 4991 50000
30 50 5782 50000
30 51 5675 50000
31 32 1651 50000
31 33 1739 50000
31 34 1822 50000
31 35 2119 50000
31 36 2344 50000
31 37 2443 50000
31 38 2566 50000
31 39 2798 50000
31 40 2996 50000
31 41 3349 50000
31 42 3548 50000
31 43 3784 50000
31 44 3985 50000
31 45 4297 50000
31 46 4650 50000
31 47 4998 50000
31 48 5413 50000
31 49 5697 50000
31 50 6492 50000
31 51 6477 50000
32 33 1882 50000
32 34 1946 50000
32 35 2309 50000
32 36 2532 50000
32 37 2762 50000
32 38 2880 50000
32 39 3082 50000
32 40 3239 50000
32 41 3654 50000
32 42 3833 50000
32 43 4097 50000
32 44 4384 50000
32 45 4624 50000
32 46 5108 50000
32 47 5491 50000
32 48 5897 50000
32 49 6427 50000
32 50 7110 50000
32 51 7192 50000
33 34 2189 50000
33 35 2332 50000
33 36 2621 50000
33 37 3051 50000
33 38 3292 50000
33 39 3419 50000
33 40 3664 50000
33 41 3928 50000
33 42 4289 50000
33 43 4679 50000
33 44 4934 50000
33 45 5257 50000
33 46 5720 50000
33 47 6204 50000
33 48 6544 50000
33 49 7247 50000
33 50 8080 50000
33 51 7993 50000
34 35 2631 50000
34 36 2862 50000
34 37 3078 50000
34 38 3676 50000
34 39 4003 50000
34 40 4127 50000
34 41 4275 50000
34 42 4675 50000
34 43 5125 50000
34 44 5366 50000
34 45 5811 50000
34 46 6324 50000
34 47 6805 50000
34 48 7312 50000
34 49 7972 50000
34 50 9196 50000
34 51 9067 50000
35 36 3084 50000
35 37 3382 50000
35 38 3629 50000
35 39 4327 50000
35 40 4782 50000
35 41 4952 50000
35 42 5234 50000
35 43 5771 50000
35 44 6069 50000
35 45 6709 50000
35 46 6997 50000
35 47 7601 50000
35 48 8191 50000
35 49 9091 50000
35 50 10092 50000
35 51 10284 50000
36 37 3612 50000
36 38 3960 50000
36 39 4395 50000
36 40 5239 50000
36 41 5667 50000
36 42 5733 50000
36 43 6090 50000
36 44 6814 50000
36 45 7285 50000
36 46 7880 50000
36 47 8423 50000
36 48 9091 50000
36 49 9923 50000
36 50 11306 50000
36 51 11313 50000
37 38 4329 50000
37 39 4825 50000
37 40 5279 50000
37 41 6441 50000
37 42 6657 50000
37 43 7102 50000
37 44 7316 50000
37 45 8112 50000
37 46 8855 50000
37 47 9426 50000
37 48 10261 50000
37 49 11185 50000
37 50 12773 50000
37 51 12787 50000
38 39 5292 50000
38 40 5674 50000
38 41 6195 50000
38 42 7485 50000
38 43 7950 50000
38 44 8200 50000
38 45 8764 50000
38 46 9586 50000
38 47 10320 50000
38 48 11269 50000
38 49 12326 50000
38 50 14107 50000
38 51 14238 50000
39 40 6447 50000
39 41 6888 50000
39 42 7556 50000
39 43 9095 50000
39 44 9440 50000
39 45 9885 50000
39 46 10797 50000
39 47 11611 50000
39 48 12750 50000
39 49 13874 50000
39 50 15886 50000
39 51 15939 50000
40 41 7567 50000
40 42 8275 50000
40 43 9281 50000
40 44 10888 50000
40 45 11131 50000
40 46 11843 50000
40 47 12664 50000
40 48 13975 50000
40 49 15359 50000
40 50 17602 50000
40 51 17763 50000
41 42 9016 50000
41 43 9893 50000
41 44 11244 50000
41 45 12902 50000
41 46 13344 50000
41 47 14245 50000
41 48 15467 50000
41 49 16996 50000
41 50 19831 50000
41 51 19509 50000
42 43 10832 50000
42 44 11910 50000
42 45 13784 50000
42 46 14992 50000
42 47 15782 50000
42 48 16902 50000
42 49 18809 50000
42 50 21716 50000
42 51 21809 50000
43 44 12922 50000
43 45 14040 50000
43 46 16228 50000
43 47 17532 50000
43 48 18742 50000
43 49 20681 50000
43 50 23993 50000
43 51 23882 50000
44 45 15374 50000
44 46 17182 50000
44 47 19298 50000
44 48 20913 50000
44 49 22830 50000
44 50 26439 50000
44 51 26468 50000
45 46 18432 50000
45 47 20351 50000
45 48 23070 50000
45 49 25025 50000
45 50 29074 50000
45 51 28892 50000
46 47 21896 50000
46 48 24850 50000
46 49 27400 50000
46 50 31762 50000
46 51 31701 50000
47 48 26419 50000
47 49 30317 50000
47 50 34582 50000
47 51 34481 50000
48 49 32728 50000
48 50 38105 50000
48 51 38058 50000
49 50 42465 50000
49 51 42510 50000
50 51 50000 50000
