0 1 0 50000
0 2 13 50000
0 3 6 50000
0 4 7 50000
0 5 5 50000
0 6 8 50000
0 7 8 50000
0 8 4 50000
0 9 5 50000
0 10 4 50000
0 11 4 50000
0 12 3 50000
0 13 0 50000
0 14 1 50000
0 15 0 50000
0 16 1 50000
0 17 0 50000
0 18 0 50000
0 19 0 50000
0 20 0 50000
0 21 0 50000
0 22 0 50000
0 23 0 50000
0 24 0 50000
0 25 0 50000
0 26 0 50000
0 27 0 50000
0 28 0 50000
0 29 0 50000
0 30 0 50000
0 31 0 50000
0 32 0 50000
0 33 0 50000
0 34 0 50000
0 35 0 50000
0 36 0 50000
0 37 0 50000
0 38 0 50000
0 39 0 50000
0 40 0 50000
0 41 0 50000
0 42 0 50000
0 43 0 50000
0 44 0 50000
0 45 0 50000
0 46 0 50000
0 47 0 50000
0 48 0 50000
0 49 0 50000
0 50 0 50000
0 51 0 50000
1 2 13 50000
1 3 9 50000
1 4 4 50000
1 5 13 50000
1 6 3 50000
1 7 5 50000
1 8 3 50000
1 9 4 50000
1 10 5 50000
1 11 5 50000
1 12 0 50000
1 13 0 50000
1 14 0 50000
1 15 1 50000
1 16 1 50000
1 17 1 50000
1 18 0 50000
1 19 0 50000
1 20 0 50000
1 21 0 50000
1 22 2 50000
1 23 0 50000
1 24 0 50000
1 25 0 50000
1 26 2 50000
1 27 0 50000
1 28 1 50000
1 29 2 50000
1 30 0 50000
1 31 1 50000
1 32 2 50000
1 33 0 50000
1 34 0 50000
1 35 1 50000
1 36 1 50000
1 37 0 50000
1 38 1 50000
1 39 0 50000
1 40 0 50000
1 41 0 50000
1 42 4 50000
1 43 1 50000
1 44 2 50000
1 45 0 50000
1 46 1 50000
1 47 3 50000
1 48 0 50000
1 49 1 50000
1 50 3 50000
1 51 3 50000
2 3 11 50000
2 4 11 50000
2 5 6 50000
2 6 5 50000
2 7 7 50000
2 8 8 50000
2 9 11 50000
2 10 5 50000
2 11 4 50000
2 12 5 50000
2 13 5 50000
2 14 3 50000
2 15 3 50000
2 16 1 50000
2 17 0 50000
2 18 1 50000
2 19 3 50000
2 20 1 50000
2 21 3 50000
2 22 1 50000
2 23 6 50000
2 24 4 50000
2 25 1 50000
2 26 6 50000
2 27 2 50000
2 28 3 50000
2 29 6 50000
2 30 3 50000
2 31 5 50000
2 32 3 50000
2 33 6 50000
2 34 3 50000
2 35 3 50000
2 36 5 50000
2 37 7 50000
2 38 11 50000
2 39 8 50000
2 40 11 50000
2 41 9 50000
2 42 6 50000
2 43 7 50000
2 44 10 50000
2 45 12 50000
2 46 8 50000
2 47 11 50000
2 48 9 50000
2 49 23 50000
2 50 14 50000
2 51 12 50000
3 4 8 50000
3 5 9 50000
3 6 7 50000
3 7 6 50000
3 8 7 50000
3 9 6 50000
3 10 10 50000
3 11 3 50000
3 12 6 50000
3 13 4 50000
3 14 6 50000
3 15 4 50000
3 16 7 50000
3 17 3 50000
3 18 9 50000
3 19 5 50000
3 20 5 50000
3 21 4 50000
3 22 3 50000
3 23 6 50000
3 24 11 50000
3 25 14 50000
3 26 3 50000
3 27 9 50000
3 28 5 50000
3 29 13 50000
3 30 13 50000
3 31 8 50000
3 32 8 50000
3 33 12 50000
3 34 7 50000
3 35 14 50000
3 36 18 50000
3 37 16 50000
3 38 11 50000
3 39 13 50000
3 40 15 50000
3 41 20 50000
3 42 22 50000
3 43 17 50000
3 44 21 50000
3 45 24 50000
3 46 24 50000
3 47 13 50000
3 48 14 50000
3 49 15 50000
3 50 32 50000
3 51 24 50000
4 5 17 50000
4 6 12 50000
4 7 13 50000
4 8 9 50000
4 9 9 50000
4 10 6 50000
4 11 17 50000
4 12 11 50000
4 13 11 50000
4 14 6 50000
4 15 8 50000
4 16 4 50000
4 17 7 50000
4 18 10 50000
4 19 4 50000
4 20 7 50000
4 21 5 50000
4 22 7 50000
4 23 8 50000
4 24 12 50000
4 25 14 50000
4 26 17 50000
4 27 17 50000
4 28 16 50000
4 29 16 50000
4 30 16 50000
4 31 12 50000
4 32 20 50000
4 33 14 50000
4 34 19 50000
4 35 22 50000
4 36 30 50000
4 37 35 50000
4 38 26 50000
4 39 30 50000
4 40 29 50000
4 41 23 50000
4 42 22 50000
4 43 25 50000
4 44 28 50000
4 45 26 50000
4 46 34 50000
4 47 34 50000
4 48 54 50000
4 49 42 50000
4 50 51 50000
4 51 51 50000
5 6 19 50000
5 7 16 50000
5 8 10 50000
5 9 10 50000
5 10 8 50000
5 11 8 50000
5 12 4 50000
5 13 8 50000
5 14 11 50000
5 15 10 50000
5 16 15 50000
5 17 15 50000
5 18 12 50000
5 19 10 50000
5 20 16 50000
5 21 17 50000
5 22 16 50000
5 23 15 50000
5 24 21 50000
5 25 18 50000
5 26 15 50000
5 27 19 50000
5 28 16 50000
5 29 27 50000
5 30 30 50000
5 31 30 50000
5 32 22 50000
5 33 29 50000
5 34 36 50000
5 35 36 50000
5 36 34 50000
5 37 23 50000
5 38 39 50000
5 39 38 50000
5 40 40 50000
5 41 27 50000
5 42 45 50000
5 43 38 50000
5 44 45 50000
5 45 41 50000
5 46 57 50000
5 47 57 50000
5 48 64 50000
5 49 69 50000
5 50 59 50000
5 51 56 50000
6 7 17 50000
6 8 13 50000
6 9 9 50000
6 10 17 50000
6 11 10 50000
6 12 15 50000
6 13 19 50000
6 14 9 50000
6 15 9 50000
6 16 19 50000
6 17 15 50000
6 18 11 50000
6 19 20 50000
6 20 18 50000
6 21 16 50000
6 22 21 50000
6 23 26 50000
6 24 26 50000
6 25 29 50000
6 26 26 50000
6 27 27 50000
6 28 34 50000
6 29 32 50000
6 30 41 50000
6 31 38 50000
6 32 42 50000
6 33 34 50000
6 34 47 50000
6 35 53 50000
6 36 64 50000
6 37 46 50000
6 38 58 50000
6 39 54 50000
6 40 58 50000
6 41 57 50000
6 42 74 50000
6 43 68 50000
6 44 76 50000
6 45 76 50000
6 46 94 50000
6 47 77 50000
6 48 93 50000
6 49 89 50000
6 50 105 50000
6 51 102 50000
7 8 24 50000
7 9 23 50000
7 10 21 50000
7 11 13 50000
7 12 15 50000
7 13 21 50000
7 14 10 50000
7 15 18 50000
7 16 17 50000
7 17 17 50000
7 18 17 50000
7 19 24 50000
7 20 29 50000
7 21 26 50000
7 22 28 50000
7 23 30 50000
7 24 32 50000
7 25 41 50000
7 26 37 50000
7 27 48 50000
7 28 38 50000
7 29 39 50000
7 30 46 50000
7 31 47 50000
7 32 62 50000
7 33 57 50000
7 34 53 50000
7 35 53 50000
7 36 57 50000
7 37 72 50000
7 38 67 50000
7 39 76 50000
7 40 73 50000
7 41 68 50000
7 42 97 50000
7 43 98 50000
7 44 94 50000
7 45 103 50000
7 46 99 50000
7 47 121 50000
7 48 116 50000
7 49 130 50000
7 50 110 50000
7 51 118 50000
8 9 36 50000
8 10 22 50000
8 11 27 50000
8 12 18 50000
8 13 16 50000
8 14 35 50000
8 15 19 50000
8 16 17 50000
8 17 33 50000
8 18 23 50000
8 19 26 50000
8 20 41 50000
8 21 29 50000
8 22 44 50000
8 23 41 50000
8 24 46 50000
8 25 49 50000
8 26 53 50000
8 27 47 50000
8 28 68 50000
8 29 44 50000
8 30 57 50000
8 31 74 50000
8 32 64 50000
8 33 74 50000
8 34 82 50000
8 35 80 50000
8 36 74 50000
8 37 99 50000
8 38 95 50000
8 39 107 50000
8 40 119 50000
8 41 105 50000
8 42 118 50000
8 43 122 50000
8 44 118 50000
8 45 130 50000
8 46 147 50000
8 47 162 50000
8 48 181 50000
8 49 173 50000
8 50 162 50000
8 51 181 50000
9 10 34 50000
9 11 29 50000
9 12 30 50000
9 13 31 50000
9 14 23 50000
9 15 20 50000
9 16 23 50000
9 17 34 50000
9 18 34 50000
9 19 44 50000
9 20 32 50000
9 21 47 50000
9 22 57 50000
9 23 39 50000
9 24 47 50000
9 25 55 50000
9 26 69 50000
9 27 80 50000
9 28 72 50000
9 29 80 50000
9 30 64 50000
9 31 65 50000
9 32 86 50000
9 33 94 50000
9 34 87 50000
9 35 132 50000
9 36 117 50000
9 37 108 50000
9 38 145 50000
9 39 156 50000
9 40 151 50000
9 41 158 50000
9 42 171 50000
9 43 164 50000
9 44 166 50000
9 45 182 50000
9 46 156 50000
9 47 189 50000
9 48 207 50000
9 49 228 50000
9 50 236 50000
9 51 208 50000
10 11 38 50000
10 12 36 50000
10 13 27 50000
10 14 25 50000
10 15 33 50000
10 16 33 50000
10 17 40 50000
10 18 49 50000
10 19 43 50000
10 20 50 50000
10 21 60 50000
10 22 57 50000
10 23 53 50000
10 24 69 50000
10 25 63 50000
10 26 73 50000
10 27 88 50000
10 28 77 50000
10 29 112 50000
10 30 106 50000
10 31 123 50000
10 32 113 50000
10 33 111 50000
10 34 109 50000
10 35 124 50000
10 36 127 50000
10 37 143 50000
10 38 161 50000
10 39 158 50000
10 40 164 50000
10 41 201 50000
10 42 198 50000
10 43 210 50000
10 44 212 50000
10 45 224 50000
10 46 262 50000
10 47 265 50000
10 48 275 50000
10 49 287 50000
10 50 270 50000
10 51 270 50000
11 12 41 50000
11 13 45 50000
11 14 54 50000
11 15 36 50000
11 16 41 50000
11 17 53 50000
11 18 55 50000
11 19 55 50000
11 20 58 50000
11 21 54 50000
11 22 54 50000
11 23 82 50000
11 24 79 50000
11 25 72 50000
11 26 90 50000
11 27 85 50000
11 28 92 50000
11 29 96 50000
11 30 111 50000
11 31 138 50000
11 32 134 50000
11 33 145 50000
11 34 152 50000
11 35 158 50000
11 36 153 50000
11 37 169 50000
11 38 181 50000
11 39 199 50000
11 40 201 50000
11 41 204 50000
11 42 230 50000
11 43 232 50000
11 44 235 50000
11 45 265 50000
11 46 296 50000
11 47 338 50000
11 48 331 50000
11 49 344 50000
11 50 360 50000
11 51 362 50000
12 13 47 50000
12 14 52 50000
12 15 38 50000
12 16 47 50000
12 17 58 50000
12 18 43 50000
12 19 58 50000
12 20 53 50000
12 21 75 50000
12 22 88 50000
12 23 105 50000
12 24 84 50000
12 25 85 50000
12 26 113 50000
12 27 119 50000
12 28 121 50000
12 29 140 50000
12 30 147 50000
12 31 158 50000
12 32 156 50000
12 33 163 50000
12 34 169 50000
12 35 193 50000
12 36 198 50000
12 37 211 50000
12 38 227 50000
12 39 262 50000
12 40 276 50000
12 41 267 50000
12 42 282 50000
12 43 323 50000
12 44 319 50000
12 45 306 50000
12 46 348 50000
12 47 367 50000
12 48 382 50000
12 49 387 50000
12 50 431 50000
12 51 462 50000
13 14 78 50000
13 15 67 50000
13 16 55 50000
13 17 61 50000
13 18 73 50000
13 19 76 50000
13 20 66 50000
13 21 82 50000
13 22 89 50000
13 23 114 50000
13 24 105 50000
13 25 114 50000
13 26 147 50000
13 27 127 50000
13 28 150 50000
13 29 153 50000
13 30 177 50000
13 31 195 50000
13 32 200 50000
13 33 203 50000
13 34 195 50000
13 35 255 50000
13 36 243 50000
13 37 277 50000
13 38 244 50000
13 39 265 50000
13 40 306 50000
13 41 346 50000
13 42 338 50000
13 43 391 50000
13 44 378 50000
13 45 426 50000
13 46 439 50000
13 47 437 50000
13 48 461 50000
13 49 481 50000
13 50 550 50000
13 51 526 50000
14 15 85 50000
14 16 82 50000
14 17 66 50000
14 18 82 50000
14 19 72 50000
14 20 110 50000
14 21 85 50000
14 22 109 50000
14 23 117 50000
14 24 127 50000
14 25 122 50000
14 26 142 50000
14 27 163 50000
14 28 174 50000
14 29 183 50000
14 30 185 50000
14 31 223 50000
14 32 187 50000
14 33 228 50000
14 34 243 50000
14 35 272 50000
14 36 303 50000
14 37 278 50000
14 38 317 50000
14 39 337 50000
14 40 331 50000
14 41 338 50000
14 42 400 50000
14 43 387 50000
14 44 442 50000
14 45 434 50000
14 46 469 50000
14 47 522 50000
14 48 575 50000
14 49 612 50000
14 50 630 50000
14 51 591 50000
15 16 99 50000
15 17 94 50000
15 18 86 50000
15 19 91 50000
15 20 96 50000
15 21 117 50000
15 22 122 50000
15 23 145 50000
15 24 152 50000
15 25 146 50000
15 26 176 50000
15 27 184 50000
15 28 205 50000
15 29 209 50000
15 30 226 50000
15 31 233 50000
15 32 245 50000
15 33 292 50000
15 34 274 50000
15 35 316 50000
15 36 314 50000
15 37 361 50000
15 38 384 50000
15 39 412 50000
15 40 443 50000
15 41 472 50000
15 42 505 50000
15 43 504 50000
15 44 504 50000
15 45 520 50000
15 46 567 50000
15 47 648 50000
15 48 647 50000
15 49 754 50000
15 50 790 50000
15 51 740 50000
16 17 130 50000
16 18 113 50000
16 19 114 50000
16 20 111 50000
16 21 145 50000
16 22 146 50000
16 23 146 50000
16 24 175 50000
16 25 195 50000
16 26 176 50000
16 27 231 50000
16 28 215 50000
16 29 269 50000
16 30 261 50000
16 31 283 50000
16 32 276 50000
16 33 307 50000
16 34 335 50000
16 35 393 50000
16 36 414 50000
16 37 413 50000
16 38 449 50000
16 39 471 50000
16 40 524 50000
16 41 594 50000
16 42 578 50000
16 43 605 50000
16 44 590 50000
16 45 637 50000
16 46 697 50000
16 47 735 50000
16 48 744 50000
16 49 896 50000
16 50 891 50000
16 51 912 50000
17 18 145 50000
17 19 147 50000
17 20 133 50000
17 21 155 50000
17 22 152 50000
17 23 196 50000
17 24 182 50000
17 25 201 50000
17 26 219 50000
17 27 264 50000
17 28 273 50000
17 29 254 50000
17 30 304 50000
17 31 347 50000
17 32 369 50000
17 33 384 50000
17 34 397 50000
17 35 409 50000
17 36 446 50000
17 37 496 50000
17 38 502 50000
17 39 542 50000
17 40 549 50000
17 41 582 50000
17 42 639 50000
17 43 708 50000
17 44 709 50000
17 45 780 50000
17 46 753 50000
17 47 817 50000
17 48 912 50000
17 49 1009 50000
17 50 1072 50000
17 51 1005 50000
18 19 146 50000
18 20 166 50000
18 21 176 50000
18 22 186 50000
18 23 200 50000
18 24 234 50000
18 25 247 50000
18 26 258 50000
18 27 268 50000
18 28 326 50000
18 29 294 50000
18 30 351 50000
18 31 379 50000
18 32 411 50000
18 33 408 50000
18 34 439 50000
18 35 466 50000
18 36 508 50000
18 37 533 50000
18 38 535 50000
18 39 617 50000
18 40 639 50000
18 41 734 50000
18 42 723 50000
18 43 750 50000
18 44 792 50000
18 45 823 50000
18 46 938 50000
18 47 995 50000
18 48 1030 50000
18 49 1113 50000
18 50 1215 50000
18 51 1162 50000
19 20 200 50000
19 21 192 50000
19 22 216 50000
19 23 224 50000
19 24 266 50000
19 25 270 50000
19 26 314 50000
19 27 344 50000
19 28 320 50000
19 29 350 50000
19 30 401 50000
19 31 407 50000
19 32 475 50000
19 33 520 50000
19 34 490 50000
19 35 553 50000
19 36 582 50000
19 37 601 50000
19 38 687 50000
19 39 726 50000
19 40 737 50000
19 41 800 50000
19 42 805 50000
19 43 882 50000
19 44 962 50000
19 45 1069 50000
19 46 1068 50000
19 47 1181 50000
19 48 1147 50000
19 49 1345 50000
19 50 1407 50000
19 51 1407 50000
20 21 223 50000
20 22 224 50000
20 23 259 50000
20 24 267 50000
20 25 325 50000
20 26 347 50000
20 27 342 50000
20 28 387 50000
20 29 417 50000
20 30 477 50000
20 31 477 50000
20 32 503 50000
20 33 571 50000
20 34 624 50000
20 35 663 50000
20 36 686 50000
20 37 700 50000
20 38 755 50000
20 39 788 50000
20 40 866 50000
20 41 920 50000
20 42 989 50000
20 43 1053 50000
20 44 1133 50000
20 45 1156 50000
20 46 1190 50000
20 47 1264 50000
20 48 1410 50000
20 49 1543 50000
20 50 1638 50000
20 51 1553 50000
21 22 295 50000
21 23 283 50000
21 24 352 50000
21 25 348 50000
21 26 395 50000
21 27 430 50000
21 28 419 50000
21 29 451 50000
21 30 497 50000
21 31 548 50000
21 32 598 50000
21 33 654 50000
21 34 670 50000
21 35 721 50000
21 36 785 50000
21 37 851 50000
21 38 879 50000
21 39 923 50000
21 40 1013 50000
21 41 1003 50000
21 42 1113 50000
21 43 1196 50000
21 44 1206 50000
21 45 1326 50000
21 46 1374 50000
21 47 1488 50000
21 48 1560 50000
21 49 1648 50000
21 50 1929 50000
21 51 1862 50000
22 23 367 50000
22 24 324 50000
22 25 365 50000
22 26 369 50000
22 27 437 50000
22 28 488 50000
22 29 523 50000
22 30 582 50000
22 31 613 50000
22 32 607 50000
22 33 725 50000
22 34 772 50000
22 35 804 50000
22 36 813 50000
22 37 884 50000
22 38 936 50000
22 39 1061 50000
22 40 1091 50000
22 41 1137 50000
22 42 1268 50000
22 43 1324 50000
22 44 1430 50000
22 45 1504 50000
22 46 1614 50000
22 47 1686 50000
22 48 1783 50000
22 49 1998 50000
22 50 2083 50000
22 51 2100 50000
23 24 397 50000
23 25 430 50000
23 26 444 50000
23 27 494 50000
23 28 563 50000
23 29 563 50000
23 30 651 50000
23 31 663 50000
23 32 676 50000
23 33 782 50000
23 34 867 50000
23 35 911 50000
23 36 979 50000
23 37 985 50000
23 38 1095 50000
23 39 1147 50000
23 40 1200 50000
23 41 1410 50000
23 42 1439 50000
23 43 1539 50000
23 44 1576 50000
23 45 1705 50000
23 46 1781 50000
23 47 1880 50000
23 48 2108 50000
23 49 2239 50000
23 50 2410 50000
23 51 2395 50000
24 25 468 50000
24 26 543 50000
24 27 535 50000
24 28 591 50000
24 29 644 50000
24 30 696 50000
24 31 782 50000
24 32 793 50000
24 33 896 50000
24 34 916 50000
24 35 1045 50000
24 36 1175 50000
24 37 1184 50000
24 38 1183 50000
24 39 1284 50000
24 40 1488 50000
24 41 1475 50000
24 42 1629 50000
24 43 1648 50000
24 44 1776 50000
24 45 1960 50000
24 46 1955 50000
24 47 2174 50000
24 48 2313 50000
24 49 2461 50000
24 50 2742 50000
24 51 2862 50000
25 26 534 50000
25 27 610 50000
25 28 650 50000
25 29 727 50000
25 30 762 50000
25 31 912 50000
25 32 908 50000
25 33 949 50000
25 34 1055 50000
25 35 1107 50000
25 36 1231 50000
25 37 1241 50000
25 38 1365 50000
25 39 1554 50000
25 40 1571 50000
25 41 1691 50000
25 42 1803 50000
25 43 1918 50000
25 44 2052 50000
25 45 2204 50000
25 46 2231 50000
25 47 2420 50000
25 48 2585 50000
25 49 2797 50000
25 50 3145 50000
25 51 3074 50000
26 27 705 50000
26 28 699 50000
26 29 825 50000
26 30 916 50000
26 31 1012 50000
26 32 970 50000
26 33 1086 50000
26 34 1134 50000
26 35 1244 50000
26 36 1334 50000
26 37 1470 50000
26 38 1551 50000
26 39 1654 50000
26 40 1757 50000
26 41 1861 50000
26 42 2085 50000
26 43 2111 50000
26 44 2251 50000
26 45 2390 50000
26 46 2631 50000
26 47 2713 50000
26 48 3001 50000
26 49 3199 50000
26 50 3552 50000
26 51 3617 50000
27 28 826 50000
27 29 874 50000
27 30 927 50000
27 31 1059 50000
27 32 1132 50000
27 33 1191 50000
27 34 1302 50000
27 35 1463 50000
27 36 1439 50000
27 37 1569 50000
27 38 1673 50000
27 39 1917 50000
27 40 2076 50000
27 41 2157 50000
27 42 2267 50000
27 43 2366 50000
27 44 2544 50000
27 45 2792 50000
27 46 2942 50000
27 47 3166 50000
27 48 3401 50000
27 49 3594 50000
27 50 3988 50000
27 51 3943 50000
28 29 948 50000
28 30 1043 50000
28 31 1076 50000
28 32 1259 50000
28 33 1379 50000
28 34 1420 50000
28 35 1547 50000
28 36 1654 50000
28 37 1726 50000
28 38 1877 50000
28 39 2123 50000
28 40 2199 50000
28 41 2310 50000
28 42 2534 50000
28 43 2654 50000
28 44 2833 50000
28 45 3048 50000
28 46 3203 50000
28 47 3450 50000
28 48 3725 50000
28 49 4002 50000
28 50 4425 50000
28 51 4531 50000
29 30 1066 50000
29 31 1190 50000
29 32 1298 50000
29 33 1496 50000
29 34 1604 50000
29 35 1803 50000
29 36 1833 50000
29 37 1969 50000
29 38 2150 50000
29 39 2208 50000
29 40 2510 50000
29 41 2591 50000
29 42 2784 50000
29 43 3023 50000
29 44 3285 50000
29 45 3448 50000
29 46 3608 50000
29 47 3935 50000
29 48 4083 50000
29 49 4476 50000
29 50 5029 50000
29 51 4959 50000
30 31 1361 50000
30 32 1473 50000
30 33 1555 50000
30 34 1787 50000
30 35 1927 50000
30 36 2086 50000
30 37 2090 50000
30 38 2339 50000
30 39 2515 50000
30 40 2783 50000
30 41 2973 50000
30 42 3079 50000
30 43 3382 50000
30 44 3648 50000
30 45 3833 50000
30 46 4089 50000
30 47 4270 50000
30 48 4615 50000
30 49 5022 50000
30 50 5709 50000
30 51 5699 50000
31 32 1544 50000
31 33 1674 50000
31 34 1820 50000
31 35 2044 50000
31 36 2297 50000
31 37 2493 50000
31 38 2564 50000
31 39 2781 50000
31 40 3013 50000
31 41 3284 50000
31 42 3500 50000
31 43 3822 50000
31 44 3991 50000
31 45 4239 50000
31 46 4541 50000
31 47 5052 50000
31 48 5295 50000
31 49 5571 50000
31 50 6329 50000
31 51 6531 50000
32 33 1827 50000
32 34 1964 50000
32 35 2144 50000
32 36 2492 50000
32 37 2753 50000
32 38 2977 50000
32 39 3130 50000
32 40 3300 50000
32 41 3619 50000
32 42 3788 50000
32 43 4111 50000
32 44 4407 50000
32 45 4675 50000
32 46 5058 50000
32 47 5469 50000
32 48 5791 50000
32 49 6250 50000
32 50 7169 50000
32 51 7184 50000
33 34 2222 50000
33 35 2492 50000
33 36 2604 50000
33 37 3024 50000
33 38 3348 50000
33 39 3428 50000
33 40 3625 50000
33 41 3969 50000
33 42 4301 50000
33 43 4596 50000
33 44 5012 50000
33 45 5371 50000
33 46 5729 50000
33 47 6074 50000
33 48 6478 50000
33 49 7050 50000
33 50 8037 50000
33 51 8017 50000
34 35 2576 50000
34 36 2866 50000
34 37 3083 50000
34 38 3679 50000
34 39 3935 50000
34 40 4068 50000
34 41 4331 50000
34 42 4762 50000
34 43 5135 50000
34 44 5584 50000
34 45 5989 50000
34 46 6190 50000
34 47 6825 50000
34 48 7352 50000
34 49 8019 50000
34 50 9031 50000
34 51 9094 50000
35 36 3019 50000
35 37 3333 50000
35 38 3690 50000
35 39 4436 50000
35 40 4812 50000
35 41 5039 50000
35 42 5157 50000
35 43 5644 50000
35 44 6144 50000
35 45 6749 50000
35 46 7137 50000
35 47 7607 50000
35 48 8136 50000
35 49 9025 50000
35 50 10164 50000
35 51 10245 50000
36 37 3663 50000
36 38 3998 50000
36 39 4395 50000
36 40 5314 50000
36 41 5573 50000
36 42 5975 50000
36 43 6140 50000
36 44 6862 50000
36 45 7423 50000
36 46 7760 50000
36 47 8374 50000
36 48 8996 50000
36 49 9919 50000
36 50 11394 50000
36 51 11371 50000
37 38 4248 50000
37 39 4699 50000
37 40 5259 50000
37 41 6246 50000
37 42 6583 50000
37 43 6883 50000
37 44 7258 50000
37 45 8055 50000
37 46 8702 50000
37 47 9340 50000
37 48 10165 50000
37 49 11121 50000
37 50 12709 50000
37 51 12720 50000
38 39 5220 50000
38 40 5826 50000
38 41 6250 50000
38 42 7789 50000
38 43 7979 50000
38 44 8158 50000
38 45 8880 50000
38 46 9695 50000
38 47 10381 50000
38 48 11324 50000
38 49 12526 50000
38 50 14284 50000
38 51 14178 50000
39 40 6310 50000
39 41 6941 50000
39 42 7587 50000
39 43 9097 50000
39 44 9324 50000
39 45 10060 50000
39 46 10714 50000
39 47 11546 50000
39 48 12618 50000
39 49 13805 50000
39 50 15987 50000
39 51 15767 50000
40 41 7649 50000
40 42 8298 50000
40 43 9284 50000
40 44 11021 50000
40 45 11145 50000
40 46 11918 50000
40 47 13030 50000
40 48 14137 50000
40 49 15332 50000
40 50 17855 50000
40 51 17730 50000
41 42 8915 50000
41 43 9875 50000
41 44 11287 50000
41 45 12882 50000
41 46 13416 50000
41 47 14347 50000
41 48 15410 50000
41 49 17142 50000
41 50 19636 50000
41 51 19790 50000
42 43 10944 50000
42 44 11784 50000
42 45 13642 50000
42 46 15014 50000
42 47 15781 50000
42 48 17217 50000
42 49 18729 50000
42 50 21886 50000
42 51 21743 50000
43 44 12838 50000
43 45 14316 50000
43 46 16285 50000
43 47 17551 50000
43 48 18678 50000
43 49 20712 50000
43 50 23806 50000
43 51 23968 50000
44 45 15576 50000
44 46 17160 50000
44 47 19241 50000
44 48 20757 50000
44 49 22873 50000
44 50 26486 50000
44 51 26278 50000
45 46 18642 50000
45 47 20637 50000
45 48 23117 50000
45 49 24949 50000
45 50 29080 50000
45 51 29002 50000
46 47 21882 50000
46 48 24911 50000
46 49 27396 50000
46 50 31798 50000
46 51 31752 50000
47 48 26531 50000
47 49 30219 50000
47 50 34809 50000
47 51 34904 50000
48 49 32796 50000
48 50 38061 50000
48 51 38214 50000
49 50 42397 50000
49 51 42377 50000
50 51 50000 50000
