0 1 0 50000
0 2 7 50000
0 3 7 50000
0 4 8 50000
0 5 12 50000
0 6 7 50000
0 7 8 50000
0 8 2 50000
0 9 4 50000
0 10 3 50000
0 11 4 50000
0 12 4 50000
0 13 2 50000
0 14 1 50000
0 15 1 50000
0 16 0 50000
0 17 1 50000
0 18 1 50000
0 19 0 50000
0 20 0 50000
0 21 0 50000
0 22 0 50000
0 23 0 50000
0 24 0 50000
0 25 0 50000
0 26 0 50000
0 27 0 50000
0 28 0 50000
0 29 0 50000
0 30 0 50000
0 31 0 50000
0 32 0 50000
0 33 0 50000
0 34 0 50000
0 35 0 50000
0 36 0 50000
0 37 0 50000
0 38 0 50000
0 39 0 50000
0 40 0 50000
0 41 0 50000
0 42 0 50000
0 43 0 50000
0 44 0 50000
0 45 0 50000
0 46 0 50000
0 47 0 50000
0 48 0 50000
0 49 0 50000
0 50 0 50000
0 51 0 50000
1 2 8 50000
1 3 7 50000
1 4 12 50000
1 5 5 50000
1 6 6 50000
1 7 3 50000
1 8 4 50000
1 9 2 50000
1 10 2 50000
1 11 4 50000
1 12 4 50000
1 13 3 50000
1 14 1 50000
1 15 1 50000
1 16 0 50000
1 17 0 50000
1 18 1 50000
1 19 0 50000
1 20 1 50000
1 21 0 50000
1 22 0 50000
1 23 1 50000
1 24 3 50000
1 25 1 50000
1 26 0 50000
1 27 1 50000
1 28 1 50000
1 29 1 50000
1 30 0 50000
1 31 3 50000
1 32 3 50000
1 33 1 50000
1 34 1 50000
1 35 3 50000
1 36 4 50000
1 37 1 50000
1 38 2 50000
1 39 2 50000
1 40 3 50000
1 41 0 50000
1 42 2 50000
1 43 2 50000
1 44 1 50000
1 45 1 50000
1 46 0 50000
1 47 2 50000
1 48 2 50000
1 49 3 50000
1 50 1 50000
1 51 1 50000
2 3 7 50000
2 4 13 50000
2 5 12 50000
2 6 8 50000
2 7 6 50000
2 8 6 50000
2 9 10 50000
2 10 4 50000
2 11 3 50000
2 12 5 50000
2 13 4 50000
2 14 4 50000
2 15 5 50000
2 16 5 50000
2 17 2 50000
2 18 3 50000
2 19 9 50000
2 20 5 50000
2 21 2 50000
2 22 5 50000
2 23 8 50000
2 24 4 50000
2 25 2 50000
2 26 5 50000
2 27 2 50000
2 28 3 50000
2 29 2 50000
2 30 2 50000
2 31 4 50000
2 32 3 50000
2 33 6 50000
2 34 7 50000
2 35 6 50000
2 36 4 50000
2 37 6 50000
2 38 7 50000
2 39 7 50000
2 40 1 50000
2 41 7 50000
2 42 8 50000
2 43 7 50000
2 44 14 50000
2 45 9 50000
2 46 13 50000
2 47 6 50000
2 48 7 50000
2 49 10 50000
2 50 6 50000
2 51 7 50000
3 4 7 50000
3 5 7 50000
3 6 8 50000
3 7 10 50000
3 8 12 50000
3 9 4 50000
3 10 6 50000
3 11 11 50000
3 12 3 50000
3 13 4 50000
3 14 5 50000
3 15 3 50000
3 16 2 50000
3 17 4 50000
3 18 2 50000
3 19 5 50000
3 20 7 50000
3 21 10 50000
3 22 5 50000
3 23 6 50000
3 24 9 50000
3 25 7 50000
3 26 4 50000
3 27 10 50000
3 28 13 50000
3 29 5 50000
3 30 17 50000
3 31 11 50000
3 32 10 50000
3 33 16 50000
3 34 16 50000
3 35 15 50000
3 36 13 50000
3 37 17 50000
3 38 11 50000
3 39 18 50000
3 40 21 50000
3 41 8 50000
3 42 17 50000
3 43 19 50000
3 44 20 50000
3 45 20 50000
3 46 23 50000
3 47 17 50000
3 48 15 50000
3 49 27 50000
3 50 27 50000
3 51 25 50000
4 5 14 50000
4 6 10 50000
4 7 16 50000
4 8 5 50000
4 9 14 50000
4 10 13 50000
4 11 14 50000
4 12 7 50000
4 13 9 50000
4 14 7 50000
4 15 8 50000
4 16 8 50000
4 17 8 50000
4 18 13 50000
4 19 6 50000
4 20 6 50000
4 21 12 50000
4 22 13 50000
4 23 12 50000
4 24 8 50000
4 25 10 50000
4 26 17 50000
4 27 13 50000
4 28 16 50000
4 29 15 50000
4 30 19 50000
4 31 18 50000
4 32 17 50000
4 33 13 50000
4 34 13 50000
4 35 32 50000
4 36 25 50000
4 37 28 50000
4 38 21 50000
4 39 15 50000
4 40 32 50000
4 41 27 50000
4 42 33 50000
4 43 21 50000
4 44 28 50000
4 45 26 50000
4 46 32 50000
4 47 40 50000
4 48 44 50000
4 49 41 50000
4 50 55 50000
4 51 49 50000
5 6 16 50000
5 7 9 50000
5 8 15 50000
5 9 14 50000
5 10 12 50000
5 11 10 50000
5 12 14 50000
5 13 8 50000
5 14 10 50000
5 15 10 50000
5 16 9 50000
5 17 11 50000
5 18 18 50000
5 19 19 50000
5 20 13 50000
5 21 13 50000
5 22 14 50000
5 23 13 50000
5 24 16 50000
5 25 15 50000
5 26 19 50000
5 27 27 50000
5 28 21 50000
5 29 23 50000
5 30 26 50000
5 31 24 50000
5 32 33 50000
5 33 27 50000
5 34 31 50000
5 35 36 50000
5 36 38 50000
5 37 33 50000
5 38 45 50000
5 39 39 50000
5 40 36 50000
5 41 43 50000
5 42 35 50000
5 43 49 50000
5 44 50 50000
5 45 57 50000
5 46 70 50000
5 47 57 50000
5 48 55 50000
5 49 64 50000
5 50 70 50000
5 51 61 50000
6 7 17 50000
6 8 18 50000
6 9 11 50000
6 10 13 50000
6 11 10 50000
6 12 19 50000
6 13 9 50000
6 14 8 50000
6 15 17 50000
6 16 9 50000
6 17 16 50000
6 18 13 50000
6 19 21 50000
6 20 21 50000
6 21 20 50000
6 22 16 50000
6 23 28 50000
6 24 26 50000
6 25 21 50000
6 26 31 50000
6 27 22 50000
6 28 30 50000
6 29 42 50000
6 30 39 50000
6 31 40 50000
6 32 36 50000
6 33 26 50000
6 34 43 50000
6 35 37 50000
6 36 44 50000
6 37 57 50000
6 38 51 50000
6 39 49 50000
6 40 57 50000
6 41 70 50000
6 42 60 50000
6 43 60 50000
6 44 72 50000
6 45 81 50000
6 46 67 50000
6 47 75 50000
6 48 88 50000
6 49 82 50000
6 50 82 50000
6 51 93 50000
7 8 35 50000
7 9 19 50000
7 10 13 50000
7 11 18 50000
7 12 12 50000
7 13 18 50000
7 14 23 50000
7 15 11 50000
7 16 17 50000
7 17 26 50000
7 18 24 50000
7 19 28 50000
7 20 28 50000
7 21 31 50000
7 22 34 50000
7 23 25 50000
7 24 38 50000
7 25 31 50000
7 26 33 50000
7 27 43 50000
7 28 52 50000
7 29 41 50000
7 30 50 50000
7 31 46 50000
7 32 59 50000
7 33 47 50000
7 34 74 50000
7 35 77 50000
7 36 60 50000
7 37 77 50000
7 38 75 50000
7 39 84 50000
7 40 98 50000
7 41 86 50000
7 42 93 50000
7 43 87 50000
7 44 106 50000
7 45 84 50000
7 46 108 50000
7 47 124 50000
7 48 107 50000
7 49 134 50000
7 50 128 50000
7 51 153 50000
8 9 30 50000
8 10 22 50000
8 11 21 50000
8 12 19 50000
8 13 22 50000
8 14 23 50000
8 15 21 50000
8 16 31 50000
8 17 18 50000
8 18 22 50000
8 19 32 50000
8 20 17 50000
8 21 32 50000
8 22 37 50000
8 23 30 50000
8 24 40 50000
8 25 40 50000
8 26 45 50000
8 27 56 50000
8 28 59 50000
8 29 46 50000
8 30 77 50000
8 31 67 50000
8 32 73 50000
8 33 70 50000
8 34 67 50000
8 35 90 50000
8 36 103 50000
8 37 90 50000
8 38 95 50000
8 39 93 50000
8 40 114 50000
8 41 98 50000
8 42 124 50000
8 43 118 50000
8 44 122 50000
8 45 134 50000
8 46 138 50000
8 47 152 50000
8 48 167 50000
8 49 166 50000
8 50 176 50000
8 51 143 50000
9 10 29 50000
9 11 27 50000
9 12 19 50000
9 13 25 50000
9 14 18 50000
9 15 21 50000
9 16 26 50000
9 17 24 50000
9 18 31 50000
9 19 51 50000
9 20 35 50000
9 21 43 50000
9 22 43 50000
9 23 51 50000
9 24 53 50000
9 25 56 50000
9 26 61 50000
9 27 57 50000
9 28 76 50000
9 29 82 50000
9 30 64 50000
9 31 75 50000
9 32 78 50000
9 33 91 50000
9 34 94 50000
9 35 83 50000
9 36 95 50000
9 37 125 50000
9 38 137 50000
9 39 129 50000
9 40 133 50000
9 41 156 50000
9 42 139 50000
9 43 170 50000
9 44 165 50000
9 45 168 50000
9 46 174 50000
9 47 170 50000
9 48 191 50000
9 49 209 50000
9 50 235 50000
9 51 231 50000
10 11 41 50000
10 12 31 50000
10 13 27 50000
10 14 31 50000
10 15 31 50000
10 16 38 50000
10 17 35 50000
10 18 48 50000
10 19 45 50000
10 20 47 50000
10 21 50 50000
10 22 52 50000
10 23 53 50000
10 24 71 50000
10 25 68 50000
10 26 90 50000
10 27 83 50000
10 28 78 50000
10 29 102 50000
10 30 95 50000
10 31 98 50000
10 32 107 50000
10 33 124 50000
10 34 158 50000
10 35 147 50000
10 36 151 50000
10 37 122 50000
10 38 164 50000
10 39 149 50000
10 40 171 50000
10 41 162 50000
10 42 173 50000
10 43 210 50000
10 44 203 50000
10 45 231 50000
10 46 232 50000
10 47 248 50000
10 48 282 50000
10 49 305 50000
10 50 280 50000
10 51 303 50000
11 12 57 50000
11 13 28 50000
11 14 51 50000
11 15 35 50000
11 16 50 50000
11 17 44 50000
11 18 58 50000
11 19 44 50000
11 20 66 50000
11 21 69 50000
11 22 65 50000
11 23 64 50000
11 24 68 50000
11 25 89 50000
11 26 82 50000
11 27 120 50000
11 28 109 50000
11 29 110 50000
11 30 122 50000
11 31 145 50000
11 32 126 50000
11 33 160 50000
11 34 139 50000
11 35 177 50000
11 36 172 50000
11 37 205 50000
11 38 177 50000
11 39 202 50000
11 40 209 50000
11 41 233 50000
11 42 238 50000
11 43 256 50000
11 44 235 50000
11 45 271 50000
11 46 277 50000
11 47 311 50000
11 48 304 50000
11 49 351 50000
11 50 353 50000
11 51 384 50000
12 13 47 50000
12 14 61 50000
12 15 48 50000
12 16 50 50000
12 17 64 50000
12 18 76 50000
12 19 66 50000
12 20 72 50000
12 21 74 50000
12 22 73 50000
12 23 76 50000
12 24 93 50000
12 25 94 50000
12 26 119 50000
12 27 133 50000
12 28 134 50000
12 29 128 50000
12 30 142 50000
12 31 138 50000
12 32 173 50000
12 33 174 50000
12 34 172 50000
12 35 183 50000
12 36 216 50000
12 37 229 50000
12 38 217 50000
12 39 225 50000
12 40 266 50000
12 41 275 50000
12 42 275 50000
12 43 285 50000
12 44 313 50000
12 45 314 50000
12 46 350 50000
12 47 346 50000
12 48 399 50000
12 49 407 50000
12 50 425 50000
12 51 433 50000
13 14 67 50000
13 15 73 50000
13 16 64 50000
13 17 61 50000
13 18 66 50000
13 19 64 50000
13 20 76 50000
13 21 83 50000
13 22 76 50000
13 23 97 50000
13 24 110 50000
13 25 128 50000
13 26 111 50000
13 27 135 50000
13 28 160 50000
13 29 152 50000
13 30 177 50000
13 31 191 50000
13 32 205 50000
13 33 195 50000
13 34 212 50000
13 35 231 50000
13 36 252 50000
13 37 253 50000
13 38 277 50000
13 39 283 50000
13 40 305 50000
13 41 297 50000
13 42 358 50000
13 43 358 50000
13 44 400 50000
13 45 416 50000
13 46 408 50000
13 47 467 50000
13 48 444 50000
13 49 516 50000
13 50 520 50000
13 51 517 50000
14 15 84 50000
14 16 64 50000
14 17 64 50000
14 18 87 50000
14 19 71 50000
14 20 94 50000
14 21 90 50000
14 22 93 50000
14 23 124 50000
14 24 145 50000
14 25 137 50000
14 26 135 50000
14 27 172 50000
14 28 178 50000
14 29 193 50000
14 30 171 50000
14 31 211 50000
14 32 221 50000
14 33 221 50000
14 34 263 50000
14 35 313 50000
14 36 301 50000
14 37 311 50000
14 38 322 50000
14 39 378 50000
14 40 365 50000
14 41 418 50000
14 42 409 50000
14 43 455 50000
14 44 421 50000
14 45 457 50000
14 46 502 50000
14 47 516 50000
14 48 548 50000
14 49 574 50000
14 50 641 50000
14 51 647 50000
15 16 83 50000
15 17 99 50000
15 18 101 50000
15 19 96 50000
15 20 100 50000
15 21 122 50000
15 22 135 50000
15 23 156 50000
15 24 145 50000
15 25 155 50000
15 26 149 50000
15 27 194 50000
15 28 214 50000
15 29 203 50000
15 30 228 50000
15 31 271 50000
15 32 252 50000
15 33 274 50000
15 34 301 50000
15 35 318 50000
15 36 365 50000
15 37 359 50000
15 38 371 50000
15 39 378 50000
15 40 395 50000
15 41 432 50000
15 42 466 50000
15 43 476 50000
15 44 506 50000
15 45 582 50000
15 46 618 50000
15 47 668 50000
15 48 672 50000
15 49 709 50000
15 50 762 50000
15 51 777 50000
16 17 92 50000
16 18 111 50000
16 19 125 50000
16 20 114 50000
16 21 148 50000
16 22 131 50000
16 23 153 50000
16 24 175 50000
16 25 178 50000
16 26 188 50000
16 27 223 50000
16 28 226 50000
16 29 254 50000
16 30 258 50000
16 31 281 50000
16 32 303 50000
16 33 327 50000
16 34 353 50000
16 35 369 50000
16 36 402 50000
16 37 439 50000
16 38 449 50000
16 39 501 50000
16 40 478 50000
16 41 545 50000
16 42 584 50000
16 43 594 50000
16 44 595 50000
16 45 641 50000
16 46 681 50000
16 47 686 50000
16 48 734 50000
16 49 834 50000
16 50 932 50000
16 51 870 50000
17 18 175 50000
17 19 139 50000
17 20 146 50000
17 21 161 50000
17 22 166 50000
17 23 152 50000
17 24 185 50000
17 25 207 50000
17 26 239 50000
17 27 260 50000
17 28 264 50000
17 29 263 50000
17 30 310 50000
17 31 308 50000
17 32 360 50000
17 33 361 50000
17 34 400 50000
17 35 434 50000
17 36 466 50000
17 37 496 50000
17 38 498 50000
17 39 550 50000
17 40 543 50000
17 41 602 50000
17 42 632 50000
17 43 668 50000
17 44 671 50000
17 45 711 50000
17 46 784 50000
17 47 835 50000
17 48 913 50000
17 49 947 50000
17 50 1025 50000
17 51 1024 50000
18 19 179 50000
18 20 156 50000
18 21 185 50000
18 22 190 50000
18 23 194 50000
18 24 205 50000
18 25 252 50000
18 26 250 50000
18 27 300 50000
18 28 300 50000
18 29 314 50000
18 30 327 50000
18 31 366 50000
18 32 410 50000
18 33 445 50000
18 34 425 50000
18 35 483 50000
18 36 519 50000
18 37 510 50000
18 38 598 50000
18 39 633 50000
18 40 677 50000
18 41 736 50000
18 42 691 50000
18 43 787 50000
18 44 871 50000
18 45 827 50000
18 46 928 50000
18 47 966 50000
18 48 1050 50000
18 49 1156 50000
18 50 1235 50000
18 51 1207 50000
19 20 207 50000
19 21 204 50000
19 22 193 50000
19 23 230 50000
19 24 257 50000
19 25 288 50000
19 26 276 50000
19 27 295 50000
19 28 330 50000
19 29 389 50000
19 30 430 50000
19 31 469 50000
19 32 472 50000
19 33 545 50000
19 34 541 50000
19 35 545 50000
19 36 539 50000
19 37 638 50000
19 38 678 50000
19 39 727 50000
19 40 779 50000
19 41 835 50000
19 42 879 50000
19 43 962 50000
19 44 988 50000
19 45 1030 50000
19 46 1102 50000
19 47 1127 50000
19 48 1197 50000
19 49 1309 50000
19 50 1389 50000
19 51 1423 50000
20 21 217 50000
20 22 265 50000
20 23 305 50000
20 24 298 50000
20 25 300 50000
20 26 321 50000
20 27 373 50000
20 28 352 50000
20 29 396 50000
20 30 471 50000
20 31 504 50000
20 32 494 50000
20 33 547 50000
20 34 592 50000
20 35 628 50000
20 36 669 50000
20 37 728 50000
20 38 753 50000
20 39 817 50000
20 40 827 50000
20 41 913 50000
20 42 1005 50000
20 43 1057 50000
20 44 1111 50000
20 45 1139 50000
20 46 1199 50000
20 47 1331 50000
20 48 1308 50000
20 49 1491 50000
20 50 1555 50000
20 51 1539 50000
21 22 264 50000
21 23 283 50000
21 24 311 50000
21 25 368 50000
21 26 352 50000
21 27 385 50000
21 28 466 50000
21 29 452 50000
21 30 451 50000
21 31 500 50000
21 32 619 50000
21 33 660 50000
21 34 644 50000
21 35 669 50000
21 36 788 50000
21 37 757 50000
21 38 872 50000
21 39 854 50000
21 40 971 50000
21 41 1027 50000
21 42 1074 50000
21 43 1094 50000
21 44 1233 50000
21 45 1263 50000
21 46 1368 50000
21 47 1476 50000
21 48 1523 50000
21 49 1675 50000
21 50 1876 50000
21 51 1900 50000
22 23 355 50000
22 24 332 50000
22 25 364 50000
22 26 407 50000
22 27 434 50000
22 28 552 50000
22 29 517 50000
22 30 574 50000
22 31 609 50000
22 32 649 50000
22 33 660 50000
22 34 751 50000
22 35 801 50000
22 36 857 50000
22 37 908 50000
22 38 963 50000
22 39 1108 50000
22 40 1120 50000
22 41 1156 50000
22 42 1246 50000
22 43 1292 50000
22 44 1370 50000
22 45 1518 50000
22 46 1618 50000
22 47 1644 50000
22 48 1751 50000
22 49 1953 50000
22 50 2142 50000
22 51 2047 50000
23 24 408 50000
23 25 413 50000
23 26 391 50000
23 27 507 50000
23 28 534 50000
23 29 592 50000
23 30 630 50000
23 31 726 50000
23 32 789 50000
23 33 778 50000
23 34 860 50000
23 35 951 50000
23 36 987 50000
23 37 1053 50000
23 38 1098 50000
23 39 1187 50000
23 40 1258 50000
23 41 1373 50000
23 42 1445 50000
23 43 1429 50000
23 44 1617 50000
23 45 1650 50000
23 46 1777 50000
23 47 1899 50000
23 48 1951 50000
23 49 2208 50000
23 50 2397 50000
23 51 2412 50000
24 25 471 50000
24 26 462 50000
24 27 572 50000
24 28 610 50000
24 29 645 50000
24 30 730 50000
24 31 748 50000
24 32 799 50000
24 33 914 50000
24 34 964 50000
24 35 1018 50000
24 36 1086 50000
24 37 1089 50000
24 38 1249 50000
24 39 1307 50000
24 40 1434 50000
24 41 1522 50000
24 42 1612 50000
24 43 1677 50000
24 44 1762 50000
24 45 1882 50000
24 46 2061 50000
24 47 2190 50000
24 48 2247 50000
24 49 2537 50000
24 50 2703 50000
24 51 2730 50000
25 26 573 50000
25 27 577 50000
25 28 652 50000
25 29 707 50000
25 30 797 50000
25 31 870 50000
25 32 948 50000
25 33 935 50000
25 34 1013 50000
25 35 1105 50000
25 36 1213 50000
25 37 1295 50000
25 38 1371 50000
25 39 1497 50000
25 40 1598 50000
25 41 1649 50000
25 42 1823 50000
25 43 1909 50000
25 44 2036 50000
25 45 2214 50000
25 46 2244 50000
25 47 2510 50000
25 48 2671 50000
25 49 2831 50000
25 50 3056 50000
25 51 3055 50000
26 27 633 50000
26 28 726 50000
26 29 834 50000
26 30 849 50000
26 31 920 50000
26 32 1056 50000
26 33 1097 50000
26 34 1218 50000
26 35 1235 50000
26 36 1353 50000
26 37 1469 50000
26 38 1529 50000
26 39 1666 50000
26 40 1797 50000
26 41 1917 50000
26 42 2090 50000
26 43 2160 50000
26 44 2249 50000
26 45 2403 50000
26 46 2677 50000
26 47 2713 50000
26 48 2933 50000
26 49 3198 50000
26 50 3502 50000
26 51 3459 50000
27 28 806 50000
27 29 879 50000
27 30 958 50000
27 31 995 50000
27 32 1140 50000
27 33 1233 50000
27 34 1277 50000
27 35 1372 50000
27 36 1521 50000
27 37 1585 50000
27 38 1798 50000
27 39 1901 50000
27 40 1944 50000
27 41 2054 50000
27 42 2237 50000
27 43 2371 50000
27 44 2608 50000
27 45 2716 50000
27 46 2950 50000
27 47 3112 50000
27 48 3374 50000
27 49 3614 50000
27 50 4020 50000
27 51 3946 50000
28 29 957 50000
28 30 1025 50000
28 31 1101 50000
28 32 1286 50000
28 33 1389 50000
28 34 1528 50000
28 35 1551 50000
28 36 1728 50000
28 37 1718 50000
28 38 1982 50000
28 39 1988 50000
28 40 2245 50000
28 41 2330 50000
28 42 2542 50000
28 43 2650 50000
28 44 2880 50000
28 45 3035 50000
28 46 3304 50000
28 47 3469 50000
28 48 3651 50000
28 49 4107 50000
28 50 4402 50000
28 51 4522 50000
29 30 1153 50000
29 31 1270 50000
29 32 1337 50000
29 33 1498 50000
29 34 1713 50000
29 35 1781 50000
29 36 1807 50000
29 37 1922 50000
29 38 2132 50000
29 39 2289 50000
29 40 2452 50000
29 41 2608 50000
29 42 2851 50000
29 43 2898 50000
29 44 3203 50000
29 45 3406 50000
29 46 3654 50000
29 47 3866 50000
29 48 4174 50000
29 49 4435 50000
29 50 5066 50000
29 51 5027 50000
30 31 1335 50000
30 32 1429 50000
30 33 1526 50000
30 34 1791 50000
30 35 1942 50000
30 36 2015 50000
30 37 2218 50000
30 38 2319 50000
30 39 2564 50000
30 40 2679 50000
30 41 2954 50000
30 42 3039 50000
30 43 3351 50000
30 44 3642 50000
30 45 3800 50000
30 46 4099 50000
30 47 4321 50000
30 48 4679 50000
30 49 5137 50000
30 50 5724 50000
30 51 5634 50000
31 32 1601 50000
31 33 1786 50000
31 34 1773 50000
31 35 2164 50000
31 36 2389 50000
31 37 2612 50000
31 38 2552 50000
31 39 2788 50000
31 40 3060 50000
31 41 3244 50000
31 42 3438 50000
31 43 3774 50000
31 44 3988 50000
31 45 4281 50000
31 46 4559 50000
31 47 4881 50000
31 48 5259 50000
31 49 5634 50000
31 50 6554 50000
31 51 6396 50000
32 33 1858 50000
32 34 1971 50000
32 35 2173 50000
32 36 2564 50000
32 37 2822 50000
32 38 2939 50000
32 39 2970 50000
32 40 3368 50000
32 41 3554 50000
32 42 3917 50000
32 43 4067 50000
32 44 4443 50000
32 45 4762 50000
32 46 5092 50000
32 47 5677 50000
32 48 5870 50000
32 49 6284 50000
32 50 7268 50000
32 51 7391 50000
33 34 2178 50000
33 35 2287 50000
33 36 2646 50000
33 37 3015 50000
33 38 3366 50000
33 39 3472 50000
33 40 3670 50000
33 41 3929 50000
33 42 4284 50000
33 43 4743 50000
33 44 4903 50000
33 45 5291 50000
33 46 5586 50000
33 47 6032 50000
33 48 6581 50000
33 49 7234 50000
33 50 8004 50000
33 51 8158 50000
34 35 2644 50000
34 36 2765 50000
34 37 3101 50000
34 38 3712 50000
34 39 3903 50000
34 40 4164 50000
34 41 4345 50000
34 42 4824 50000
34 43 5129 50000
34 44 5526 50000
34 45 5754 50000
34 46 6391 50000
34 47 6923 50000
34 48 7376 50000
34 49 7929 50000
34 50 9188 50000
34 51 9020 50000
35 36 3069 50000
35 37 3351 50000
35 38 3658 50000
35 39 4453 50000
35 40 4746 50000
35 41 4935 50000
35 42 5178 50000
35 43 5669 50000
35 44 6193 50000
35 45 6597 50000
35 46 6919 50000
35 47 7544 50000
35 48 8114 50000
35 49 8827 50000
35 50 10178 50000
35 51 10200 50000
36 37 3683 50000
36 38 3997 50000
36 39 4462 50000
36 40 5414 50000
36 41 5754 50000
36 42 5958 50000
36 43 6286 50000
36 44 6819 50000
36 45 7384 50000
36 46 7903 50000
36 47 8482 50000
36 48 9210 50000
36 49 10203 50000
36 50 11523 50000
36 51 11539 50000
37 38 4525 50000
37 39 4798 50000
37 40 5286 50000
37 41 6397 50000
37 42 6670 50000
37 43 7021 50000
37 44 7451 50000
37 45 8054 50000
37 46 8756 50000
37 47 9501 50000
37 48 10243 50000
37 49 11239 50000
37 50 12812 50000
37 51 12897 50000
38 39 5312 50000
38 40 5753 50000
38 41 6272 50000
38 42 7718 50000
38 43 7885 50000
38 44 8335 50000
38 45 8838 50000
38 46 9714 50000
38 47 10598 50000
38 48 11299 50000
38 49 12405 50000
38 50 14385 50000
38 51 14164 50000
39 40 6257 50000
39 41 6763 50000
39 42 7698 50000
39 43 9159 50000
39 44 9304 50000
39 45 9810 50000
39 46 10860 50000
39 47 11586 50000
39 48 12683 50000
39 49 13748 50000
39 50 15863 50000
39 51 15927 50000
40 41 7413 50000
40 42 8296 50000
40 43 9215 50000
40 44 10888 50000
40 45 11154 50000
40 46 11796 50000
40 47 12815 50000
40 48 14073 50000
40 49 15523 50000
40 50 17794 50000
40 51 17600 50000
41 42 9054 50000
41 43 9911 50000
41 44 11071 50000
41 45 12670 50000
41 46 13222 50000
41 47 14051 50000
41 48 15391 50000
41 49 16778 50000
41 50 19563 50000
41 51 19571 50000
42 43 10824 50000
42 44 11733 50000
42 45 13395 50000
42 46 15020 50000
42 47 15745 50000
42 48 17158 50000
42 49 18813 50000
42 50 21657 50000
42 51 21926 50000
43 44 12914 50000
43 45 14360 50000
43 46 16138 50000
43 47 17623 50000
43 48 18953 50000
43 49 20599 50000
43 50 24019 50000
43 51 23909 50000
44 45 15544 50000
44 46 17221 50000
44 47 19385 50000
44 48 21125 50000
44 49 22677 50000
44 50 26434 50000
44 51 26521 50000
45 46 18415 50000
45 47 20658 50000
45 48 22884 50000
45 49 24989 50000
45 50 28904 50000
45 51 28841 50000
46 47 22057 50000
46 48 24963 50000
46 49 27593 50000
46 50 31828 50000
46 51 31745 50000
47 48 26364 50000
47 49 30282 50000
47 50 34682 50000
47 51 34704 50000
48 49 32755 50000
48 50 38155 50000
48 51 38073 50000
49 50 42362 50000
49 51 42410 50000
50 51 50000 50000
