0 1 1833 260 400000
0 2 1830 185 400000
0 3 1857 164 400000
0 4 1720 142 400000
0 5 1852 154 400000
0 6 1889 149 400000
0 7 1844 170 400000
0 8 1843 171 400000
0 9 1798 194 400000
0 10 1807 222 400000
0 11 1881 299 400000
0 12 1777 423 400000
1 2 1840 310 400000
1 3 1795 222 400000
1 4 1836 200 400000
1 5 1805 157 400000
1 6 1749 149 400000
1 7 1880 180 400000
1 8 1821 145 400000
1 9 1884 163 400000
1 10 1718 139 400000
1 11 1826 180 400000
1 12 1881 307 400000
2 3 1809 380 400000
2 4 1803 243 400000
2 5 1754 193 400000
2 6 1860 187 400000
2 7 1849 160 400000
2 8 1878 156 400000
2 9 1861 165 400000
2 10 1854 168 400000
2 11 1840 178 400000
2 12 1827 231 400000
3 4 1764 379 400000
3 5 1811 260 400000
3 6 1766 235 400000
3 7 1795 213 400000
3 8 1748 174 400000
3 9 1836 171 400000
3 10 1858 165 400000
3 11 1830 175 400000
3 12 1771 177 400000
4 5 1771 406 400000
4 6 1852 304 400000
4 7 1863 235 400000
4 8 1837 225 400000
4 9 1793 180 400000
4 10 1746 154 400000
4 11 1773 170 400000
4 12 1822 221 400000
5 6 1725 362 400000
5 7 1828 296 400000
5 8 1785 284 400000
5 9 1848 227 400000
5 10 1796 195 400000
5 11 1809 195 400000
5 12 1824 215 400000
6 7 1820 454 400000
6 8 1825 342 400000
6 9 1888 278 400000
6 10 1889 254 400000
6 11 1792 184 400000
6 12 1775 212 400000
7 8 1890 474 400000
7 9 1839 342 400000
7 10 1762 265 400000
7 11 1884 254 400000
7 12 1783 241 400000
8 9 1822 465 400000
8 10 1816 372 400000
8 11 1787 289 400000
8 12 1841 285 400000
9 10 1704 439 400000
9 11 1782 342 400000
9 12 1829 344 400000
10 11 1842 486 400000
10 12 1696 381 400000
11 12 1875 617 400000
13 14 1761 323 400000
13 15 1744 223 400000
13 16 1792 185 400000
13 17 1779 168 400000
13 18 1808 173 400000
13 19 1836 163 400000
13 20 1784 183 400000
13 21 1732 172 400000
13 22 1845 222 400000
13 23 1892 251 400000
13 24 1843 332 400000
13 25 1833 406 400000
14 15 1730 283 400000
14 16 1760 221 400000
14 17 1720 208 400000
14 18 1788 154 400000
14 19 1776 150 400000
14 20 1805 135 400000
14 21 1787 145 400000
14 22 1799 152 400000
14 23 1781 187 400000
14 24 1798 180 400000
14 25 1822 250 400000
15 16 1771 355 400000
15 17 1782 228 400000
15 18 1748 203 400000
15 19 1775 159 400000
15 20 1856 164 400000
15 21 1801 131 400000
15 22 1773 148 400000
15 23 1835 165 400000
15 24 1762 145 400000
15 25 1798 170 400000
16 17 1838 396 400000
16 18 1744 265 400000
16 19 1798 223 400000
16 20 1809 202 400000
16 21 1831 173 400000
16 22 1784 144 400000
16 23 1773 157 400000
16 24 1759 157 400000
16 25 1814 178 400000
17 18 1874 415 400000
17 19 1795 271 400000
17 20 1927 248 400000
17 21 1809 181 400000
17 22 1756 143 400000
17 23 1810 137 400000
17 24 1780 153 400000
17 25 1839 170 400000
18 19 1839 374 400000
18 20 1754 286 400000
18 21 1846 241 400000
18 22 1841 200 400000
18 23 1853 179 400000
18 24 1830 153 400000
18 25 1805 145 400000
19 20 1776 412 400000
19 21 1791 320 400000
19 22 1765 229 400000
19 23 1903 203 400000
19 24 1856 211 400000
19 25 1843 168 400000
20 21 1873 405 400000
20 22 1921 307 400000
20 23 1805 243 400000
20 24 1789 191 400000
20 25 1837 172 400000
21 22 1873 406 400000
21 23 1837 285 400000
21 24 1852 257 400000
21 25 1773 207 400000
22 23 1768 365 400000
22 24 1738 296 400000
22 25 1780 229 400000
23 24 1830 400 400000
23 25 1857 277 400000
24 25 1769 399 400000
26 27 1845 335 400000
26 28 1822 253 400000
26 29 1782 213 400000
26 30 1770 199 400000
26 31 1753 176 400000
26 32 1811 173 400000
26 33 1762 163 400000
26 34 1828 205 400000
26 35 1834 238 400000
26 36 1864 286 400000
26 37 1844 351 400000
26 38 1802 408 400000
27 28 1779 346 400000
27 29 1778 245 400000
27 30 1795 191 400000
27 31 1848 181 400000
27 32 1886 147 400000
27 33 1906 150 400000
27 34 1823 135 400000
27 35 1856 171 400000
27 36 1812 184 400000
27 37 1892 227 400000
27 38 1784 280 400000
28 29 1798 394 400000
28 30 1811 300 400000
28 31 1876 240 400000
28 32 1826 205 400000
28 33 1769 144 400000
28 34 1793 149 400000
28 35 1770 159 400000
28 36 1806 161 400000
28 37 1806 168 400000
28 38 1821 206 400000
29 30 1773 387 400000
29 31 1845 272 400000
29 32 1831 234 400000
29 33 1844 214 400000
29 34 1878 171 400000
29 35 1821 162 400000
29 36 1831 151 400000
29 37 1756 141 400000
29 38 1837 186 400000
30 31 1779 388 400000
30 32 1751 317 400000
30 33 1787 237 400000
30 34 1862 179 400000
30 35 1744 200 400000
30 36 1865 164 400000
30 37 1777 157 400000
30 38 1832 169 400000
31 32 1822 394 400000
31 33 1883 299 400000
31 34 1765 238 400000
31 35 1873 215 400000
31 36 1898 199 400000
31 37 1800 185 400000
31 38 1791 159 400000
32 33 1774 406 400000
32 34 1832 310 400000
32 35 1866 240 400000
32 36 1786 206 400000
32 37 1845 203 400000
32 38 1749 189 400000
33 34 1871 449 400000
33 35 1881 314 400000
33 36 1836 237 400000
33 37 1759 187 400000
33 38 1814 196 400000
34 35 1806 430 400000
34 36 1791 309 400000
34 37 1905 256 400000
34 38 1856 204 400000
35 36 1821 427 400000
35 37 1868 314 400000
35 38 1751 251 400000
36 37 1841 402 400000
36 38 1831 353 400000
37 38 1799 412 400000
39 40 1828 349 400000
39 41 1808 276 400000
39 42 1855 215 400000
39 43 1774 189 400000
39 44 1773 173 400000
39 45 1787 195 400000
39 46 1744 184 400000
39 47 1775 213 400000
39 48 1761 247 400000
39 49 1836 289 400000
39 50 1821 353 400000
39 51 1730 408 400000
40 41 1790 376 400000
40 42 1867 280 400000
40 43 1806 211 400000
40 44 1739 175 400000
40 45 1791 170 400000
40 46 1822 166 400000
40 47 1888 174 400000
40 48 1782 176 400000
40 49 1861 165 400000
40 50 1866 220 400000
40 51 1791 252 400000
41 42 1793 382 400000
41 43 1815 274 400000
41 44 1841 234 400000
41 45 1810 214 400000
41 46 1813 175 400000
41 47 1832 154 400000
41 48 1818 152 400000
41 49 1772 175 400000
41 50 1806 208 400000
41 51 1766 208 400000
42 43 1765 394 400000
42 44 1792 277 400000
42 45 1779 229 400000
42 46 1852 224 400000
42 47 1863 168 400000
42 48 1828 181 400000
42 49 1772 168 400000
42 50 1903 167 400000
42 51 1764 178 400000
43 44 1822 420 400000
43 45 1831 311 400000
43 46 1837 257 400000
43 47 1829 231 400000
43 48 1795 171 400000
43 49 1814 162 400000
43 50 1785 172 400000
43 51 1787 161 400000
44 45 1812 457 400000
44 46 1781 333 400000
44 47 1822 267 400000
44 48 1712 208 400000
44 49 1827 221 400000
44 50 1814 186 400000
44 51 1780 171 400000
45 46 1866 454 400000
45 47 1797 322 400000
45 48 1822 251 400000
45 49 1738 228 400000
45 50 1827 198 400000
45 51 1819 211 400000
46 47 1771 441 400000
46 48 1828 358 400000
46 49 1790 260 400000
46 50 1793 211 400000
46 51 1916 211 400000
47 48 1862 452 400000
47 49 1795 326 400000
47 50 1754 242 400000
47 51 1802 214 400000
48 49 1814 411 400000
48 50 1825 331 400000
48 51 1884 288 400000
49 50 1829 463 400000
49 51 1859 341 400000
50 51 1822 450 400000
