0 1 1833 4 400000
0 2 1830 32 400000
0 3 1857 6 400000
0 4 1720 18 400000
0 5 1852 23 400000
0 6 1889 52 400000
0 7 1844 4 400000
0 8 1843 60 400000
0 9 1798 12 400000
0 10 1807 112 400000
0 11 1881 6 400000
0 12 1777 24 400000
1 2 1840 1 400000
1 3 1795 12 400000
1 4 1836 6 400000
1 5 1805 45 400000
1 6 1749 15 400000
1 7 1880 31 400000
1 8 1821 16 400000
1 9 1884 41 400000
1 10 1718 17 400000
1 11 1826 90 400000
1 12 1881 4 400000
2 3 1809 4 400000
2 4 1803 21 400000
2 5 1754 6 400000
2 6 1860 40 400000
2 7 1849 26 400000
2 8 1878 49 400000
2 9 1861 12 400000
2 10 1854 66 400000
2 11 1840 21 400000
2 12 1827 120 400000
3 4 1764 3 400000
3 5 1811 10 400000
3 6 1766 5 400000
3 7 1795 43 400000
3 8 1748 20 400000
3 9 1836 45 400000
3 10 1858 9 400000
3 11 1830 73 400000
3 12 1771 12 400000
4 5 1771 0 400000
4 6 1852 10 400000
4 7 1863 2 400000
4 8 1837 37 400000
4 9 1793 26 400000
4 10 1746 21 400000
4 11 1773 5 400000
4 12 1822 76 400000
5 6 1725 1 400000
5 7 1828 25 400000
5 8 1785 3 400000
5 9 1848 10 400000
5 10 1796 32 400000
5 11 1809 58 400000
5 12 1824 10 400000
6 7 1820 3 400000
6 8 1825 18 400000
6 9 1888 5 400000
6 10 1889 39 400000
6 11 1792 17 400000
6 12 1775 53 400000
7 8 1890 2 400000
7 9 1839 22 400000
7 10 1762 1 400000
7 11 1884 42 400000
7 12 1783 27 400000
8 9 1822 3 400000
8 10 1816 20 400000
8 11 1787 4 400000
8 12 1841 41 400000
9 10 1704 4 400000
9 11 1782 22 400000
9 12 1829 4 400000
10 11 1842 4 400000
10 12 1696 34 400000
11 12 1875 2 400000
13 14 1761 6 400000
13 15 1744 29 400000
13 16 1792 4 400000
13 17 1779 19 400000
13 18 1808 24 400000
13 19 1836 27 400000
13 20 1784 5 400000
13 21 1732 54 400000
13 22 1845 11 400000
13 23 1892 122 400000
13 24 1843 2 400000
13 25 1833 20 400000
14 15 1730 0 400000
14 16 1760 16 400000
14 17 1720 5 400000
14 18 1788 41 400000
14 19 1776 20 400000
14 20 1805 39 400000
14 21 1787 13 400000
14 22 1799 47 400000
14 23 1781 18 400000
14 24 1798 115 400000
14 25 1822 4 400000
15 16 1771 4 400000
15 17 1782 19 400000
15 18 1748 1 400000
15 19 1775 40 400000
15 20 1856 17 400000
15 21 1801 52 400000
15 22 1773 11 400000
15 23 1835 50 400000
15 24 1762 10 400000
15 25 1798 92 400000
16 17 1838 2 400000
16 18 1744 20 400000
16 19 1798 4 400000
16 20 1809 38 400000
16 21 1831 23 400000
16 22 1784 61 400000
16 23 1773 6 400000
16 24 1759 63 400000
16 25 1814 25 400000
17 18 1874 1 400000
17 19 1795 17 400000
17 20 1927 6 400000
17 21 1809 44 400000
17 22 1756 29 400000
17 23 1810 22 400000
17 24 1780 11 400000
17 25 1839 64 400000
18 19 1839 2 400000
18 20 1754 30 400000
18 21 1846 4 400000
18 22 1841 12 400000
18 23 1853 19 400000
18 24 1830 68 400000
18 25 1805 7 400000
19 20 1776 1 400000
19 21 1791 15 400000
19 22 1765 4 400000
19 23 1903 46 400000
19 24 1856 26 400000
19 25 1843 51 400000
20 21 1873 2 400000
20 22 1921 10 400000
20 23 1805 2 400000
20 24 1789 36 400000
20 25 1837 14 400000
21 22 1873 4 400000
21 23 1837 22 400000
21 24 1852 3 400000
21 25 1773 37 400000
22 23 1768 1 400000
22 24 1738 9 400000
22 25 1780 2 400000
23 24 1830 3 400000
23 25 1857 28 400000
24 25 1769 1 400000
26 27 1845 4 400000
26 28 1822 21 400000
26 29 1782 9 400000
26 30 1770 16 400000
26 31 1753 31 400000
26 32 1811 40 400000
26 33 1762 7 400000
26 34 1828 62 400000
26 35 1834 12 400000
26 36 1864 112 400000
26 37 1844 9 400000
26 38 1802 24 400000
27 28 1779 4 400000
27 29 1778 8 400000
27 30 1795 3 400000
27 31 1848 44 400000
27 32 1886 24 400000
27 33 1906 41 400000
27 34 1823 12 400000
27 35 1856 53 400000
27 36 1812 19 400000
27 37 1892 98 400000
27 38 1784 4 400000
28 29 1798 1 400000
28 30 1811 29 400000
28 31 1876 2 400000
28 32 1826 41 400000
28 33 1769 16 400000
28 34 1793 59 400000
28 35 1770 12 400000
28 36 1806 62 400000
28 37 1806 19 400000
28 38 1821 98 400000
29 30 1773 5 400000
29 31 1845 15 400000
29 32 1831 4 400000
29 33 1844 48 400000
29 34 1878 23 400000
29 35 1821 55 400000
29 36 1831 10 400000
29 37 1756 52 400000
29 38 1837 18 400000
30 31 1779 1 400000
30 32 1751 14 400000
30 33 1787 6 400000
30 34 1862 47 400000
30 35 1744 13 400000
30 36 1865 37 400000
30 37 1777 5 400000
30 38 1832 62 400000
31 32 1822 1 400000
31 33 1883 27 400000
31 34 1765 5 400000
31 35 1873 9 400000
31 36 1898 20 400000
31 37 1800 49 400000
31 38 1791 12 400000
32 33 1774 1 400000
32 34 1832 13 400000
32 35 1866 8 400000
32 36 1786 52 400000
32 37 1845 16 400000
32 38 1749 52 400000
33 34 1871 3 400000
33 35 1881 27 400000
33 36 1836 6 400000
33 37 1759 38 400000
33 38 1814 26 400000
34 35 1806 1 400000
34 36 1791 18 400000
34 37 1905 9 400000
34 38 1856 39 400000
35 36 1821 1 400000
35 37 1868 17 400000
35 38 1751 8 400000
36 37 1841 1 400000
36 38 1831 21 400000
37 38 1799 3 400000
39 40 1828 5 400000
39 41 1808 23 400000
39 42 1855 6 400000
39 43 1774 12 400000
39 44 1773 28 400000
39 45 1787 34 400000
39 46 1744 6 400000
39 47 1775 63 400000
39 48 1761 12 400000
39 49 1836 119 400000
39 50 1821 6 400000
39 51 1730 16 400000
40 41 1790 4 400000
40 42 1867 23 400000
40 43 1806 4 400000
40 44 1739 53 400000
40 45 1791 15 400000
40 46 1822 44 400000
40 47 1888 15 400000
40 48 1782 56 400000
40 49 1861 18 400000
40 50 1866 102 400000
40 51 1791 1 400000
41 42 1793 4 400000
41 43 1815 18 400000
41 44 1841 4 400000
41 45 1810 40 400000
41 46 1813 27 400000
41 47 1832 50 400000
41 48 1818 7 400000
41 49 1772 72 400000
41 50 1806 16 400000
41 51 1766 98 400000
42 43 1765 3 400000
42 44 1792 19 400000
42 45 1779 1 400000
42 46 1852 46 400000
42 47 1863 12 400000
42 48 1828 50 400000
42 49 1772 9 400000
42 50 1903 74 400000
42 51 1764 16 400000
43 44 1822 2 400000
43 45 1831 14 400000
43 46 1837 4 400000
43 47 1829 40 400000
43 48 1795 23 400000
43 49 1814 18 400000
43 50 1785 13 400000
43 51 1787 71 400000
44 45 1812 3 400000
44 46 1781 25 400000
44 47 1822 3 400000
44 48 1712 17 400000
44 49 1827 26 400000
44 50 1814 61 400000
44 51 1780 17 400000
45 46 1866 0 400000
45 47 1797 12 400000
45 48 1822 1 400000
45 49 1738 42 400000
45 50 1827 10 400000
45 51 1819 58 400000
46 47 1771 1 400000
46 48 1828 15 400000
46 49 1790 4 400000
46 50 1793 43 400000
46 51 1916 21 400000
47 48 1862 2 400000
47 49 1795 21 400000
47 50 1754 5 400000
47 51 1802 39 400000
48 49 1814 0 400000
48 50 1825 9 400000
48 51 1884 5 400000
49 50 1829 4 400000
49 51 1859 17 400000
50 51 1822 1 400000
