0 1 1833 5 400000
0 2 1830 35 400000
0 3 1857 7 400000
0 4 1720 198 400000
0 5 1852 23 400000
0 6 1889 28 400000
0 7 1844 4 400000
0 8 1843 184 400000
0 9 1798 26 400000
0 10 1807 29 400000
0 11 1881 2 400000
0 12 1777 516 400000
1 2 1840 5 400000
1 3 1795 16 400000
1 4 1836 27 400000
1 5 1805 154 400000
1 6 1749 16 400000
1 7 1880 33 400000
1 8 1821 30 400000
1 9 1884 153 400000
1 10 1718 27 400000
1 11 1826 22 400000
1 12 1881 6 400000
2 3 1809 0 400000
2 4 1803 21 400000
2 5 1754 24 400000
2 6 1860 126 400000
2 7 1849 9 400000
2 8 1878 46 400000
2 9 1861 33 400000
2 10 1854 133 400000
2 11 1840 29 400000
2 12 1827 43 400000
3 4 1764 0 400000
3 5 1811 18 400000
3 6 1766 23 400000
3 7 1795 161 400000
3 8 1748 3 400000
3 9 1836 32 400000
3 10 1858 14 400000
3 11 1830 124 400000
3 12 1771 8 400000
4 5 1771 3 400000
4 6 1852 30 400000
4 7 1863 5 400000
4 8 1837 209 400000
4 9 1793 20 400000
4 10 1746 40 400000
4 11 1773 10 400000
4 12 1822 211 400000
5 6 1725 2 400000
5 7 1828 18 400000
5 8 1785 36 400000
5 9 1848 160 400000
5 10 1796 13 400000
5 11 1809 39 400000
5 12 1824 33 400000
6 7 1820 1 400000
6 8 1825 16 400000
6 9 1888 38 400000
6 10 1889 156 400000
6 11 1792 17 400000
6 12 1775 58 400000
7 8 1890 1 400000
7 9 1839 22 400000
7 10 1762 32 400000
7 11 1884 153 400000
7 12 1783 6 400000
8 9 1822 2 400000
8 10 1816 25 400000
8 11 1787 7 400000
8 12 1841 292 400000
9 10 1704 0 400000
9 11 1782 24 400000
9 12 1829 36 400000
10 11 1842 3 400000
10 12 1696 33 400000
11 12 1875 0 400000
13 14 1761 5 400000
13 15 1744 37 400000
13 16 1792 7 400000
13 17 1779 193 400000
13 18 1808 29 400000
13 19 1836 48 400000
13 20 1784 3 400000
13 21 1732 178 400000
13 22 1845 32 400000
13 23 1892 24 400000
13 24 1843 1 400000
13 25 1833 407 400000
14 15 1730 1 400000
14 16 1760 21 400000
14 17 1720 38 400000
14 18 1788 149 400000
14 19 1776 14 400000
14 20 1805 30 400000
14 21 1787 27 400000
14 22 1799 131 400000
14 23 1781 31 400000
14 24 1798 23 400000
14 25 1822 9 400000
15 16 1771 1 400000
15 17 1782 13 400000
15 18 1748 20 400000
15 19 1775 128 400000
15 20 1856 13 400000
15 21 1801 47 400000
15 22 1773 21 400000
15 23 1835 128 400000
15 24 1762 16 400000
15 25 1798 35 400000
16 17 1838 4 400000
16 18 1744 24 400000
16 19 1798 27 400000
16 20 1809 157 400000
16 21 1831 6 400000
16 22 1784 40 400000
16 23 1773 17 400000
16 24 1759 133 400000
16 25 1814 7 400000
17 18 1874 3 400000
17 19 1795 28 400000
17 20 1927 5 400000
17 21 1809 180 400000
17 22 1756 23 400000
17 23 1810 39 400000
17 24 1780 9 400000
17 25 1839 189 400000
18 19 1839 1 400000
18 20 1754 19 400000
18 21 1846 26 400000
18 22 1841 170 400000
18 23 1853 20 400000
18 24 1830 37 400000
18 25 1805 27 400000
19 20 1776 1 400000
19 21 1791 22 400000
19 22 1765 21 400000
19 23 1903 132 400000
19 24 1856 13 400000
19 25 1843 36 400000
20 21 1873 2 400000
20 22 1921 16 400000
20 23 1805 33 400000
20 24 1789 143 400000
20 25 1837 5 400000
21 22 1873 4 400000
21 23 1837 24 400000
21 24 1852 6 400000
21 25 1773 207 400000
22 23 1768 1 400000
22 24 1738 18 400000
22 25 1780 35 400000
23 24 1830 2 400000
23 25 1857 25 400000
24 25 1769 2 400000
26 27 1845 2 400000
26 28 1822 26 400000
26 29 1782 7 400000
26 30 1770 235 400000
26 31 1753 24 400000
26 32 1811 45 400000
26 33 1762 3 400000
26 34 1828 221 400000
26 35 1834 44 400000
26 36 1864 28 400000
26 37 1844 1 400000
26 38 1802 435 400000
27 28 1779 0 400000
27 29 1778 14 400000
27 30 1795 44 400000
27 31 1848 163 400000
27 32 1886 13 400000
27 33 1906 41 400000
27 34 1823 35 400000
27 35 1856 132 400000
27 36 1812 34 400000
27 37 1892 29 400000
27 38 1784 5 400000
28 29 1798 1 400000
28 30 1811 23 400000
28 31 1876 27 400000
28 32 1826 134 400000
28 33 1769 15 400000
28 34 1793 42 400000
28 35 1770 17 400000
28 36 1806 151 400000
28 37 1806 32 400000
28 38 1821 41 400000
29 30 1773 1 400000
29 31 1845 14 400000
29 32 1831 33 400000
29 33 1844 178 400000
29 34 1878 10 400000
29 35 1821 40 400000
29 36 1831 22 400000
29 37 1756 119 400000
29 38 1837 11 400000
30 31 1779 1 400000
30 32 1751 27 400000
30 33 1787 4 400000
30 34 1862 203 400000
30 35 1744 22 400000
30 36 1865 48 400000
30 37 1777 10 400000
30 38 1832 218 400000
31 32 1822 3 400000
31 33 1883 17 400000
31 34 1765 29 400000
31 35 1873 166 400000
31 36 1898 14 400000
31 37 1800 36 400000
31 38 1791 33 400000
32 33 1774 0 400000
32 34 1832 14 400000
32 35 1866 31 400000
32 36 1786 153 400000
32 37 1845 13 400000
32 38 1749 33 400000
33 34 1871 2 400000
33 35 1881 22 400000
33 36 1836 38 400000
33 37 1759 134 400000
33 38 1814 9 400000
34 35 1806 1 400000
34 36 1791 33 400000
34 37 1905 3 400000
34 38 1856 236 400000
35 36 1821 2 400000
35 37 1868 19 400000
35 38 1751 27 400000
36 37 1841 0 400000
36 38 1831 15 400000
37 38 1799 0 400000
39 40 1828 2 400000
39 41 1808 24 400000
39 42 1855 3 400000
39 43 1774 232 400000
39 44 1773 20 400000
39 45 1787 39 400000
39 46 1744 14 400000
39 47 1775 219 400000
39 48 1761 30 400000
39 49 1836 31 400000
39 50 1821 2 400000
39 51 1730 431 400000
40 41 1790 2 400000
40 42 1867 20 400000
40 43 1806 38 400000
40 44 1739 160 400000
40 45 1791 14 400000
40 46 1822 41 400000
40 47 1888 31 400000
40 48 1782 112 400000
40 49 1861 39 400000
40 50 1866 30 400000
40 51 1791 6 400000
41 42 1793 3 400000
41 43 1815 18 400000
41 44 1841 40 400000
41 45 1810 150 400000
41 46 1813 17 400000
41 47 1832 37 400000
41 48 1818 17 400000
41 49 1772 131 400000
41 50 1806 26 400000
41 51 1766 38 400000
42 43 1765 1 400000
42 44 1792 23 400000
42 45 1779 20 400000
42 46 1852 129 400000
42 47 1863 2 400000
42 48 1828 36 400000
42 49 1772 21 400000
42 50 1903 124 400000
42 51 1764 6 400000
43 44 1822 4 400000
43 45 1831 31 400000
43 46 1837 8 400000
43 47 1829 237 400000
43 48 1795 27 400000
43 49 1814 53 400000
43 50 1785 4 400000
43 51 1787 210 400000
44 45 1812 1 400000
44 46 1781 16 400000
44 47 1822 26 400000
44 48 1712 175 400000
44 49 1827 20 400000
44 50 1814 33 400000
44 51 1780 38 400000
45 46 1866 3 400000
45 47 1797 21 400000
45 48 1822 35 400000
45 49 1738 133 400000
45 50 1827 14 400000
45 51 1819 46 400000
46 47 1771 2 400000
46 48 1828 18 400000
46 49 1790 27 400000
46 50 1793 165 400000
46 51 1916 5 400000
47 48 1862 2 400000
47 49 1795 29 400000
47 50 1754 8 400000
47 51 1802 235 400000
48 49 1814 0 400000
48 50 1825 13 400000
48 51 1884 34 400000
49 50 1829 0 400000
49 51 1859 21 400000
50 51 1822 0 400000
