0 1 1833 3 400000
0 2 1830 29 400000
0 3 1857 7 400000
0 4 1720 22 400000
0 5 1852 184 400000
0 6 1889 25 400000
0 7 1844 49 400000
0 8 1843 2 400000
0 9 1798 11 400000
0 10 1807 258 400000
0 11 1881 11 400000
0 12 1777 16 400000
1 2 1840 2 400000
1 3 1795 9 400000
1 4 1836 6 400000
1 5 1805 37 400000
1 6 1749 130 400000
1 7 1880 20 400000
1 8 1821 21 400000
1 9 1884 3 400000
1 10 1718 11 400000
1 11 1826 227 400000
1 12 1881 25 400000
2 3 1809 1 400000
2 4 1803 21 400000
2 5 1754 22 400000
2 6 1860 30 400000
2 7 1849 125 400000
2 8 1878 22 400000
2 9 1861 46 400000
2 10 1854 50 400000
2 11 1840 7 400000
2 12 1827 237 400000
3 4 1764 4 400000
3 5 1811 0 400000
3 6 1766 32 400000
3 7 1795 21 400000
3 8 1748 136 400000
3 9 1836 16 400000
3 10 1858 8 400000
3 11 1830 41 400000
3 12 1771 4 400000
4 5 1771 14 400000
4 6 1852 3 400000
4 7 1863 29 400000
4 8 1837 25 400000
4 9 1793 158 400000
4 10 1746 20 400000
4 11 1773 6 400000
4 12 1822 45 400000
5 6 1725 1 400000
5 7 1828 31 400000
5 8 1785 3 400000
5 9 1848 16 400000
5 10 1796 185 400000
5 11 1809 30 400000
5 12 1824 59 400000
6 7 1820 4 400000
6 8 1825 26 400000
6 9 1888 7 400000
6 10 1889 33 400000
6 11 1792 113 400000
6 12 1775 17 400000
7 8 1890 0 400000
7 9 1839 22 400000
7 10 1762 21 400000
7 11 1884 28 400000
7 12 1783 160 400000
8 9 1822 2 400000
8 10 1816 0 400000
8 11 1787 25 400000
8 12 1841 47 400000
9 10 1704 9 400000
9 11 1782 0 400000
9 12 1829 38 400000
10 11 1842 4 400000
10 12 1696 40 400000
11 12 1875 0 400000
13 14 1761 4 400000
13 15 1744 47 400000
13 16 1792 2 400000
13 17 1779 19 400000
13 18 1808 196 400000
13 19 1836 16 400000
13 20 1784 46 400000
13 21 1732 6 400000
13 22 1845 9 400000
13 23 1892 254 400000
13 24 1843 20 400000
13 25 1833 7 400000
14 15 1730 1 400000
14 16 1760 21 400000
14 17 1720 5 400000
14 18 1788 34 400000
14 19 1776 113 400000
14 20 1805 16 400000
14 21 1787 24 400000
14 22 1799 0 400000
14 23 1781 14 400000
14 24 1798 221 400000
14 25 1822 14 400000
15 16 1771 2 400000
15 17 1782 24 400000
15 18 1748 22 400000
15 19 1775 41 400000
15 20 1856 132 400000
15 21 1801 16 400000
15 22 1773 39 400000
15 23 1835 43 400000
15 24 1762 5 400000
15 25 1798 180 400000
16 17 1838 2 400000
16 18 1744 3 400000
16 19 1798 20 400000
16 20 1809 24 400000
16 21 1831 143 400000
16 22 1784 26 400000
16 23 1773 3 400000
16 24 1759 31 400000
16 25 1814 7 400000
17 18 1874 11 400000
17 19 1795 1 400000
17 20 1927 39 400000
17 21 1809 30 400000
17 22 1756 144 400000
17 23 1810 16 400000
17 24 1780 9 400000
17 25 1839 38 400000
18 19 1839 3 400000
18 20 1754 34 400000
18 21 1846 6 400000
18 22 1841 17 400000
18 23 1853 187 400000
18 24 1830 34 400000
18 25 1805 34 400000
19 20 1776 1 400000
19 21 1791 25 400000
19 22 1765 5 400000
19 23 1903 34 400000
19 24 1856 158 400000
19 25 1843 12 400000
20 21 1873 1 400000
20 22 1921 18 400000
20 23 1805 25 400000
20 24 1789 30 400000
20 25 1837 130 400000
21 22 1873 3 400000
21 23 1837 3 400000
21 24 1852 26 400000
21 25 1773 28 400000
22 23 1768 7 400000
22 24 1738 2 400000
22 25 1780 22 400000
23 24 1830 2 400000
23 25 1857 32 400000
24 25 1769 4 400000
26 27 1845 4 400000
26 28 1822 27 400000
26 29 1782 8 400000
26 30 1770 11 400000
26 31 1753 178 400000
26 32 1811 22 400000
26 33 1762 41 400000
26 34 1828 5 400000
26 35 1834 11 400000
26 36 1864 278 400000
26 37 1844 23 400000
26 38 1802 14 400000
27 28 1779 3 400000
27 29 1778 9 400000
27 30 1795 3 400000
27 31 1848 40 400000
27 32 1886 144 400000
27 33 1906 23 400000
27 34 1823 39 400000
27 35 1856 6 400000
27 36 1812 21 400000
27 37 1892 231 400000
27 38 1784 20 400000
28 29 1798 4 400000
28 30 1811 26 400000
28 31 1876 24 400000
28 32 1826 27 400000
28 33 1769 96 400000
28 34 1793 19 400000
28 35 1770 31 400000
28 36 1806 44 400000
28 37 1806 5 400000
28 38 1821 213 400000
29 30 1773 3 400000
29 31 1845 2 400000
29 32 1831 33 400000
29 33 1844 44 400000
29 34 1878 145 400000
29 35 1821 23 400000
29 36 1831 6 400000
29 37 1756 25 400000
29 38 1837 7 400000
30 31 1779 8 400000
30 32 1751 2 400000
30 33 1787 29 400000
30 34 1862 25 400000
30 35 1744 166 400000
30 36 1865 14 400000
30 37 1777 9 400000
30 38 1832 35 400000
31 32 1822 1 400000
31 33 1883 33 400000
31 34 1765 8 400000
31 35 1873 14 400000
31 36 1898 198 400000
31 37 1800 22 400000
31 38 1791 54 400000
32 33 1774 2 400000
32 34 1832 16 400000
32 35 1866 4 400000
32 36 1786 41 400000
32 37 1845 131 400000
32 38 1749 29 400000
33 34 1871 1 400000
33 35 1881 34 400000
33 36 1836 27 400000
33 37 1759 26 400000
33 38 1814 144 400000
34 35 1806 5 400000
34 36 1791 5 400000
34 37 1905 34 400000
34 38 1856 38 400000
35 36 1821 13 400000
35 37 1868 3 400000
35 38 1751 25 400000
36 37 1841 5 400000
36 38 1831 34 400000
37 38 1799 2 400000
39 40 1828 2 400000
39 41 1808 20 400000
39 42 1855 8 400000
39 43 1774 21 400000
39 44 1773 189 400000
39 45 1787 30 400000
39 46 1744 49 400000
39 47 1775 4 400000
39 48 1761 6 400000
39 49 1836 291 400000
39 50 1821 8 400000
39 51 1730 8 400000
40 41 1790 2 400000
40 42 1867 26 400000
40 43 1806 6 400000
40 44 1739 38 400000
40 45 1791 137 400000
40 46 1822 17 400000
40 47 1888 41 400000
40 48 1782 3 400000
40 49 1861 19 400000
40 50 1866 224 400000
40 51 1791 21 400000
41 42 1793 1 400000
41 43 1815 25 400000
41 44 1841 25 400000
41 45 1810 30 400000
41 46 1813 143 400000
41 47 1832 14 400000
41 48 1818 38 400000
41 49 1772 50 400000
41 50 1806 9 400000
41 51 1766 207 400000
42 43 1765 2 400000
42 44 1792 0 400000
42 45 1779 26 400000
42 46 1852 27 400000
42 47 1863 116 400000
42 48 1828 15 400000
42 49 1772 6 400000
42 50 1903 38 400000
42 51 1764 10 400000
43 44 1822 15 400000
43 45 1831 2 400000
43 46 1837 23 400000
43 47 1829 36 400000
43 48 1795 185 400000
43 49 1814 12 400000
43 50 1785 5 400000
43 51 1787 34 400000
44 45 1812 4 400000
44 46 1781 34 400000
44 47 1822 3 400000
44 48 1712 19 400000
44 49 1827 192 400000
44 50 1814 22 400000
44 51 1780 33 400000
45 46 1866 2 400000
45 47 1797 25 400000
45 48 1822 1 400000
45 49 1738 32 400000
45 50 1827 154 400000
45 51 1819 17 400000
46 47 1771 1 400000
46 48 1828 17 400000
46 49 1790 27 400000
46 50 1793 34 400000
46 51 1916 115 400000
47 48 1862 0 400000
47 49 1795 2 400000
47 50 1754 32 400000
47 51 1802 28 400000
48 49 1814 6 400000
48 50 1825 2 400000
48 51 1884 26 400000
49 50 1829 3 400000
49 51 1859 27 400000
50 51 1822 1 400000
