0 1 1833 187 400000
0 2 1830 184 400000
0 3 1857 165 400000
0 4 1720 148 400000
0 5 1852 127 400000
0 6 1889 146 400000
0 7 1844 150 400000
0 8 1843 135 400000
0 9 1798 149 400000
0 10 1807 168 400000
0 11 1881 231 400000
0 12 1777 317 400000
1 2 1840 307 400000
1 3 1795 210 400000
1 4 1836 217 400000
1 5 1805 170 400000
1 6 1749 162 400000
1 7 1880 159 400000
1 8 1821 136 400000
1 9 1884 166 400000
1 10 1718 165 400000
1 11 1826 194 400000
1 12 1881 273 400000
2 3 1809 327 400000
2 4 1803 263 400000
2 5 1754 232 400000
2 6 1860 216 400000
2 7 1849 190 400000
2 8 1878 208 400000
2 9 1861 192 400000
2 10 1854 201 400000
2 11 1840 198 400000
2 12 1827 266 400000
3 4 1764 376 400000
3 5 1811 287 400000
3 6 1766 267 400000
3 7 1795 255 400000
3 8 1748 197 400000
3 9 1836 173 400000
3 10 1858 184 400000
3 11 1830 204 400000
3 12 1771 232 400000
4 5 1771 420 400000
4 6 1852 335 400000
4 7 1863 282 400000
4 8 1837 243 400000
4 9 1793 241 400000
4 10 1746 217 400000
4 11 1773 225 400000
4 12 1822 212 400000
5 6 1725 383 400000
5 7 1828 317 400000
5 8 1785 303 400000
5 9 1848 229 400000
5 10 1796 214 400000
5 11 1809 225 400000
5 12 1824 238 400000
6 7 1820 441 400000
6 8 1825 359 400000
6 9 1888 328 400000
6 10 1889 270 400000
6 11 1792 218 400000
6 12 1775 228 400000
7 8 1890 505 400000
7 9 1839 357 400000
7 10 1762 305 400000
7 11 1884 271 400000
7 12 1783 277 400000
8 9 1822 467 400000
8 10 1816 356 400000
8 11 1787 295 400000
8 12 1841 265 400000
9 10 1704 438 400000
9 11 1782 369 400000
9 12 1829 342 400000
10 11 1842 474 400000
10 12 1696 352 400000
11 12 1875 560 400000
13 14 1761 395 400000
13 15 1744 308 400000
13 16 1792 274 400000
13 17 1779 227 400000
13 18 1808 215 400000
13 19 1836 222 400000
13 20 1784 228 400000
13 21 1732 233 400000
13 22 1845 256 400000
13 23 1892 291 400000
13 24 1843 343 400000
13 25 1833 424 400000
14 15 1730 421 400000
14 16 1760 330 400000
14 17 1720 260 400000
14 18 1788 237 400000
14 19 1776 220 400000
14 20 1805 218 400000
14 21 1787 212 400000
14 22 1799 204 400000
14 23 1781 219 400000
14 24 1798 236 400000
14 25 1822 314 400000
15 16 1771 449 400000
15 17 1782 325 400000
15 18 1748 271 400000
15 19 1775 242 400000
15 20 1856 260 400000
15 21 1801 214 400000
15 22 1773 219 400000
15 23 1835 212 400000
15 24 1762 227 400000
15 25 1798 253 400000
16 17 1838 498 400000
16 18 1744 347 400000
16 19 1798 281 400000
16 20 1809 284 400000
16 21 1831 248 400000
16 22 1784 219 400000
16 23 1773 247 400000
16 24 1759 225 400000
16 25 1814 227 400000
17 18 1874 462 400000
17 19 1795 368 400000
17 20 1927 322 400000
17 21 1809 240 400000
17 22 1756 225 400000
17 23 1810 201 400000
17 24 1780 187 400000
17 25 1839 224 400000
18 19 1839 480 400000
18 20 1754 392 400000
18 21 1846 298 400000
18 22 1841 299 400000
18 23 1853 234 400000
18 24 1830 202 400000
18 25 1805 194 400000
19 20 1776 483 400000
19 21 1791 383 400000
19 22 1765 307 400000
19 23 1903 240 400000
19 24 1856 274 400000
19 25 1843 222 400000
20 21 1873 541 400000
20 22 1921 397 400000
20 23 1805 307 400000
20 24 1789 261 400000
20 25 1837 210 400000
21 22 1873 482 400000
21 23 1837 354 400000
21 24 1852 319 400000
21 25 1773 246 400000
22 23 1768 443 400000
22 24 1738 370 400000
22 25 1780 294 400000
23 24 1830 448 400000
23 25 1857 364 400000
24 25 1769 443 400000
26 27 1845 333 400000
26 28 1822 278 400000
26 29 1782 242 400000
26 30 1770 216 400000
26 31 1753 204 400000
26 32 1811 194 400000
26 33 1762 187 400000
26 34 1828 217 400000
26 35 1834 235 400000
26 36 1864 259 400000
26 37 1844 303 400000
26 38 1802 354 400000
27 28 1779 359 400000
27 29 1778 251 400000
27 30 1795 213 400000
27 31 1848 206 400000
27 32 1886 185 400000
27 33 1906 169 400000
27 34 1823 182 400000
27 35 1856 200 400000
27 36 1812 239 400000
27 37 1892 221 400000
27 38 1784 282 400000
28 29 1798 391 400000
28 30 1811 315 400000
28 31 1876 260 400000
28 32 1826 240 400000
28 33 1769 185 400000
28 34 1793 166 400000
28 35 1770 180 400000
28 36 1806 179 400000
28 37 1806 206 400000
28 38 1821 214 400000
29 30 1773 382 400000
29 31 1845 323 400000
29 32 1831 291 400000
29 33 1844 249 400000
29 34 1878 202 400000
29 35 1821 203 400000
29 36 1831 200 400000
29 37 1756 191 400000
29 38 1837 196 400000
30 31 1779 384 400000
30 32 1751 311 400000
30 33 1787 267 400000
30 34 1862 220 400000
30 35 1744 228 400000
30 36 1865 202 400000
30 37 1777 177 400000
30 38 1832 199 400000
31 32 1822 421 400000
31 33 1883 346 400000
31 34 1765 262 400000
31 35 1873 253 400000
31 36 1898 230 400000
31 37 1800 197 400000
31 38 1791 191 400000
32 33 1774 411 400000
32 34 1832 319 400000
32 35 1866 262 400000
32 36 1786 238 400000
32 37 1845 196 400000
32 38 1749 194 400000
33 34 1871 446 400000
33 35 1881 303 400000
33 36 1836 287 400000
33 37 1759 212 400000
33 38 1814 229 400000
34 35 1806 411 400000
34 36 1791 320 400000
34 37 1905 273 400000
34 38 1856 216 400000
35 36 1821 422 400000
35 37 1868 316 400000
35 38 1751 259 400000
36 37 1841 418 400000
36 38 1831 303 400000
37 38 1799 401 400000
39 40 1828 362 400000
39 41 1808 286 400000
39 42 1855 233 400000
39 43 1774 213 400000
39 44 1773 200 400000
39 45 1787 180 400000
39 46 1744 209 400000
39 47 1775 212 400000
39 48 1761 231 400000
39 49 1836 249 400000
39 50 1821 272 400000
39 51 1730 360 400000
40 41 1790 395 400000
40 42 1867 292 400000
40 43 1806 258 400000
40 44 1739 216 400000
40 45 1791 196 400000
40 46 1822 217 400000
40 47 1888 193 400000
40 48 1782 173 400000
40 49 1861 208 400000
40 50 1866 220 400000
40 51 1791 251 400000
41 42 1793 391 400000
41 43 1815 300 400000
41 44 1841 252 400000
41 45 1810 244 400000
41 46 1813 201 400000
41 47 1832 196 400000
41 48 1818 182 400000
41 49 1772 191 400000
41 50 1806 232 400000
41 51 1766 224 400000
42 43 1765 400 400000
42 44 1792 313 400000
42 45 1779 288 400000
42 46 1852 258 400000
42 47 1863 183 400000
42 48 1828 174 400000
42 49 1772 208 400000
42 50 1903 215 400000
42 51 1764 167 400000
43 44 1822 406 400000
43 45 1831 305 400000
43 46 1837 280 400000
43 47 1829 233 400000
43 48 1795 217 400000
43 49 1814 214 400000
43 50 1785 184 400000
43 51 1787 175 400000
44 45 1812 457 400000
44 46 1781 361 400000
44 47 1822 307 400000
44 48 1712 219 400000
44 49 1827 200 400000
44 50 1814 179 400000
44 51 1780 206 400000
45 46 1866 431 400000
45 47 1797 313 400000
45 48 1822 277 400000
45 49 1738 204 400000
45 50 1827 199 400000
45 51 1819 184 400000
46 47 1771 409 400000
46 48 1828 380 400000
46 49 1790 287 400000
46 50 1793 215 400000
46 51 1916 208 400000
47 48 1862 446 400000
47 49 1795 304 400000
47 50 1754 254 400000
47 51 1802 242 400000
48 49 1814 392 400000
48 50 1825 325 400000
48 51 1884 261 400000
49 50 1829 449 400000
49 51 1859 311 400000
50 51 1822 412 400000
