0 1 2086 50000
0 2 1389 50000
0 3 1024 50000
0 4 833 50000
0 5 774 50000
0 6 699 50000
0 7 743 50000
0 8 773 50000
0 9 923 50000
0 10 1184 50000
0 11 1884 50000
0 12 4522 50000
0 13 4120 50000
0 14 2384 50000
0 15 1494 50000
0 16 1145 50000
0 17 883 50000
0 18 753 50000
0 19 750 50000
0 20 749 50000
0 21 886 50000
0 22 1056 50000
0 23 1356 50000
0 24 1940 50000
0 25 3272 50000
0 26 4225 50000
0 27 2381 50000
0 28 1528 50000
0 29 1027 50000
0 30 834 50000
0 31 679 50000
0 32 678 50000
0 33 729 50000
0 34 796 50000
0 35 890 50000
0 36 1150 50000
0 37 1581 50000
0 38 2292 50000
0 39 4332 50000
0 40 2429 50000
0 41 1491 50000
0 42 1117 50000
0 43 882 50000
0 44 716 50000
0 45 688 50000
0 46 658 50000
0 47 786 50000
0 48 914 50000
0 49 1162 50000
0 50 1588 50000
0 51 2487 50000
1 2 2614 50000
1 3 1572 50000
1 4 1276 50000
1 5 995 50000
1 6 863 50000
1 7 796 50000
1 8 826 50000
1 9 862 50000
1 10 1005 50000
1 11 1366 50000
1 12 2414 50000
1 13 3527 50000
1 14 4742 50000
1 15 2897 50000
1 16 1778 50000
1 17 1288 50000
1 18 1040 50000
1 19 920 50000
1 20 846 50000
1 21 816 50000
1 22 926 50000
1 23 1084 50000
1 24 1389 50000
1 25 2120 50000
1 26 2632 50000
1 27 4994 50000
1 28 2725 50000
1 29 1648 50000
1 30 1241 50000
1 31 1011 50000
1 32 872 50000
1 33 753 50000
1 34 807 50000
1 35 808 50000
1 36 1005 50000
1 37 1229 50000
1 38 1648 50000
1 39 2621 50000
1 40 5170 50000
1 41 2853 50000
1 42 1815 50000
1 43 1252 50000
1 44 965 50000
1 45 883 50000
1 46 866 50000
1 47 777 50000
1 48 828 50000
1 49 969 50000
1 50 1243 50000
1 51 1624 50000
2 3 3060 50000
2 4 1899 50000
2 5 1436 50000
2 6 1128 50000
2 7 987 50000
2 8 923 50000
2 9 876 50000
2 10 939 50000
2 11 1180 50000
2 12 1724 50000
2 13 2278 50000
2 14 3958 50000
2 15 5251 50000
2 16 3012 50000
2 17 1918 50000
2 18 1401 50000
2 19 1224 50000
2 20 1025 50000
2 21 923 50000
2 22 943 50000
2 23 999 50000
2 24 1202 50000
2 25 1583 50000
2 26 1784 50000
2 27 2974 50000
2 28 5614 50000
2 29 3116 50000
2 30 1935 50000
2 31 1455 50000
2 32 1078 50000
2 33 926 50000
2 34 893 50000
2 35 826 50000
2 36 928 50000
2 37 1026 50000
2 38 1227 50000
2 39 1755 50000
2 40 2889 50000
2 41 5523 50000
2 42 3145 50000
2 43 1982 50000
2 44 1398 50000
2 45 1140 50000
2 46 952 50000
2 47 856 50000
2 48 875 50000
2 49 892 50000
2 50 1028 50000
2 51 1235 50000
3 4 3246 50000
3 5 2087 50000
3 6 1513 50000
3 7 1171 50000
3 8 1030 50000
3 9 970 50000
3 10 900 50000
3 11 996 50000
3 12 1401 50000
3 13 1588 50000
3 14 2433 50000
3 15 4258 50000
3 16 5636 50000
3 17 3260 50000
3 18 2139 50000
3 19 1628 50000
3 20 1224 50000
3 21 1068 50000
3 22 959 50000
3 23 962 50000
3 24 1032 50000
3 25 1196 50000
3 26 1355 50000
3 27 1821 50000
3 28 3242 50000
3 29 5676 50000
3 30 3212 50000
3 31 2058 50000
3 32 1460 50000
3 33 1184 50000
3 34 1013 50000
3 35 913 50000
3 36 886 50000
3 37 933 50000
3 38 1018 50000
3 39 1331 50000
3 40 1820 50000
3 41 3165 50000
3 42 5741 50000
3 43 3309 50000
3 44 2066 50000
3 45 1547 50000
3 46 1266 50000
3 47 1001 50000
3 48 943 50000
3 49 868 50000
3 50 943 50000
3 51 1028 50000
4 5 3442 50000
4 6 2235 50000
4 7 1614 50000
4 8 1305 50000
4 9 1134 50000
4 10 1000 50000
4 11 1025 50000
4 12 1289 50000
4 13 1281 50000
4 14 1783 50000
4 15 2588 50000
4 16 4332 50000
4 17 5816 50000
4 18 3404 50000
4 19 2228 50000
4 20 1597 50000
4 21 1317 50000
4 22 1112 50000
4 23 1053 50000
4 24 979 50000
4 25 1144 50000
4 26 1138 50000
4 27 1413 50000
4 28 2065 50000
4 29 3346 50000
4 30 5803 50000
4 31 3285 50000
4 32 2186 50000
4 33 1548 50000
4 34 1321 50000
4 35 1100 50000
4 36 993 50000
4 37 921 50000
4 38 903 50000
4 39 1127 50000
4 40 1477 50000
4 41 2016 50000
4 42 3399 50000
4 43 6017 50000
4 44 3386 50000
4 45 2211 50000
4 46 1618 50000
4 47 1221 50000
4 48 1106 50000
4 49 951 50000
4 50 907 50000
4 51 951 50000
5 6 3761 50000
5 7 2473 50000
5 8 1709 50000
5 9 1454 50000
5 10 1178 50000
5 11 1048 50000
5 12 1216 50000
5 13 1110 50000
5 14 1358 50000
5 15 1877 50000
5 16 2705 50000
5 17 4623 50000
5 18 5957 50000
5 19 3569 50000
5 20 2304 50000
5 21 1736 50000
5 22 1360 50000
5 23 1174 50000
5 24 1042 50000
5 25 1073 50000
5 26 1013 50000
5 27 1213 50000
5 28 1555 50000
5 29 2141 50000
5 30 3484 50000
5 31 6010 50000
5 32 3533 50000
5 33 2382 50000
5 34 1755 50000
5 35 1324 50000
5 36 1173 50000
5 37 987 50000
5 38 893 50000
5 39 975 50000
5 40 1247 50000
5 41 1492 50000
5 42 2208 50000
5 43 3496 50000
5 44 6104 50000
5 45 3602 50000
5 46 2379 50000
5 47 1691 50000
5 48 1309 50000
5 49 1091 50000
5 50 1012 50000
5 51 906 50000
6 7 4039 50000
6 8 2533 50000
6 9 1915 50000
6 10 1441 50000
6 11 1261 50000
6 12 1240 50000
6 13 1025 50000
6 14 1155 50000
6 15 1410 50000
6 16 1952 50000
6 17 2892 50000
6 18 4855 50000
6 19 6226 50000
6 20 3734 50000
6 21 2403 50000
6 22 1804 50000
6 23 1346 50000
6 24 1150 50000
6 25 1068 50000
6 26 1007 50000
6 27 1071 50000
6 28 1210 50000
6 29 1610 50000
6 30 2195 50000
6 31 3624 50000
6 32 6294 50000
6 33 3701 50000
6 34 2445 50000
6 35 1735 50000
6 36 1318 50000
6 37 1083 50000
6 38 940 50000
6 39 966 50000
6 40 1026 50000
6 41 1284 50000
6 42 1649 50000
6 43 2326 50000
6 44 3688 50000
6 45 6319 50000
6 46 3757 50000
6 47 2429 50000
6 48 1815 50000
6 49 1384 50000
6 50 1114 50000
6 51 971 50000
7 8 4116 50000
7 9 2696 50000
7 10 1862 50000
7 11 1546 50000
7 12 1422 50000
7 13 1137 50000
7 14 1087 50000
7 15 1260 50000
7 16 1534 50000
7 17 2064 50000
7 18 3101 50000
7 19 5024 50000
7 20 6216 50000
7 21 3776 50000
7 22 2563 50000
7 23 1799 50000
7 24 1312 50000
7 25 1158 50000
7 26 994 50000
7 27 1007 50000
7 28 1075 50000
7 29 1297 50000
7 30 1731 50000
7 31 2372 50000
7 32 3825 50000
7 33 6485 50000
7 34 3783 50000
7 35 2394 50000
7 36 1743 50000
7 37 1336 50000
7 38 1007 50000
7 39 1073 50000
7 40 1018 50000
7 41 1135 50000
7 42 1361 50000
7 43 1749 50000
7 44 2499 50000
7 45 3783 50000
7 46 6548 50000
7 47 3865 50000
7 48 2463 50000
7 49 1772 50000
7 50 1348 50000
7 51 1080 50000
8 9 4418 50000
8 10 2849 50000
8 11 2029 50000
8 12 1825 50000
8 13 1178 50000
8 14 1078 50000
8 15 1070 50000
8 16 1207 50000
8 17 1568 50000
8 18 2142 50000
8 19 3155 50000
8 20 5148 50000
8 21 6492 50000
8 22 3908 50000
8 23 2545 50000
8 24 1727 50000
8 25 1335 50000
8 26 1090 50000
8 27 965 50000
8 28 995 50000
8 29 1130 50000
8 30 1324 50000
8 31 1767 50000
8 32 2483 50000
8 33 3842 50000
8 34 6663 50000
8 35 3794 50000
8 36 2404 50000
8 37 1745 50000
8 38 1290 50000
8 39 1151 50000
8 40 949 50000
8 41 1032 50000
8 42 1138 50000
8 43 1392 50000
8 44 1816 50000
8 45 2523 50000
8 46 3899 50000
8 47 6652 50000
8 48 3948 50000
8 49 2477 50000
8 50 1773 50000
8 51 1310 50000
9 10 4719 50000
9 11 2899 50000
9 12 2463 50000
9 13 1325 50000
9 14 1116 50000
9 15 1109 50000
9 16 1163 50000
9 17 1404 50000
9 18 1686 50000
9 19 2303 50000
9 20 3268 50000
9 21 5246 50000
9 22 6553 50000
9 23 4048 50000
9 24 2467 50000
9 25 1686 50000
9 26 1293 50000
9 27 1093 50000
9 28 1024 50000
9 29 1035 50000
9 30 1139 50000
9 31 1417 50000
9 32 1867 50000
9 33 2530 50000
9 34 4011 50000
9 35 6948 50000
9 36 3895 50000
9 37 2440 50000
9 38 1585 50000
9 39 1284 50000
9 40 1103 50000
9 41 971 50000
9 42 1036 50000
9 43 1207 50000
9 44 1387 50000
9 45 1805 50000
9 46 2560 50000
9 47 4004 50000
9 48 6938 50000
9 49 3976 50000
9 50 2520 50000
9 51 1622 50000
10 11 5056 50000
10 12 3909 50000
10 13 1745 50000
10 14 1389 50000
10 15 1166 50000
10 16 1083 50000
10 17 1216 50000
10 18 1383 50000
10 19 1804 50000
10 20 2299 50000
10 21 3368 50000
10 22 5610 50000
10 23 7025 50000
10 24 4018 50000
10 25 2401 50000
10 26 1701 50000
10 27 1193 50000
10 28 1053 50000
10 29 988 50000
10 30 1077 50000
10 31 1208 50000
10 32 1403 50000
10 33 1835 50000
10 34 2673 50000
10 35 4155 50000
10 36 7002 50000
10 37 3882 50000
10 38 2274 50000
10 39 1757 50000
10 40 1271 50000
10 41 1023 50000
10 42 1032 50000
10 43 1094 50000
10 44 1113 50000
10 45 1413 50000
10 46 1937 50000
10 47 2596 50000
10 48 4220 50000
10 49 7326 50000
10 50 4087 50000
10 51 2453 50000
11 12 7969 50000
11 13 2607 50000
11 14 1696 50000
11 15 1319 50000
11 16 1214 50000
11 17 1214 50000
11 18 1191 50000
11 19 1487 50000
11 20 1794 50000
11 21 2366 50000
11 22 3592 50000
11 23 6211 50000
11 24 7528 50000
11 25 3955 50000
11 26 2527 50000
11 27 1563 50000
11 28 1279 50000
11 29 1089 50000
11 30 1015 50000
11 31 1083 50000
11 32 1234 50000
11 33 1443 50000
11 34 1913 50000
11 35 2625 50000
11 36 4296 50000
11 37 7711 50000
11 38 3900 50000
11 39 2555 50000
11 40 1699 50000
11 41 1273 50000
11 42 1120 50000
11 43 1074 50000
11 44 1016 50000
11 45 1222 50000
11 46 1473 50000
11 47 1914 50000
11 48 2797 50000
11 49 4495 50000
11 50 8014 50000
11 51 4109 50000
12 13 5851 50000
12 14 2967 50000
12 15 1983 50000
12 16 1585 50000
12 17 1408 50000
12 18 1266 50000
12 19 1410 50000
12 20 1621 50000
12 21 2077 50000
12 22 3028 50000
12 23 4649 50000
12 24 9122 50000
12 25 12534 50000
12 26 5899 50000
12 27 2952 50000
12 28 1932 50000
12 29 1497 50000
12 30 1258 50000
12 31 1133 50000
12 32 1296 50000
12 33 1402 50000
12 34 1746 50000
12 35 2259 50000
12 36 3511 50000
12 37 6442 50000
12 38 12439 50000
12 39 5945 50000
12 40 2958 50000
12 41 1934 50000
12 42 1515 50000
12 43 1361 50000
12 44 1154 50000
12 45 1273 50000
12 46 1409 50000
12 47 1740 50000
12 48 2344 50000
12 49 3663 50000
12 50 6579 50000
12 51 13063 50000
13 14 4410 50000
13 15 2604 50000
13 16 1828 50000
13 17 1419 50000
13 18 1188 50000
13 19 1125 50000
13 20 1173 50000
13 21 1265 50000
13 22 1500 50000
13 23 2023 50000
13 24 2769 50000
13 25 4788 50000
13 26 5451 50000
13 27 4049 50000
13 28 2503 50000
13 29 1706 50000
13 30 1284 50000
13 31 1124 50000
13 32 1032 50000
13 33 1020 50000
13 34 1090 50000
13 35 1283 50000
13 36 1600 50000
13 37 2211 50000
13 38 3370 50000
13 39 5704 50000
13 40 4410 50000
13 41 2580 50000
13 42 1753 50000
13 43 1326 50000
13 44 1175 50000
13 45 1071 50000
13 46 1079 50000
13 47 1140 50000
13 48 1321 50000
13 49 1649 50000
13 50 2264 50000
13 51 3407 50000
14 15 4445 50000
14 16 2645 50000
14 17 1865 50000
14 18 1345 50000
14 19 1279 50000
14 20 1073 50000
14 21 1090 50000
14 22 1208 50000
14 23 1447 50000
14 24 1807 50000
14 25 2591 50000
14 26 3348 50000
14 27 5583 50000
14 28 4332 50000
14 29 2612 50000
14 30 1689 50000
14 31 1370 50000
14 32 1130 50000
14 33 1033 50000
14 34 1048 50000
14 35 1097 50000
14 36 1248 50000
14 37 1538 50000
14 38 1945 50000
14 39 3136 50000
14 40 5878 50000
14 41 4406 50000
14 42 2666 50000
14 43 1852 50000
14 44 1409 50000
14 45 1180 50000
14 46 1106 50000
14 47 1033 50000
14 48 1118 50000
14 49 1264 50000
14 50 1575 50000
14 51 2004 50000
15 16 4593 50000
15 17 2737 50000
15 18 1896 50000
15 19 1534 50000
15 20 1282 50000
15 21 1082 50000
15 22 1178 50000
15 23 1230 50000
15 24 1374 50000
15 25 1749 50000
15 26 2063 50000
15 27 3276 50000
15 28 5807 50000
15 29 4369 50000
15 30 2720 50000
15 31 1880 50000
15 32 1447 50000
15 33 1222 50000
15 34 1070 50000
15 35 1043 50000
15 36 1069 50000
15 37 1194 50000
15 38 1427 50000
15 39 1966 50000
15 40 3385 50000
15 41 6024 50000
15 42 4568 50000
15 43 2752 50000
15 44 1873 50000
15 45 1459 50000
15 46 1212 50000
15 47 1070 50000
15 48 1039 50000
15 49 1096 50000
15 50 1193 50000
15 51 1452 50000
16 17 4759 50000
16 18 2867 50000
16 19 2068 50000
16 20 1521 50000
16 21 1276 50000
16 22 1231 50000
16 23 1158 50000
16 24 1159 50000
16 25 1348 50000
16 26 1448 50000
16 27 2091 50000
16 28 3369 50000
16 29 5862 50000
16 30 4528 50000
16 31 2774 50000
16 32 1957 50000
16 33 1446 50000
16 34 1326 50000
16 35 1089 50000
16 36 1048 50000
16 37 1087 50000
16 38 1181 50000
16 39 1527 50000
16 40 2110 50000
16 41 3380 50000
16 42 6060 50000
16 43 4628 50000
16 44 2822 50000
16 45 1968 50000
16 46 1552 50000
16 47 1196 50000
16 48 1122 50000
16 49 1066 50000
16 50 1096 50000
16 51 1196 50000
17 18 4842 50000
17 19 2931 50000
17 20 2083 50000
17 21 1616 50000
17 22 1338 50000
17 23 1165 50000
17 24 1106 50000
17 25 1170 50000
17 26 1233 50000
17 27 1582 50000
17 28 2196 50000
17 29 3480 50000
17 30 5816 50000
17 31 4660 50000
17 32 2809 50000
17 33 2010 50000
17 34 1538 50000
17 35 1240 50000
17 36 1091 50000
17 37 1103 50000
17 38 1020 50000
17 39 1241 50000
17 40 1485 50000
17 41 2169 50000
17 42 3555 50000
17 43 6095 50000
17 44 4629 50000
17 45 2760 50000
17 46 2078 50000
17 47 1509 50000
17 48 1283 50000
17 49 1109 50000
17 50 1003 50000
17 51 1011 50000
18 19 4987 50000
18 20 2994 50000
18 21 2047 50000
18 22 1560 50000
18 23 1304 50000
18 24 1134 50000
18 25 1128 50000
18 26 1117 50000
18 27 1137 50000
18 28 1567 50000
18 29 2275 50000
18 30 3539 50000
18 31 5926 50000
18 32 4720 50000
18 33 2864 50000
18 34 2065 50000
18 35 1501 50000
18 36 1218 50000
18 37 1097 50000
18 38 1009 50000
18 39 1042 50000
18 40 1207 50000
18 41 1591 50000
18 42 2243 50000
18 43 3623 50000
18 44 6015 50000
18 45 4897 50000
18 46 2992 50000
18 47 2070 50000
18 48 1618 50000
18 49 1302 50000
18 50 1113 50000
18 51 954 50000
19 20 5006 50000
19 21 3080 50000
19 22 2122 50000
19 23 1638 50000
19 24 1279 50000
19 25 1161 50000
19 26 1051 50000
19 27 1117 50000
19 28 1308 50000
19 29 1644 50000
19 30 2311 50000
19 31 3676 50000
19 32 6061 50000
19 33 4767 50000
19 34 2976 50000
19 35 2103 50000
19 36 1590 50000
19 37 1276 50000
19 38 1010 50000
19 39 1045 50000
19 40 1100 50000
19 41 1330 50000
19 42 1709 50000
19 43 2409 50000
19 44 3665 50000
19 45 6261 50000
19 46 4972 50000
19 47 2943 50000
19 48 2038 50000
19 49 1648 50000
19 50 1264 50000
19 51 1108 50000
20 21 4972 50000
20 22 3120 50000
20 23 2188 50000
20 24 1546 50000
20 25 1240 50000
20 26 1093 50000
20 27 1000 50000
20 28 1118 50000
20 29 1332 50000
20 30 1657 50000
20 31 2385 50000
20 32 3683 50000
20 33 6064 50000
20 34 4926 50000
20 35 2942 50000
20 36 2062 50000
20 37 1527 50000
20 38 1197 50000
20 39 1101 50000
20 40 1041 50000
20 41 1057 50000
20 42 1326 50000
20 43 1779 50000
20 44 2428 50000
20 45 3713 50000
20 46 6343 50000
20 47 4926 50000
20 48 3047 50000
20 49 2160 50000
20 50 1593 50000
20 51 1220 50000
21 22 4928 50000
21 23 3104 50000
21 24 2032 50000
21 25 1523 50000
21 26 1196 50000
21 27 1081 50000
21 28 1049 50000
21 29 1106 50000
21 30 1349 50000
21 31 1689 50000
21 32 2469 50000
21 33 3732 50000
21 34 6187 50000
21 35 4757 50000
21 36 2865 50000
21 37 2025 50000
21 38 1504 50000
21 39 1259 50000
21 40 1036 50000
21 41 1058 50000
21 42 1065 50000
21 43 1353 50000
21 44 1740 50000
21 45 2348 50000
21 46 3618 50000
21 47 6114 50000
21 48 4940 50000
21 49 3005 50000
21 50 2103 50000
21 51 1524 50000
22 23 5056 50000
22 24 2989 50000
22 25 2035 50000
22 26 1456 50000
22 27 1247 50000
22 28 1021 50000
22 29 1059 50000
22 30 1210 50000
22 31 1423 50000
22 32 1659 50000
22 33 2448 50000
22 34 3856 50000
22 35 6027 50000
22 36 4823 50000
22 37 3005 50000
22 38 1938 50000
22 39 1443 50000
22 40 1194 50000
22 41 1053 50000
22 42 1115 50000
22 43 1187 50000
22 44 1404 50000
22 45 1773 50000
22 46 2460 50000
22 47 3832 50000
22 48 6305 50000
22 49 4988 50000
22 50 3132 50000
22 51 1942 50000
23 24 5057 50000
23 25 2914 50000
23 26 1911 50000
23 27 1381 50000
23 28 1175 50000
23 29 1025 50000
23 30 1092 50000
23 31 1199 50000
23 32 1373 50000
23 33 1738 50000
23 34 2490 50000
23 35 3757 50000
23 36 6201 50000
23 37 4876 50000
23 38 2771 50000
23 39 1967 50000
23 40 1385 50000
23 41 1177 50000
23 42 1045 50000
23 43 1096 50000
23 44 1169 50000
23 45 1370 50000
23 46 1775 50000
23 47 2477 50000
23 48 3839 50000
23 49 6450 50000
23 50 5077 50000
23 51 2851 50000
24 25 4731 50000
24 26 2664 50000
24 27 1732 50000
24 28 1323 50000
24 29 1033 50000
24 30 1035 50000
24 31 1031 50000
24 32 1081 50000
24 33 1249 50000
24 34 1718 50000
24 35 2260 50000
24 36 3662 50000
24 37 6113 50000
24 38 4457 50000
24 39 2779 50000
24 40 1804 50000
24 41 1314 50000
24 42 1107 50000
24 43 1015 50000
24 44 1024 50000
24 45 1115 50000
24 46 1304 50000
24 47 1672 50000
24 48 2353 50000
24 49 3704 50000
24 50 6365 50000
24 51 4706 50000
25 26 4678 50000
25 27 2497 50000
25 28 1766 50000
25 29 1316 50000
25 30 1122 50000
25 31 1000 50000
25 32 1020 50000
25 33 1134 50000
25 34 1353 50000
25 35 1611 50000
25 36 2167 50000
25 37 3489 50000
25 38 5392 50000
25 39 4633 50000
25 40 2702 50000
25 41 1770 50000
25 42 1366 50000
25 43 1118 50000
25 44 992 50000
25 45 1003 50000
25 46 1143 50000
25 47 1307 50000
25 48 1613 50000
25 49 2269 50000
25 50 3601 50000
25 51 5906 50000
26 27 3247 50000
26 28 2019 50000
26 29 1417 50000
26 30 1112 50000
26 31 1014 50000
26 32 954 50000
26 33 985 50000
26 34 1006 50000
26 35 1176 50000
26 36 1593 50000
26 37 2128 50000
26 38 3462 50000
26 39 5832 50000
26 40 3221 50000
26 41 1842 50000
26 42 1413 50000
26 43 1207 50000
26 44 988 50000
26 45 952 50000
26 46 967 50000
26 47 1041 50000
26 48 1230 50000
26 49 1540 50000
26 50 2191 50000
26 51 3450 50000
27 28 3355 50000
27 29 2046 50000
27 30 1420 50000
27 31 1116 50000
27 32 976 50000
27 33 924 50000
27 34 941 50000
27 35 952 50000
27 36 1106 50000
27 37 1410 50000
27 38 1929 50000
27 39 3093 50000
27 40 5953 50000
27 41 3332 50000
27 42 2058 50000
27 43 1530 50000
27 44 1201 50000
27 45 1022 50000
27 46 965 50000
27 47 985 50000
27 48 951 50000
27 49 1168 50000
27 50 1466 50000
27 51 1911 50000
28 29 3459 50000
28 30 2090 50000
28 31 1544 50000
28 32 1198 50000
28 33 1046 50000
28 34 966 50000
28 35 932 50000
28 36 991 50000
28 37 1126 50000
28 38 1278 50000
28 39 1996 50000
28 40 3285 50000
28 41 5985 50000
28 42 3445 50000
28 43 2129 50000
28 44 1531 50000
28 45 1254 50000
28 46 1100 50000
28 47 961 50000
28 48 956 50000
28 49 1067 50000
28 50 1181 50000
28 51 1370 50000
29 30 3555 50000
29 31 2121 50000
29 32 1529 50000
29 33 1264 50000
29 34 1102 50000
29 35 986 50000
29 36 975 50000
29 37 991 50000
29 38 1081 50000
29 39 1425 50000
29 40 2040 50000
29 41 3407 50000
29 42 6152 50000
29 43 3493 50000
29 44 2189 50000
29 45 1608 50000
29 46 1283 50000
29 47 1094 50000
29 48 998 50000
29 49 979 50000
29 50 1023 50000
29 51 1127 50000
30 31 3592 50000
30 32 2221 50000
30 33 1663 50000
30 34 1298 50000
30 35 1072 50000
30 36 1018 50000
30 37 894 50000
30 38 903 50000
30 39 1140 50000
30 40 1428 50000
30 41 2086 50000
30 42 3484 50000
30 43 6217 50000
30 44 3493 50000
30 45 2239 50000
30 46 1665 50000
30 47 1290 50000
30 48 1080 50000
30 49 1013 50000
30 50 990 50000
30 51 939 50000
31 32 3650 50000
31 33 2354 50000
31 34 1721 50000
31 35 1275 50000
31 36 1064 50000
31 37 953 50000
31 38 905 50000
31 39 960 50000
31 40 1148 50000
31 41 1511 50000
31 42 2195 50000
31 43 3645 50000
31 44 6066 50000
31 45 3563 50000
31 46 2385 50000
31 47 1672 50000
31 48 1336 50000
31 49 1123 50000
31 50 961 50000
31 51 939 50000
32 33 3748 50000
32 34 2409 50000
32 35 1678 50000
32 36 1340 50000
32 37 1111 50000
32 38 861 50000
32 39 934 50000
32 40 959 50000
32 41 1203 50000
32 42 1518 50000
32 43 2371 50000
32 44 3480 50000
32 45 6438 50000
32 46 3746 50000
32 47 2390 50000
32 48 1791 50000
32 49 1318 50000
32 50 1144 50000
32 51 990 50000
33 34 3832 50000
33 35 2424 50000
33 36 1699 50000
33 37 1262 50000
33 38 1019 50000
33 39 950 50000
33 40 979 50000
33 41 1064 50000
33 42 1277 50000
33 43 1753 50000
33 44 2291 50000
33 45 3650 50000
33 46 6375 50000
33 47 3739 50000
33 48 2355 50000
33 49 1684 50000
33 50 1319 50000
33 51 1050 50000
34 35 3862 50000
34 36 2337 50000
34 37 1693 50000
34 38 1198 50000
34 39 1126 50000
34 40 950 50000
34 41 992 50000
34 42 1128 50000
34 43 1355 50000
34 44 1756 50000
34 45 2382 50000
34 46 3757 50000
34 47 6380 50000
34 48 3731 50000
34 49 2449 50000
34 50 1736 50000
34 51 1179 50000
35 36 3909 50000
35 37 2337 50000
35 38 1597 50000
35 39 1278 50000
35 40 995 50000
35 41 1017 50000
35 42 930 50000
35 43 1077 50000
35 44 1262 50000
35 45 1712 50000
35 46 2354 50000
35 47 3627 50000
35 48 6290 50000
35 49 3697 50000
35 50 2312 50000
35 51 1584 50000
36 37 3790 50000
36 38 2218 50000
36 39 1554 50000
36 40 1177 50000
36 41 988 50000
36 42 956 50000
36 43 971 50000
36 44 1146 50000
36 45 1307 50000
36 46 1717 50000
36 47 2335 50000
36 48 3636 50000
36 49 6423 50000
36 50 3686 50000
36 51 2128 50000
37 38 3591 50000
37 39 2122 50000
37 40 1445 50000
37 41 1177 50000
37 42 989 50000
37 43 985 50000
37 44 1079 50000
37 45 1083 50000
37 46 1343 50000
37 47 1690 50000
37 48 2382 50000
37 49 3698 50000
37 50 6491 50000
37 51 3479 50000
38 39 3361 50000
38 40 2002 50000
38 41 1346 50000
38 42 1128 50000
38 43 933 50000
38 44 880 50000
38 45 877 50000
38 46 1065 50000
38 47 1284 50000
38 48 1591 50000
38 49 2114 50000
38 50 3349 50000
38 51 5658 50000
39 40 3350 50000
39 41 2038 50000
39 42 1492 50000
39 43 1199 50000
39 44 987 50000
39 45 938 50000
39 46 969 50000
39 47 1053 50000
39 48 1248 50000
39 49 1606 50000
39 50 2320 50000
39 51 3750 50000
40 41 3508 50000
40 42 2113 50000
40 43 1576 50000
40 44 1182 50000
40 45 1056 50000
40 46 941 50000
40 47 923 50000
40 48 1061 50000
40 49 1189 50000
40 50 1472 50000
40 51 2087 50000
41 42 3629 50000
41 43 2211 50000
41 44 1535 50000
41 45 1258 50000
41 46 1007 50000
41 47 941 50000
41 48 1031 50000
41 49 997 50000
41 50 1142 50000
41 51 1411 50000
42 43 3728 50000
42 44 2153 50000
42 45 1591 50000
42 46 1270 50000
42 47 1127 50000
42 48 989 50000
42 49 981 50000
42 50 1025 50000
42 51 1133 50000
43 44 3741 50000
43 45 2373 50000
43 46 1746 50000
43 47 1357 50000
43 48 1135 50000
43 49 1019 50000
43 50 1037 50000
43 51 936 50000
44 45 3746 50000
44 46 2410 50000
44 47 1717 50000
44 48 1335 50000
44 49 1133 50000
44 50 1010 50000
44 51 887 50000
45 46 3876 50000
45 47 2474 50000
45 48 1762 50000
45 49 1305 50000
45 50 1087 50000
45 51 951 50000
46 47 3884 50000
46 48 2449 50000
46 49 1732 50000
46 50 1384 50000
46 51 1041 50000
47 48 3896 50000
47 49 2412 50000
47 50 1723 50000
47 51 1270 50000
48 49 3970 50000
48 50 2459 50000
48 51 1646 50000
49 50 3973 50000
49 51 2298 50000
50 51 3848 50000
