0 1 2053 50000
0 2 1383 50000
0 3 963 50000
0 4 876 50000
0 5 701 50000
0 6 717 50000
0 7 724 50000
0 8 762 50000
0 9 915 50000
0 10 1245 50000
0 11 1792 50000
0 12 4488 50000
0 13 4016 50000
0 14 2387 50000
0 15 1545 50000
0 16 1160 50000
0 17 842 50000
0 18 766 50000
0 19 707 50000
0 20 748 50000
0 21 849 50000
0 22 1030 50000
0 23 1284 50000
0 24 1924 50000
0 25 3349 50000
0 26 4248 50000
0 27 2405 50000
0 28 1432 50000
0 29 1045 50000
0 30 832 50000
0 31 737 50000
0 32 704 50000
0 33 701 50000
0 34 757 50000
0 35 893 50000
0 36 1101 50000
0 37 1560 50000
0 38 2381 50000
0 39 4310 50000
0 40 2449 50000
0 41 1517 50000
0 42 1076 50000
0 43 878 50000
0 44 773 50000
0 45 693 50000
0 46 702 50000
0 47 738 50000
0 48 901 50000
0 49 1083 50000
0 50 1480 50000
0 51 2458 50000
1 2 2716 50000
1 3 1664 50000
1 4 1206 50000
1 5 1024 50000
1 6 888 50000
1 7 821 50000
1 8 830 50000
1 9 902 50000
1 10 1040 50000
1 11 1379 50000
1 12 2487 50000
1 13 3591 50000
1 14 5008 50000
1 15 2914 50000
1 16 1770 50000
1 17 1302 50000
1 18 1031 50000
1 19 883 50000
1 20 902 50000
1 21 880 50000
1 22 1004 50000
1 23 1170 50000
1 24 1422 50000
1 25 2219 50000
1 26 2703 50000
1 27 5141 50000
1 28 2859 50000
1 29 1741 50000
1 30 1283 50000
1 31 966 50000
1 32 866 50000
1 33 809 50000
1 34 769 50000
1 35 847 50000
1 36 1030 50000
1 37 1251 50000
1 38 1678 50000
1 39 2658 50000
1 40 5184 50000
1 41 2790 50000
1 42 1819 50000
1 43 1294 50000
1 44 1002 50000
1 45 860 50000
1 46 814 50000
1 47 814 50000
1 48 816 50000
1 49 1020 50000
1 50 1230 50000
1 51 1685 50000
2 3 3078 50000
2 4 1959 50000
2 5 1374 50000
2 6 1123 50000
2 7 1017 50000
2 8 886 50000
2 9 899 50000
2 10 1008 50000
2 11 1123 50000
2 12 1729 50000
2 13 2232 50000
2 14 3941 50000
2 15 5243 50000
2 16 3064 50000
2 17 1973 50000
2 18 1436 50000
2 19 1193 50000
2 20 1023 50000
2 21 940 50000
2 22 984 50000
2 23 981 50000
2 24 1172 50000
2 25 1538 50000
2 26 1771 50000
2 27 2962 50000
2 28 5422 50000
2 29 3069 50000
2 30 1938 50000
2 31 1359 50000
2 32 1190 50000
2 33 920 50000
2 34 829 50000
2 35 848 50000
2 36 940 50000
2 37 1033 50000
2 38 1252 50000
2 39 1830 50000
2 40 3001 50000
2 41 5529 50000
2 42 3155 50000
2 43 2043 50000
2 44 1385 50000
2 45 1087 50000
2 46 963 50000
2 47 852 50000
2 48 864 50000
2 49 904 50000
2 50 1027 50000
2 51 1236 50000
3 4 3379 50000
3 5 2118 50000
3 6 1590 50000
3 7 1262 50000
3 8 1086 50000
3 9 999 50000
3 10 1000 50000
3 11 974 50000
3 12 1418 50000
3 13 1621 50000
3 14 2426 50000
3 15 4214 50000
3 16 5595 50000
3 17 3319 50000
3 18 2070 50000
3 19 1547 50000
3 20 1302 50000
3 21 1067 50000
3 22 993 50000
3 23 1015 50000
3 24 1064 50000
3 25 1249 50000
3 26 1352 50000
3 27 1936 50000
3 28 3213 50000
3 29 5562 50000
3 30 3252 50000
3 31 2049 50000
3 32 1488 50000
3 33 1180 50000
3 34 1046 50000
3 35 948 50000
3 36 921 50000
3 37 950 50000
3 38 1094 50000
3 39 1369 50000
3 40 1941 50000
3 41 3192 50000
3 42 5765 50000
3 43 3362 50000
3 44 2073 50000
3 45 1566 50000
3 46 1203 50000
3 47 1037 50000
3 48 915 50000
3 49 941 50000
3 50 985 50000
3 51 1096 50000
4 5 3616 50000
4 6 2221 50000
4 7 1668 50000
4 8 1393 50000
4 9 1132 50000
4 10 1037 50000
4 11 1021 50000
4 12 1239 50000
4 13 1300 50000
4 14 1727 50000
4 15 2683 50000
4 16 4496 50000
4 17 5717 50000
4 18 3399 50000
4 19 2307 50000
4 20 1660 50000
4 21 1331 50000
4 22 1105 50000
4 23 1088 50000
4 24 975 50000
4 25 1145 50000
4 26 1124 50000
4 27 1455 50000
4 28 2021 50000
4 29 3285 50000
4 30 5877 50000
4 31 3290 50000
4 32 2175 50000
4 33 1606 50000
4 34 1244 50000
4 35 1086 50000
4 36 988 50000
4 37 934 50000
4 38 918 50000
4 39 1120 50000
4 40 1464 50000
4 41 2052 50000
4 42 3364 50000
4 43 6047 50000
4 44 3382 50000
4 45 2215 50000
4 46 1607 50000
4 47 1338 50000
4 48 1062 50000
4 49 984 50000
4 50 948 50000
4 51 941 50000
5 6 3742 50000
5 7 2435 50000
5 8 1768 50000
5 9 1447 50000
5 10 1188 50000
5 11 1076 50000
5 12 1215 50000
5 13 1163 50000
5 14 1335 50000
5 15 1922 50000
5 16 2759 50000
5 17 4643 50000
5 18 5869 50000
5 19 3498 50000
5 20 2328 50000
5 21 1772 50000
5 22 1319 50000
5 23 1171 50000
5 24 1071 50000
5 25 1001 50000
5 26 1003 50000
5 27 1161 50000
5 28 1528 50000
5 29 2077 50000
5 30 3549 50000
5 31 5958 50000
5 32 3602 50000
5 33 2448 50000
5 34 1736 50000
5 35 1343 50000
5 36 1113 50000
5 37 998 50000
5 38 967 50000
5 39 994 50000
5 40 1185 50000
5 41 1530 50000
5 42 2208 50000
5 43 3523 50000
5 44 6166 50000
5 45 3617 50000
5 46 2361 50000
5 47 1652 50000
5 48 1305 50000
5 49 1184 50000
5 50 1052 50000
5 51 919 50000
6 7 3932 50000
6 8 2545 50000
6 9 1830 50000
6 10 1470 50000
6 11 1209 50000
6 12 1267 50000
6 13 1064 50000
6 14 1190 50000
6 15 1495 50000
6 16 2031 50000
6 17 2782 50000
6 18 4722 50000
6 19 5914 50000
6 20 3631 50000
6 21 2362 50000
6 22 1766 50000
6 23 1359 50000
6 24 1097 50000
6 25 1011 50000
6 26 910 50000
6 27 1062 50000
6 28 1203 50000
6 29 1656 50000
6 30 2318 50000
6 31 3561 50000
6 32 6196 50000
6 33 3656 50000
6 34 2367 50000
6 35 1719 50000
6 36 1373 50000
6 37 1136 50000
6 38 972 50000
6 39 1010 50000
6 40 1025 50000
6 41 1258 50000
6 42 1662 50000
6 43 2386 50000
6 44 3646 50000
6 45 6283 50000
6 46 3808 50000
6 47 2403 50000
6 48 1670 50000
6 49 1391 50000
6 50 1146 50000
6 51 923 50000
7 8 4198 50000
7 9 2632 50000
7 10 1882 50000
7 11 1562 50000
7 12 1493 50000
7 13 1037 50000
7 14 1078 50000
7 15 1300 50000
7 16 1486 50000
7 17 2123 50000
7 18 2963 50000
7 19 4899 50000
7 20 6301 50000
7 21 3849 50000
7 22 2470 50000
7 23 1829 50000
7 24 1458 50000
7 25 1187 50000
7 26 1033 50000
7 27 1019 50000
7 28 1126 50000
7 29 1329 50000
7 30 1706 50000
7 31 2367 50000
7 32 3838 50000
7 33 6424 50000
7 34 3837 50000
7 35 2392 50000
7 36 1758 50000
7 37 1347 50000
7 38 1045 50000
7 39 1006 50000
7 40 965 50000
7 41 1090 50000
7 42 1304 50000
7 43 1807 50000
7 44 2390 50000
7 45 3816 50000
7 46 6600 50000
7 47 3804 50000
7 48 2449 50000
7 49 1865 50000
7 50 1376 50000
7 51 1049 50000
8 9 4369 50000
8 10 2720 50000
8 11 2010 50000
8 12 1765 50000
8 13 1198 50000
8 14 1092 50000
8 15 1139 50000
8 16 1310 50000
8 17 1558 50000
8 18 2159 50000
8 19 3138 50000
8 20 5105 50000
8 21 6524 50000
8 22 3933 50000
8 23 2498 50000
8 24 1740 50000
8 25 1363 50000
8 26 1128 50000
8 27 968 50000
8 28 1025 50000
8 29 1168 50000
8 30 1386 50000
8 31 1663 50000
8 32 2570 50000
8 33 3930 50000
8 34 6664 50000
8 35 3963 50000
8 36 2459 50000
8 37 1726 50000
8 38 1262 50000
8 39 1103 50000
8 40 1000 50000
8 41 1052 50000
8 42 1171 50000
8 43 1375 50000
8 44 1722 50000
8 45 2483 50000
8 46 3899 50000
8 47 6744 50000
8 48 3921 50000
8 49 2543 50000
8 50 1825 50000
8 51 1283 50000
9 10 4615 50000
9 11 2930 50000
9 12 2464 50000
9 13 1371 50000
9 14 1184 50000
9 15 1100 50000
9 16 1139 50000
9 17 1322 50000
9 18 1704 50000
9 19 2183 50000
9 20 3147 50000
9 21 5341 50000
9 22 6749 50000
9 23 3976 50000
9 24 2484 50000
9 25 1707 50000
9 26 1309 50000
9 27 1079 50000
9 28 1018 50000
9 29 1063 50000
9 30 1154 50000
9 31 1430 50000
9 32 1892 50000
9 33 2576 50000
9 34 3994 50000
9 35 6876 50000
9 36 3954 50000
9 37 2464 50000
9 38 1659 50000
9 39 1308 50000
9 40 1102 50000
9 41 1071 50000
9 42 1004 50000
9 43 1240 50000
9 44 1392 50000
9 45 1895 50000
9 46 2498 50000
9 47 4015 50000
9 48 6964 50000
9 49 4008 50000
9 50 2531 50000
9 51 1680 50000
10 11 4880 50000
10 12 3875 50000
10 13 1744 50000
10 14 1267 50000
10 15 1155 50000
10 16 1113 50000
10 17 1188 50000
10 18 1327 50000
10 19 1738 50000
10 20 2348 50000
10 21 3403 50000
10 22 5572 50000
10 23 7037 50000
10 24 4050 50000
10 25 2443 50000
10 26 1681 50000
10 27 1280 50000
10 28 1059 50000
10 29 1032 50000
10 30 1023 50000
10 31 1162 50000
10 32 1465 50000
10 33 1896 50000
10 34 2570 50000
10 35 4191 50000
10 36 7195 50000
10 37 4024 50000
10 38 2281 50000
10 39 1817 50000
10 40 1286 50000
10 41 1069 50000
10 42 1024 50000
10 43 1117 50000
10 44 1266 50000
10 45 1402 50000
10 46 1863 50000
10 47 2647 50000
10 48 4143 50000
10 49 7319 50000
10 50 4112 50000
10 51 2376 50000
11 12 7672 50000
11 13 2533 50000
11 14 1677 50000
11 15 1293 50000
11 16 1133 50000
11 17 1106 50000
11 18 1167 50000
11 19 1414 50000
11 20 1721 50000
11 21 2364 50000
11 22 3577 50000
11 23 5937 50000
11 24 7491 50000
11 25 3812 50000
11 26 2438 50000
11 27 1612 50000
11 28 1285 50000
11 29 1035 50000
11 30 998 50000
11 31 1076 50000
11 32 1181 50000
11 33 1452 50000
11 34 1928 50000
11 35 2702 50000
11 36 4306 50000
11 37 7720 50000
11 38 3721 50000
11 39 2628 50000
11 40 1690 50000
11 41 1336 50000
11 42 1093 50000
11 43 1056 50000
11 44 1097 50000
11 45 1173 50000
11 46 1478 50000
11 47 1911 50000
11 48 2723 50000
11 49 4392 50000
11 50 7958 50000
11 51 3967 50000
12 13 5798 50000
12 14 3053 50000
12 15 1985 50000
12 16 1498 50000
12 17 1361 50000
12 18 1343 50000
12 19 1392 50000
12 20 1683 50000
12 21 2049 50000
12 22 3026 50000
12 23 4692 50000
12 24 9244 50000
12 25 12540 50000
12 26 5840 50000
12 27 2930 50000
12 28 1875 50000
12 29 1447 50000
12 30 1243 50000
12 31 1212 50000
12 32 1260 50000
12 33 1404 50000
12 34 1748 50000
12 35 2371 50000
12 36 3494 50000
12 37 6458 50000
12 38 12354 50000
12 39 6030 50000
12 40 3066 50000
12 41 1965 50000
12 42 1525 50000
12 43 1282 50000
12 44 1143 50000
12 45 1288 50000
12 46 1471 50000
12 47 1727 50000
12 48 2332 50000
12 49 3572 50000
12 50 6462 50000
12 51 13113 50000
13 14 4310 50000
13 15 2603 50000
13 16 1775 50000
13 17 1332 50000
13 18 1224 50000
13 19 1064 50000
13 20 1096 50000
13 21 1214 50000
13 22 1506 50000
13 23 1945 50000
13 24 2805 50000
13 25 4640 50000
13 26 5450 50000
13 27 4141 50000
13 28 2454 50000
13 29 1611 50000
13 30 1300 50000
13 31 1109 50000
13 32 1037 50000
13 33 983 50000
13 34 1089 50000
13 35 1263 50000
13 36 1599 50000
13 37 2131 50000
13 38 3285 50000
13 39 5695 50000
13 40 4244 50000
13 41 2450 50000
13 42 1728 50000
13 43 1404 50000
13 44 1106 50000
13 45 1031 50000
13 46 1040 50000
13 47 1142 50000
13 48 1246 50000
13 49 1645 50000
13 50 2196 50000
13 51 3369 50000
14 15 4538 50000
14 16 2763 50000
14 17 1833 50000
14 18 1443 50000
14 19 1193 50000
14 20 1110 50000
14 21 1097 50000
14 22 1256 50000
14 23 1493 50000
14 24 1796 50000
14 25 2600 50000
14 26 3126 50000
14 27 5658 50000
14 28 4283 50000
14 29 2501 50000
14 30 1820 50000
14 31 1365 50000
14 32 1128 50000
14 33 1082 50000
14 34 1068 50000
14 35 1102 50000
14 36 1283 50000
14 37 1476 50000
14 38 1994 50000
14 39 3190 50000
14 40 5855 50000
14 41 4632 50000
14 42 2708 50000
14 43 1881 50000
14 44 1381 50000
14 45 1263 50000
14 46 1086 50000
14 47 1018 50000
14 48 1004 50000
14 49 1224 50000
14 50 1516 50000
14 51 2088 50000
15 16 4639 50000
15 17 2819 50000
15 18 2012 50000
15 19 1488 50000
15 20 1315 50000
15 21 1175 50000
15 22 1115 50000
15 23 1191 50000
15 24 1377 50000
15 25 1807 50000
15 26 2011 50000
15 27 3265 50000
15 28 5688 50000
15 29 4436 50000
15 30 2689 50000
15 31 1835 50000
15 32 1402 50000
15 33 1213 50000
15 34 1053 50000
15 35 1039 50000
15 36 1107 50000
15 37 1178 50000
15 38 1444 50000
15 39 2112 50000
15 40 3348 50000
15 41 5928 50000
15 42 4565 50000
15 43 2839 50000
15 44 1914 50000
15 45 1530 50000
15 46 1173 50000
15 47 1095 50000
15 48 1023 50000
15 49 1109 50000
15 50 1194 50000
15 51 1497 50000
16 17 4722 50000
16 18 2816 50000
16 19 1949 50000
16 20 1550 50000
16 21 1316 50000
16 22 1150 50000
16 23 1116 50000
16 24 1197 50000
16 25 1332 50000
16 26 1512 50000
16 27 2197 50000
16 28 3382 50000
16 29 5659 50000
16 30 4561 50000
16 31 2688 50000
16 32 1926 50000
16 33 1494 50000
16 34 1242 50000
16 35 1130 50000
16 36 1036 50000
16 37 1088 50000
16 38 1182 50000
16 39 1456 50000
16 40 2176 50000
16 41 3432 50000
16 42 6017 50000
16 43 4751 50000
16 44 2807 50000
16 45 1932 50000
16 46 1483 50000
16 47 1259 50000
16 48 1077 50000
16 49 1051 50000
16 50 1095 50000
16 51 1151 50000
17 18 4737 50000
17 19 2956 50000
17 20 2063 50000
17 21 1580 50000
17 22 1317 50000
17 23 1129 50000
17 24 1097 50000
17 25 1116 50000
17 26 1246 50000
17 27 1573 50000
17 28 2157 50000
17 29 3373 50000
17 30 5844 50000
17 31 4547 50000
17 32 2877 50000
17 33 1992 50000
17 34 1554 50000
17 35 1231 50000
17 36 1094 50000
17 37 1020 50000
17 38 980 50000
17 39 1195 50000
17 40 1486 50000
17 41 2152 50000
17 42 3459 50000
17 43 6075 50000
17 44 4646 50000
17 45 2930 50000
17 46 1922 50000
17 47 1518 50000
17 48 1265 50000
17 49 1115 50000
17 50 993 50000
17 51 1008 50000
18 19 4776 50000
18 20 2912 50000
18 21 2078 50000
18 22 1543 50000
18 23 1326 50000
18 24 1068 50000
18 25 1072 50000
18 26 1086 50000
18 27 1261 50000
18 28 1644 50000
18 29 2221 50000
18 30 3561 50000
18 31 5887 50000
18 32 4690 50000
18 33 2850 50000
18 34 2026 50000
18 35 1521 50000
18 36 1287 50000
18 37 1068 50000
18 38 1023 50000
18 39 1099 50000
18 40 1207 50000
18 41 1607 50000
18 42 2263 50000
18 43 3702 50000
18 44 6024 50000
18 45 4840 50000
18 46 3033 50000
18 47 2060 50000
18 48 1500 50000
18 49 1263 50000
18 50 1051 50000
18 51 1000 50000
19 20 4859 50000
19 21 3017 50000
19 22 2148 50000
19 23 1608 50000
19 24 1272 50000
19 25 1116 50000
19 26 997 50000
19 27 1077 50000
19 28 1299 50000
19 29 1673 50000
19 30 2333 50000
19 31 3516 50000
19 32 5893 50000
19 33 4846 50000
19 34 2906 50000
19 35 2015 50000
19 36 1549 50000
19 37 1248 50000
19 38 1049 50000
19 39 1042 50000
19 40 1051 50000
19 41 1316 50000
19 42 1666 50000
19 43 2380 50000
19 44 3638 50000
19 45 6259 50000
19 46 4796 50000
19 47 2955 50000
19 48 2041 50000
19 49 1627 50000
19 50 1296 50000
19 51 1016 50000
20 21 4941 50000
20 22 2999 50000
20 23 2083 50000
20 24 1589 50000
20 25 1237 50000
20 26 1111 50000
20 27 1001 50000
20 28 1063 50000
20 29 1258 50000
20 30 1698 50000
20 31 2319 50000
20 32 3590 50000
20 33 5945 50000
20 34 4761 50000
20 35 2915 50000
20 36 2047 50000
20 37 1552 50000
20 38 1175 50000
20 39 1094 50000
20 40 1058 50000
20 41 1103 50000
20 42 1323 50000
20 43 1713 50000
20 44 2365 50000
20 45 3655 50000
20 46 6238 50000
20 47 4772 50000
20 48 2929 50000
20 49 2147 50000
20 50 1541 50000
20 51 1136 50000
21 22 5008 50000
21 23 3172 50000
21 24 2028 50000
21 25 1523 50000
21 26 1259 50000
21 27 1010 50000
21 28 1060 50000
21 29 1147 50000
21 30 1321 50000
21 31 1673 50000
21 32 2432 50000
21 33 3851 50000
21 34 6215 50000
21 35 4940 50000
21 36 2922 50000
21 37 2077 50000
21 38 1486 50000
21 39 1174 50000
21 40 1022 50000
21 41 1005 50000
21 42 1157 50000
21 43 1369 50000
21 44 1709 50000
21 45 2424 50000
21 46 3725 50000
21 47 6339 50000
21 48 4908 50000
21 49 3093 50000
21 50 2095 50000
21 51 1450 50000
22 23 5036 50000
22 24 3013 50000
22 25 2007 50000
22 26 1439 50000
22 27 1161 50000
22 28 1036 50000
22 29 1049 50000
22 30 1178 50000
22 31 1347 50000
22 32 1747 50000
22 33 2486 50000
22 34 3741 50000
22 35 6250 50000
22 36 4887 50000
22 37 2956 50000
22 38 1843 50000
22 39 1489 50000
22 40 1181 50000
22 41 1054 50000
22 42 1039 50000
22 43 1210 50000
22 44 1314 50000
22 45 1715 50000
22 46 2403 50000
22 47 3781 50000
22 48 6380 50000
22 49 5104 50000
22 50 3063 50000
22 51 1939 50000
23 24 4997 50000
23 25 2866 50000
23 26 1920 50000
23 27 1352 50000
23 28 1123 50000
23 29 1027 50000
23 30 1065 50000
23 31 1120 50000
23 32 1372 50000
23 33 1755 50000
23 34 2450 50000
23 35 3735 50000
23 36 6208 50000
23 37 4883 50000
23 38 2782 50000
23 39 1927 50000
23 40 1409 50000
23 41 1140 50000
23 42 1044 50000
23 43 1042 50000
23 44 1129 50000
23 45 1382 50000
23 46 1757 50000
23 47 2390 50000
23 48 3714 50000
23 49 6446 50000
23 50 4943 50000
23 51 2906 50000
24 25 4836 50000
24 26 2735 50000
24 27 1812 50000
24 28 1329 50000
24 29 1112 50000
24 30 914 50000
24 31 1053 50000
24 32 1162 50000
24 33 1340 50000
24 34 1733 50000
24 35 2331 50000
24 36 3665 50000
24 37 6063 50000
24 38 4556 50000
24 39 2785 50000
24 40 1814 50000
24 41 1336 50000
24 42 1134 50000
24 43 1063 50000
24 44 1044 50000
24 45 1058 50000
24 46 1314 50000
24 47 1761 50000
24 48 2376 50000
24 49 3804 50000
24 50 6287 50000
24 51 4589 50000
25 26 4625 50000
25 27 2450 50000
25 28 1679 50000
25 29 1258 50000
25 30 1149 50000
25 31 981 50000
25 32 1006 50000
25 33 1174 50000
25 34 1272 50000
25 35 1573 50000
25 36 2209 50000
25 37 3534 50000
25 38 5460 50000
25 39 4831 50000
25 40 2665 50000
25 41 1740 50000
25 42 1255 50000
25 43 1144 50000
25 44 1025 50000
25 45 1006 50000
25 46 1109 50000
25 47 1316 50000
25 48 1563 50000
25 49 2281 50000
25 50 3491 50000
25 51 5876 50000
26 27 3272 50000
26 28 1901 50000
26 29 1395 50000
26 30 1196 50000
26 31 955 50000
26 32 974 50000
26 33 941 50000
26 34 1013 50000
26 35 1213 50000
26 36 1517 50000
26 37 2268 50000
26 38 3527 50000
26 39 5841 50000
26 40 3220 50000
26 41 1986 50000
26 42 1400 50000
26 43 1115 50000
26 44 982 50000
26 45 955 50000
26 46 975 50000
26 47 1124 50000
26 48 1209 50000
26 49 1593 50000
26 50 2129 50000
26 51 3331 50000
27 28 3426 50000
27 29 2066 50000
27 30 1474 50000
27 31 1197 50000
27 32 1013 50000
27 33 943 50000
27 34 871 50000
27 35 1005 50000
27 36 1162 50000
27 37 1404 50000
27 38 1898 50000
27 39 3040 50000
27 40 5940 50000
27 41 3306 50000
27 42 2101 50000
27 43 1578 50000
27 44 1221 50000
27 45 998 50000
27 46 942 50000
27 47 999 50000
27 48 995 50000
27 49 1198 50000
27 50 1391 50000
27 51 1953 50000
28 29 3484 50000
28 30 2116 50000
28 31 1490 50000
28 32 1221 50000
28 33 1016 50000
28 34 996 50000
28 35 934 50000
28 36 975 50000
28 37 1137 50000
28 38 1288 50000
28 39 1926 50000
28 40 3246 50000
28 41 5999 50000
28 42 3385 50000
28 43 2173 50000
28 44 1501 50000
28 45 1214 50000
28 46 1023 50000
28 47 945 50000
28 48 953 50000
28 49 1053 50000
28 50 1114 50000
28 51 1345 50000
29 30 3471 50000
29 31 2098 50000
29 32 1590 50000
29 33 1275 50000
29 34 1046 50000
29 35 944 50000
29 36 873 50000
29 37 988 50000
29 38 1061 50000
29 39 1369 50000
29 40 2022 50000
29 41 3284 50000
29 42 6029 50000
29 43 3425 50000
29 44 2131 50000
29 45 1535 50000
29 46 1236 50000
29 47 1077 50000
29 48 962 50000
29 49 966 50000
29 50 1011 50000
29 51 1062 50000
30 31 3564 50000
30 32 2319 50000
30 33 1650 50000
30 34 1289 50000
30 35 1155 50000
30 36 983 50000
30 37 910 50000
30 38 950 50000
30 39 1081 50000
30 40 1460 50000
30 41 2144 50000
30 42 3440 50000
30 43 6131 50000
30 44 3573 50000
30 45 2310 50000
30 46 1629 50000
30 47 1275 50000
30 48 1040 50000
30 49 976 50000
30 50 926 50000
30 51 964 50000
31 32 3601 50000
31 33 2341 50000
31 34 1599 50000
31 35 1318 50000
31 36 1047 50000
31 37 916 50000
31 38 834 50000
31 39 996 50000
31 40 1134 50000
31 41 1468 50000
31 42 2200 50000
31 43 3532 50000
31 44 5948 50000
31 45 3538 50000
31 46 2204 50000
31 47 1638 50000
31 48 1310 50000
31 49 1119 50000
31 50 969 50000
31 51 873 50000
32 33 3858 50000
32 34 2362 50000
32 35 1710 50000
32 36 1332 50000
32 37 1148 50000
32 38 934 50000
32 39 965 50000
32 40 1049 50000
32 41 1214 50000
32 42 1629 50000
32 43 2372 50000
32 44 3609 50000
32 45 6215 50000
32 46 3758 50000
32 47 2334 50000
32 48 1664 50000
32 49 1385 50000
32 50 1069 50000
32 51 944 50000
33 34 3814 50000
33 35 2365 50000
33 36 1729 50000
33 37 1322 50000
33 38 1063 50000
33 39 986 50000
33 40 974 50000
33 41 1069 50000
33 42 1279 50000
33 43 1668 50000
33 44 2354 50000
33 45 3671 50000
33 46 6471 50000
33 47 3797 50000
33 48 2385 50000
33 49 1719 50000
33 50 1361 50000
33 51 1077 50000
34 35 3888 50000
34 36 2404 50000
34 37 1620 50000
34 38 1178 50000
34 39 1048 50000
34 40 947 50000
34 41 937 50000
34 42 1072 50000
34 43 1324 50000
34 44 1639 50000
34 45 2314 50000
34 46 3690 50000
34 47 6184 50000
34 48 3751 50000
34 49 2392 50000
34 50 1667 50000
34 51 1203 50000
35 36 3878 50000
35 37 2363 50000
35 38 1530 50000
35 39 1281 50000
35 40 1063 50000
35 41 961 50000
35 42 1004 50000
35 43 1097 50000
35 44 1328 50000
35 45 1723 50000
35 46 2405 50000
35 47 3800 50000
35 48 6412 50000
35 49 3831 50000
35 50 2344 50000
35 51 1559 50000
36 37 3837 50000
36 38 2050 50000
36 39 1559 50000
36 40 1145 50000
36 41 1042 50000
36 42 972 50000
36 43 1036 50000
36 44 1100 50000
36 45 1391 50000
36 46 1723 50000
36 47 2359 50000
36 48 3703 50000
36 49 6563 50000
36 50 3687 50000
36 51 2154 50000
37 38 3490 50000
37 39 2160 50000
37 40 1453 50000
37 41 1171 50000
37 42 984 50000
37 43 974 50000
37 44 1008 50000
37 45 1106 50000
37 46 1237 50000
37 47 1690 50000
37 48 2320 50000
37 49 3739 50000
37 50 6543 50000
37 51 3404 50000
38 39 3290 50000
38 40 2026 50000
38 41 1383 50000
38 42 1107 50000
38 43 985 50000
38 44 887 50000
38 45 929 50000
38 46 1015 50000
38 47 1204 50000
38 48 1521 50000
38 49 2079 50000
38 50 3262 50000
38 51 5608 50000
39 40 3377 50000
39 41 2048 50000
39 42 1459 50000
39 43 1207 50000
39 44 1053 50000
39 45 959 50000
39 46 978 50000
39 47 1033 50000
39 48 1272 50000
39 49 1625 50000
39 50 2275 50000
39 51 3729 50000
40 41 3441 50000
40 42 2167 50000
40 43 1579 50000
40 44 1172 50000
40 45 993 50000
40 46 933 50000
40 47 1020 50000
40 48 1046 50000
40 49 1223 50000
40 50 1449 50000
40 51 2025 50000
41 42 3629 50000
41 43 2232 50000
41 44 1539 50000
41 45 1305 50000
41 46 1076 50000
41 47 939 50000
41 48 943 50000
41 49 1055 50000
41 50 1129 50000
41 51 1425 50000
42 43 3801 50000
42 44 2264 50000
42 45 1674 50000
42 46 1251 50000
42 47 1058 50000
42 48 1058 50000
42 49 976 50000
42 50 1014 50000
42 51 1131 50000
43 44 3735 50000
43 45 2387 50000
43 46 1715 50000
43 47 1351 50000
43 48 1086 50000
43 49 1022 50000
43 50 960 50000
43 51 1017 50000
44 45 3888 50000
44 46 2426 50000
44 47 1746 50000
44 48 1304 50000
44 49 1097 50000
44 50 1005 50000
44 51 914 50000
45 46 3850 50000
45 47 2450 50000
45 48 1682 50000
45 49 1318 50000
45 50 1068 50000
45 51 943 50000
46 47 3934 50000
46 48 2413 50000
46 49 1750 50000
46 50 1364 50000
46 51 1048 50000
47 48 3934 50000
47 49 2541 50000
47 50 1757 50000
47 51 1221 50000
48 49 3997 50000
48 50 2438 50000
48 51 1591 50000
49 50 4003 50000
49 51 2282 50000
50 51 3670 50000
