0 1 2125 50000
0 2 1349 50000
0 3 982 50000
0 4 835 50000
0 5 712 50000
0 6 720 50000
0 7 725 50000
0 8 841 50000
0 9 902 50000
0 10 1245 50000
0 11 1851 50000
0 12 4487 50000
0 13 4149 50000
0 14 2380 50000
0 15 1432 50000
0 16 1021 50000
0 17 852 50000
0 18 767 50000
0 19 748 50000
0 20 689 50000
0 21 869 50000
0 22 1001 50000
0 23 1317 50000
0 24 1978 50000
0 25 3255 50000
0 26 4374 50000
0 27 2355 50000
0 28 1442 50000
0 29 993 50000
0 30 857 50000
0 31 706 50000
0 32 701 50000
0 33 664 50000
0 34 704 50000
0 35 898 50000
0 36 1136 50000
0 37 1519 50000
0 38 2478 50000
0 39 4364 50000
0 40 2379 50000
0 41 1480 50000
0 42 1063 50000
0 43 835 50000
0 44 774 50000
0 45 681 50000
0 46 707 50000
0 47 737 50000
0 48 862 50000
0 49 1084 50000
0 50 1529 50000
0 51 2443 50000
1 2 2708 50000
1 3 1620 50000
1 4 1237 50000
1 5 1038 50000
1 6 904 50000
1 7 830 50000
1 8 819 50000
1 9 890 50000
1 10 1052 50000
1 11 1397 50000
1 12 2426 50000
1 13 3632 50000
1 14 5024 50000
1 15 2813 50000
1 16 1841 50000
1 17 1326 50000
1 18 1028 50000
1 19 929 50000
1 20 848 50000
1 21 896 50000
1 22 955 50000
1 23 1141 50000
1 24 1426 50000
1 25 2109 50000
1 26 2567 50000
1 27 5116 50000
1 28 2737 50000
1 29 1742 50000
1 30 1283 50000
1 31 939 50000
1 32 886 50000
1 33 757 50000
1 34 799 50000
1 35 818 50000
1 36 1061 50000
1 37 1170 50000
1 38 1636 50000
1 39 2764 50000
1 40 5073 50000
1 41 2863 50000
1 42 1861 50000
1 43 1296 50000
1 44 1076 50000
1 45 858 50000
1 46 843 50000
1 47 823 50000
1 48 890 50000
1 49 960 50000
1 50 1260 50000
1 51 1699 50000
2 3 3022 50000
2 4 1917 50000
2 5 1416 50000
2 6 1085 50000
2 7 972 50000
2 8 899 50000
2 9 924 50000
2 10 976 50000
2 11 1195 50000
2 12 1725 50000
2 13 2222 50000
2 14 4095 50000
2 15 5354 50000
2 16 2946 50000
2 17 1983 50000
2 18 1483 50000
2 19 1137 50000
2 20 940 50000
2 21 938 50000
2 22 938 50000
2 23 1064 50000
2 24 1239 50000
2 25 1539 50000
2 26 1756 50000
2 27 2945 50000
2 28 5357 50000
2 29 3056 50000
2 30 1882 50000
2 31 1375 50000
2 32 1127 50000
2 33 964 50000
2 34 851 50000
2 35 869 50000
2 36 912 50000
2 37 1050 50000
2 38 1278 50000
2 39 1758 50000
2 40 2993 50000
2 41 5549 50000
2 42 3178 50000
2 43 1940 50000
2 44 1432 50000
2 45 1118 50000
2 46 932 50000
2 47 849 50000
2 48 905 50000
2 49 948 50000
2 50 1018 50000
2 51 1237 50000
3 4 3316 50000
3 5 2091 50000
3 6 1645 50000
3 7 1261 50000
3 8 1033 50000
3 9 1034 50000
3 10 981 50000
3 11 1085 50000
3 12 1441 50000
3 13 1663 50000
3 14 2520 50000
3 15 4231 50000
3 16 5503 50000
3 17 3272 50000
3 18 2113 50000
3 19 1542 50000
3 20 1230 50000
3 21 1017 50000
3 22 1004 50000
3 23 956 50000
3 24 1047 50000
3 25 1236 50000
3 26 1401 50000
3 27 1895 50000
3 28 3189 50000
3 29 5743 50000
3 30 3196 50000
3 31 2011 50000
3 32 1568 50000
3 33 1132 50000
3 34 1026 50000
3 35 935 50000
3 36 914 50000
3 37 944 50000
3 38 1065 50000
3 39 1333 50000
3 40 1960 50000
3 41 3201 50000
3 42 5839 50000
3 43 3291 50000
3 44 2105 50000
3 45 1455 50000
3 46 1225 50000
3 47 1008 50000
3 48 923 50000
3 49 951 50000
3 50 931 50000
3 51 1037 50000
4 5 3515 50000
4 6 2304 50000
4 7 1716 50000
4 8 1373 50000
4 9 1153 50000
4 10 1018 50000
4 11 1012 50000
4 12 1255 50000
4 13 1306 50000
4 14 1681 50000
4 15 2636 50000
4 16 4369 50000
4 17 5682 50000
4 18 3415 50000
4 19 2233 50000
4 20 1697 50000
4 21 1283 50000
4 22 1109 50000
4 23 1027 50000
4 24 1008 50000
4 25 1061 50000
4 26 1056 50000
4 27 1446 50000
4 28 2047 50000
4 29 3225 50000
4 30 5820 50000
4 31 3302 50000
4 32 2193 50000
4 33 1520 50000
4 34 1308 50000
4 35 1092 50000
4 36 955 50000
4 37 915 50000
4 38 948 50000
4 39 1118 50000
4 40 1448 50000
4 41 2136 50000
4 42 3342 50000
4 43 6031 50000
4 44 3513 50000
4 45 2178 50000
4 46 1632 50000
4 47 1314 50000
4 48 1093 50000
4 49 1014 50000
4 50 909 50000
4 51 964 50000
5 6 3837 50000
5 7 2364 50000
5 8 1796 50000
5 9 1392 50000
5 10 1295 50000
5 11 1129 50000
5 12 1213 50000
5 13 1222 50000
5 14 1395 50000
5 15 1842 50000
5 16 2710 50000
5 17 4626 50000
5 18 5832 50000
5 19 3592 50000
5 20 2299 50000
5 21 1691 50000
5 22 1370 50000
5 23 1149 50000
5 24 1024 50000
5 25 1002 50000
5 26 1012 50000
5 27 1161 50000
5 28 1475 50000
5 29 2206 50000
5 30 3533 50000
5 31 5900 50000
5 32 3594 50000
5 33 2221 50000
5 34 1635 50000
5 35 1301 50000
5 36 1099 50000
5 37 963 50000
5 38 921 50000
5 39 1042 50000
5 40 1154 50000
5 41 1534 50000
5 42 2218 50000
5 43 3487 50000
5 44 6138 50000
5 45 3532 50000
5 46 2288 50000
5 47 1761 50000
5 48 1309 50000
5 49 1088 50000
5 50 957 50000
5 51 892 50000
6 7 3966 50000
6 8 2465 50000
6 9 1845 50000
6 10 1506 50000
6 11 1262 50000
6 12 1294 50000
6 13 1112 50000
6 14 1206 50000
6 15 1483 50000
6 16 2024 50000
6 17 2854 50000
6 18 4736 50000
6 19 6173 50000
6 20 3733 50000
6 21 2374 50000
6 22 1759 50000
6 23 1373 50000
6 24 1193 50000
6 25 1039 50000
6 26 1000 50000
6 27 1073 50000
6 28 1266 50000
6 29 1630 50000
6 30 2368 50000
6 31 3589 50000
6 32 6393 50000
6 33 3747 50000
6 34 2421 50000
6 35 1816 50000
6 36 1410 50000
6 37 1106 50000
6 38 981 50000
6 39 969 50000
6 40 1037 50000
6 41 1264 50000
6 42 1659 50000
6 43 2300 50000
6 44 3774 50000
6 45 6374 50000
6 46 3807 50000
6 47 2449 50000
6 48 1761 50000
6 49 1323 50000
6 50 1180 50000
6 51 946 50000
7 8 4045 50000
7 9 2685 50000
7 10 2010 50000
7 11 1538 50000
7 12 1427 50000
7 13 1119 50000
7 14 1078 50000
7 15 1277 50000
7 16 1560 50000
7 17 1993 50000
7 18 3093 50000
7 19 4914 50000
7 20 6209 50000
7 21 3804 50000
7 22 2561 50000
7 23 1834 50000
7 24 1365 50000
7 25 1155 50000
7 26 1024 50000
7 27 991 50000
7 28 1090 50000
7 29 1370 50000
7 30 1759 50000
7 31 2399 50000
7 32 3755 50000
7 33 6419 50000
7 34 3686 50000
7 35 2427 50000
7 36 1693 50000
7 37 1308 50000
7 38 1082 50000
7 39 1021 50000
7 40 946 50000
7 41 1131 50000
7 42 1320 50000
7 43 1725 50000
7 44 2462 50000
7 45 3776 50000
7 46 6585 50000
7 47 3863 50000
7 48 2528 50000
7 49 1816 50000
7 50 1318 50000
7 51 1123 50000
8 9 4358 50000
8 10 2778 50000
8 11 2000 50000
8 12 1951 50000
8 13 1219 50000
8 14 1091 50000
8 15 1147 50000
8 16 1312 50000
8 17 1572 50000
8 18 2083 50000
8 19 3016 50000
8 20 4877 50000
8 21 6508 50000
8 22 3870 50000
8 23 2504 50000
8 24 1787 50000
8 25 1381 50000
8 26 1100 50000
8 27 998 50000
8 28 973 50000
8 29 1153 50000
8 30 1314 50000
8 31 1782 50000
8 32 2505 50000
8 33 3833 50000
8 34 6563 50000
8 35 3803 50000
8 36 2523 50000
8 37 1716 50000
8 38 1326 50000
8 39 1079 50000
8 40 1018 50000
8 41 1070 50000
8 42 1119 50000
8 43 1364 50000
8 44 1841 50000
8 45 2542 50000
8 46 3841 50000
8 47 6671 50000
8 48 3880 50000
8 49 2519 50000
8 50 1772 50000
8 51 1277 50000
9 10 4636 50000
9 11 2892 50000
9 12 2505 50000
9 13 1471 50000
9 14 1119 50000
9 15 1075 50000
9 16 1134 50000
9 17 1339 50000
9 18 1708 50000
9 19 2206 50000
9 20 3245 50000
9 21 5336 50000
9 22 6629 50000
9 23 3903 50000
9 24 2530 50000
9 25 1749 50000
9 26 1404 50000
9 27 1054 50000
9 28 980 50000
9 29 1003 50000
9 30 1194 50000
9 31 1393 50000
9 32 1826 50000
9 33 2487 50000
9 34 3874 50000
9 35 6857 50000
9 36 3931 50000
9 37 2469 50000
9 38 1658 50000
9 39 1281 50000
9 40 1131 50000
9 41 1022 50000
9 42 1057 50000
9 43 1144 50000
9 44 1473 50000
9 45 1829 50000
9 46 2562 50000
9 47 4106 50000
9 48 6946 50000
9 49 3995 50000
9 50 2512 50000
9 51 1660 50000
10 11 5076 50000
10 12 3897 50000
10 13 1858 50000
10 14 1343 50000
10 15 1131 50000
10 16 1087 50000
10 17 1175 50000
10 18 1358 50000
10 19 1744 50000
10 20 2274 50000
10 21 3445 50000
10 22 5492 50000
10 23 7126 50000
10 24 4097 50000
10 25 2541 50000
10 26 1687 50000
10 27 1313 50000
10 28 1120 50000
10 29 1075 50000
10 30 1070 50000
10 31 1206 50000
10 32 1440 50000
10 33 1841 50000
10 34 2638 50000
10 35 4076 50000
10 36 7433 50000
10 37 3985 50000
10 38 2411 50000
10 39 1798 50000
10 40 1327 50000
10 41 1126 50000
10 42 1110 50000
10 43 1055 50000
10 44 1238 50000
10 45 1457 50000
10 46 1880 50000
10 47 2680 50000
10 48 4253 50000
10 49 7359 50000
10 50 4139 50000
10 51 2373 50000
11 12 7832 50000
11 13 2699 50000
11 14 1789 50000
11 15 1340 50000
11 16 1197 50000
11 17 1154 50000
11 18 1281 50000
11 19 1343 50000
11 20 1716 50000
11 21 2449 50000
11 22 3438 50000
11 23 6247 50000
11 24 7667 50000
11 25 3956 50000
11 26 2580 50000
11 27 1591 50000
11 28 1267 50000
11 29 1106 50000
11 30 1055 50000
11 31 1098 50000
11 32 1192 50000
11 33 1371 50000
11 34 1885 50000
11 35 2716 50000
11 36 4396 50000
11 37 7822 50000
11 38 4031 50000
11 39 2613 50000
11 40 1675 50000
11 41 1307 50000
11 42 1107 50000
11 43 1014 50000
11 44 1102 50000
11 45 1286 50000
11 46 1448 50000
11 47 1957 50000
11 48 2692 50000
11 49 4425 50000
11 50 8008 50000
11 51 4082 50000
12 13 5930 50000
12 14 3076 50000
12 15 1970 50000
12 16 1538 50000
12 17 1348 50000
12 18 1296 50000
12 19 1410 50000
12 20 1597 50000
12 21 2118 50000
12 22 2885 50000
12 23 4791 50000
12 24 9160 50000
12 25 12554 50000
12 26 5912 50000
12 27 2952 50000
12 28 1865 50000
12 29 1483 50000
12 30 1336 50000
12 31 1229 50000
12 32 1243 50000
12 33 1384 50000
12 34 1710 50000
12 35 2327 50000
12 36 3524 50000
12 37 6397 50000
12 38 12636 50000
12 39 5994 50000
12 40 3055 50000
12 41 2008 50000
12 42 1477 50000
12 43 1257 50000
12 44 1197 50000
12 45 1291 50000
12 46 1421 50000
12 47 1788 50000
12 48 2410 50000
12 49 3605 50000
12 50 6532 50000
12 51 13198 50000
13 14 4369 50000
13 15 2589 50000
13 16 1760 50000
13 17 1374 50000
13 18 1201 50000
13 19 1159 50000
13 20 1139 50000
13 21 1320 50000
13 22 1574 50000
13 23 1959 50000
13 24 2890 50000
13 25 4658 50000
13 26 5447 50000
13 27 4198 50000
13 28 2536 50000
13 29 1775 50000
13 30 1327 50000
13 31 1124 50000
13 32 1062 50000
13 33 1050 50000
13 34 1132 50000
13 35 1334 50000
13 36 1662 50000
13 37 2184 50000
13 38 3472 50000
13 39 5725 50000
13 40 4365 50000
13 41 2521 50000
13 42 1797 50000
13 43 1364 50000
13 44 1159 50000
13 45 1094 50000
13 46 1102 50000
13 47 1167 50000
13 48 1348 50000
13 49 1679 50000
13 50 2300 50000
13 51 3442 50000
14 15 4608 50000
14 16 2700 50000
14 17 1908 50000
14 18 1473 50000
14 19 1246 50000
14 20 1145 50000
14 21 1111 50000
14 22 1210 50000
14 23 1491 50000
14 24 1785 50000
14 25 2592 50000
14 26 3225 50000
14 27 5617 50000
14 28 4407 50000
14 29 2592 50000
14 30 1772 50000
14 31 1307 50000
14 32 1154 50000
14 33 1074 50000
14 34 1002 50000
14 35 1082 50000
14 36 1303 50000
14 37 1483 50000
14 38 2052 50000
14 39 3322 50000
14 40 5859 50000
14 41 4634 50000
14 42 2704 50000
14 43 1909 50000
14 44 1470 50000
14 45 1213 50000
14 46 1101 50000
14 47 1063 50000
14 48 1119 50000
14 49 1286 50000
14 50 1591 50000
14 51 2025 50000
15 16 4658 50000
15 17 2780 50000
15 18 1959 50000
15 19 1572 50000
15 20 1233 50000
15 21 1150 50000
15 22 1139 50000
15 23 1240 50000
15 24 1438 50000
15 25 1725 50000
15 26 2008 50000
15 27 3358 50000
15 28 5727 50000
15 29 4518 50000
15 30 2664 50000
15 31 1876 50000
15 32 1479 50000
15 33 1165 50000
15 34 1052 50000
15 35 1007 50000
15 36 1078 50000
15 37 1226 50000
15 38 1408 50000
15 39 1964 50000
15 40 3276 50000
15 41 5978 50000
15 42 4625 50000
15 43 2765 50000
15 44 1987 50000
15 45 1468 50000
15 46 1247 50000
15 47 1097 50000
15 48 1041 50000
15 49 1110 50000
15 50 1168 50000
15 51 1415 50000
16 17 4659 50000
16 18 2855 50000
16 19 2051 50000
16 20 1480 50000
16 21 1271 50000
16 22 1171 50000
16 23 1183 50000
16 24 1175 50000
16 25 1329 50000
16 26 1405 50000
16 27 2106 50000
16 28 3393 50000
16 29 5731 50000
16 30 4503 50000
16 31 2667 50000
16 32 1968 50000
16 33 1513 50000
16 34 1236 50000
16 35 1179 50000
16 36 990 50000
16 37 1029 50000
16 38 1122 50000
16 39 1466 50000
16 40 2043 50000
16 41 3417 50000
16 42 5961 50000
16 43 4605 50000
16 44 2806 50000
16 45 1970 50000
16 46 1503 50000
16 47 1258 50000
16 48 1135 50000
16 49 1045 50000
16 50 1045 50000
16 51 1209 50000
17 18 4776 50000
17 19 2948 50000
17 20 1979 50000
17 21 1540 50000
17 22 1286 50000
17 23 1140 50000
17 24 1090 50000
17 25 1148 50000
17 26 1139 50000
17 27 1539 50000
17 28 2099 50000
17 29 3414 50000
17 30 5868 50000
17 31 4529 50000
17 32 2825 50000
17 33 1933 50000
17 34 1463 50000
17 35 1253 50000
17 36 1067 50000
17 37 1001 50000
17 38 1008 50000
17 39 1253 50000
17 40 1523 50000
17 41 2188 50000
17 42 3469 50000
17 43 6030 50000
17 44 4768 50000
17 45 2866 50000
17 46 2032 50000
17 47 1531 50000
17 48 1247 50000
17 49 1151 50000
17 50 1014 50000
17 51 989 50000
18 19 4820 50000
18 20 2963 50000
18 21 2055 50000
18 22 1602 50000
18 23 1324 50000
18 24 1132 50000
18 25 1084 50000
18 26 1057 50000
18 27 1277 50000
18 28 1561 50000
18 29 2163 50000
18 30 3522 50000
18 31 5983 50000
18 32 4786 50000
18 33 2870 50000
18 34 2012 50000
18 35 1537 50000
18 36 1256 50000
18 37 1039 50000
18 38 1023 50000
18 39 1106 50000
18 40 1220 50000
18 41 1648 50000
18 42 2315 50000
18 43 3520 50000
18 44 6267 50000
18 45 4835 50000
18 46 2931 50000
18 47 2127 50000
18 48 1617 50000
18 49 1273 50000
18 50 1064 50000
18 51 948 50000
19 20 4873 50000
19 21 2967 50000
19 22 2088 50000
19 23 1609 50000
19 24 1331 50000
19 25 1114 50000
19 26 1042 50000
19 27 1085 50000
19 28 1296 50000
19 29 1644 50000
19 30 2315 50000
19 31 3650 50000
19 32 5994 50000
19 33 4723 50000
19 34 2890 50000
19 35 2074 50000
19 36 1607 50000
19 37 1265 50000
19 38 1131 50000
19 39 1047 50000
19 40 1081 50000
19 41 1288 50000
19 42 1705 50000
19 43 2342 50000
19 44 3648 50000
19 45 6137 50000
19 46 4860 50000
19 47 2902 50000
19 48 2108 50000
19 49 1577 50000
19 50 1275 50000
19 51 993 50000
20 21 5000 50000
20 22 3022 50000
20 23 2133 50000
20 24 1555 50000
20 25 1239 50000
20 26 1050 50000
20 27 995 50000
20 28 1007 50000
20 29 1274 50000
20 30 1697 50000
20 31 2302 50000
20 32 3662 50000
20 33 5855 50000
20 34 4719 50000
20 35 2986 50000
20 36 2109 50000
20 37 1481 50000
20 38 1173 50000
20 39 1098 50000
20 40 967 50000
20 41 1134 50000
20 42 1335 50000
20 43 1685 50000
20 44 2391 50000
20 45 3718 50000
20 46 6097 50000
20 47 4829 50000
20 48 3044 50000
20 49 2049 50000
20 50 1546 50000
20 51 1165 50000
21 22 4941 50000
21 23 3054 50000
21 24 2104 50000
21 25 1577 50000
21 26 1260 50000
21 27 1044 50000
21 28 1012 50000
21 29 1134 50000
21 30 1344 50000
21 31 1685 50000
21 32 2414 50000
21 33 3658 50000
21 34 6073 50000
21 35 4794 50000
21 36 3064 50000
21 37 2048 50000
21 38 1489 50000
21 39 1275 50000
21 40 1069 50000
21 41 1121 50000
21 42 1147 50000
21 43 1342 50000
21 44 1724 50000
21 45 2388 50000
21 46 3754 50000
21 47 6310 50000
21 48 4975 50000
21 49 3049 50000
21 50 2114 50000
21 51 1503 50000
22 23 4893 50000
22 24 2911 50000
22 25 1940 50000
22 26 1458 50000
22 27 1076 50000
22 28 1010 50000
22 29 1022 50000
22 30 1138 50000
22 31 1372 50000
22 32 1800 50000
22 33 2449 50000
22 34 3746 50000
22 35 6159 50000
22 36 4899 50000
22 37 2885 50000
22 38 1902 50000
22 39 1435 50000
22 40 1112 50000
22 41 1088 50000
22 42 1060 50000
22 43 1164 50000
22 44 1391 50000
22 45 1780 50000
22 46 2371 50000
22 47 3772 50000
22 48 6316 50000
22 49 4978 50000
22 50 2899 50000
22 51 1904 50000
23 24 5042 50000
23 25 2871 50000
23 26 1924 50000
23 27 1409 50000
23 28 1109 50000
23 29 1084 50000
23 30 1051 50000
23 31 1132 50000
23 32 1414 50000
23 33 1701 50000
23 34 2533 50000
23 35 3720 50000
23 36 6203 50000
23 37 4901 50000
23 38 2879 50000
23 39 1919 50000
23 40 1416 50000
23 41 1175 50000
23 42 1035 50000
23 43 1060 50000
23 44 1191 50000
23 45 1403 50000
23 46 1800 50000
23 47 2520 50000
23 48 3796 50000
23 49 6437 50000
23 50 5014 50000
23 51 2844 50000
24 25 4816 50000
24 26 2761 50000
24 27 1806 50000
24 28 1299 50000
24 29 1183 50000
24 30 1017 50000
24 31 981 50000
24 32 1079 50000
24 33 1307 50000
24 34 1697 50000
24 35 2359 50000
24 36 3745 50000
24 37 6125 50000
24 38 4779 50000
24 39 2777 50000
24 40 1810 50000
24 41 1386 50000
24 42 1141 50000
24 43 993 50000
24 44 1079 50000
24 45 1131 50000
24 46 1361 50000
24 47 1728 50000
24 48 2328 50000
24 49 3736 50000
24 50 6471 50000
24 51 4735 50000
25 26 4651 50000
25 27 2535 50000
25 28 1697 50000
25 29 1271 50000
25 30 1088 50000
25 31 990 50000
25 32 978 50000
25 33 1098 50000
25 34 1284 50000
25 35 1645 50000
25 36 2273 50000
25 37 3424 50000
25 38 5500 50000
25 39 4694 50000
25 40 2702 50000
25 41 1723 50000
25 42 1294 50000
25 43 1134 50000
25 44 1037 50000
25 45 1013 50000
25 46 1125 50000
25 47 1321 50000
25 48 1680 50000
25 49 2255 50000
25 50 3429 50000
25 51 5774 50000
26 27 3377 50000
26 28 1901 50000
26 29 1401 50000
26 30 1149 50000
26 31 979 50000
26 32 952 50000
26 33 968 50000
26 34 1049 50000
26 35 1252 50000
26 36 1600 50000
26 37 2220 50000
26 38 3503 50000
26 39 5717 50000
26 40 3158 50000
26 41 1975 50000
26 42 1405 50000
26 43 1120 50000
26 44 1055 50000
26 45 945 50000
26 46 988 50000
26 47 1085 50000
26 48 1249 50000
26 49 1542 50000
26 50 2143 50000
26 51 3420 50000
27 28 3333 50000
27 29 2014 50000
27 30 1463 50000
27 31 1144 50000
27 32 1024 50000
27 33 898 50000
27 34 929 50000
27 35 954 50000
27 36 1148 50000
27 37 1431 50000
27 38 2053 50000
27 39 3178 50000
27 40 5859 50000
27 41 3298 50000
27 42 2085 50000
27 43 1505 50000
27 44 1152 50000
27 45 1001 50000
27 46 986 50000
27 47 966 50000
27 48 1044 50000
27 49 1157 50000
27 50 1431 50000
27 51 1977 50000
28 29 3495 50000
28 30 2070 50000
28 31 1450 50000
28 32 1131 50000
28 33 1052 50000
28 34 932 50000
28 35 924 50000
28 36 991 50000
28 37 1115 50000
28 38 1416 50000
28 39 1912 50000
28 40 3162 50000
28 41 5924 50000
28 42 3467 50000
28 43 2119 50000
28 44 1501 50000
28 45 1196 50000
28 46 1056 50000
28 47 1002 50000
28 48 934 50000
28 49 1009 50000
28 50 1139 50000
28 51 1358 50000
29 30 3536 50000
29 31 2186 50000
29 32 1606 50000
29 33 1248 50000
29 34 1036 50000
29 35 1021 50000
29 36 950 50000
29 37 969 50000
29 38 1149 50000
29 39 1449 50000
29 40 2092 50000
29 41 3342 50000
29 42 6091 50000
29 43 3510 50000
29 44 2300 50000
29 45 1589 50000
29 46 1292 50000
29 47 1099 50000
29 48 1002 50000
29 49 986 50000
29 50 1011 50000
29 51 1086 50000
30 31 3522 50000
30 32 2349 50000
30 33 1652 50000
30 34 1292 50000
30 35 1069 50000
30 36 970 50000
30 37 982 50000
30 38 962 50000
30 39 1114 50000
30 40 1508 50000
30 41 2042 50000
30 42 3375 50000
30 43 6040 50000
30 44 3579 50000
30 45 2180 50000
30 46 1706 50000
30 47 1355 50000
30 48 1083 50000
30 49 994 50000
30 50 1031 50000
30 51 994 50000
31 32 3688 50000
31 33 2319 50000
31 34 1641 50000
31 35 1314 50000
31 36 1061 50000
31 37 922 50000
31 38 905 50000
31 39 978 50000
31 40 1111 50000
31 41 1546 50000
31 42 2113 50000
31 43 3413 50000
31 44 6185 50000
31 45 3558 50000
31 46 2302 50000
31 47 1691 50000
31 48 1356 50000
31 49 1138 50000
31 50 897 50000
31 51 925 50000
32 33 3828 50000
32 34 2384 50000
32 35 1706 50000
32 36 1326 50000
32 37 1039 50000
32 38 946 50000
32 39 947 50000
32 40 1010 50000
32 41 1266 50000
32 42 1638 50000
32 43 2333 50000
32 44 3651 50000
32 45 6206 50000
32 46 3618 50000
32 47 2404 50000
32 48 1693 50000
32 49 1369 50000
32 50 1137 50000
32 51 934 50000
33 34 3796 50000
33 35 2336 50000
33 36 1639 50000
33 37 1211 50000
33 38 969 50000
33 39 915 50000
33 40 938 50000
33 41 1073 50000
33 42 1290 50000
33 43 1607 50000
33 44 2401 50000
33 45 3724 50000
33 46 6333 50000
33 47 3720 50000
33 48 2323 50000
33 49 1700 50000
33 50 1310 50000
33 51 971 50000
34 35 3769 50000
34 36 2406 50000
34 37 1613 50000
34 38 1292 50000
34 39 1055 50000
34 40 907 50000
34 41 994 50000
34 42 1126 50000
34 43 1301 50000
34 44 1662 50000
34 45 2372 50000
34 46 3745 50000
34 47 6321 50000
34 48 3643 50000
34 49 2316 50000
34 50 1675 50000
34 51 1275 50000
35 36 3876 50000
35 37 2340 50000
35 38 1629 50000
35 39 1275 50000
35 40 1010 50000
35 41 957 50000
35 42 978 50000
35 43 1066 50000
35 44 1377 50000
35 45 1728 50000
35 46 2464 50000
35 47 3713 50000
35 48 6372 50000
35 49 3831 50000
35 50 2386 50000
35 51 1551 50000
36 37 3877 50000
36 38 2233 50000
36 39 1604 50000
36 40 1202 50000
36 41 1030 50000
36 42 1032 50000
36 43 1013 50000
36 44 1127 50000
36 45 1415 50000
36 46 1767 50000
36 47 2412 50000
36 48 3750 50000
36 49 6556 50000
36 50 3768 50000
36 51 2185 50000
37 38 3576 50000
37 39 2122 50000
37 40 1434 50000
37 41 1125 50000
37 42 975 50000
37 43 962 50000
37 44 986 50000
37 45 1126 50000
37 46 1358 50000
37 47 1705 50000
37 48 2345 50000
37 49 3676 50000
37 50 6475 50000
37 51 3381 50000
38 39 3388 50000
38 40 1940 50000
38 41 1436 50000
38 42 1130 50000
38 43 1001 50000
38 44 941 50000
38 45 979 50000
38 46 1080 50000
38 47 1265 50000
38 48 1540 50000
38 49 2195 50000
38 50 3386 50000
38 51 5935 50000
39 40 3413 50000
39 41 2048 50000
39 42 1495 50000
39 43 1149 50000
39 44 999 50000
39 45 932 50000
39 46 988 50000
39 47 1117 50000
39 48 1287 50000
39 49 1569 50000
39 50 2201 50000
39 51 3650 50000
40 41 3539 50000
40 42 2181 50000
40 43 1496 50000
40 44 1140 50000
40 45 1001 50000
40 46 921 50000
40 47 982 50000
40 48 1054 50000
40 49 1111 50000
40 50 1459 50000
40 51 2018 50000
41 42 3682 50000
41 43 2185 50000
41 44 1608 50000
41 45 1253 50000
41 46 1123 50000
41 47 982 50000
41 48 968 50000
41 49 1070 50000
41 50 1239 50000
41 51 1360 50000
42 43 3662 50000
42 44 2348 50000
42 45 1627 50000
42 46 1269 50000
42 47 1124 50000
42 48 1054 50000
42 49 1019 50000
42 50 1020 50000
42 51 1133 50000
43 44 3861 50000
43 45 2297 50000
43 46 1703 50000
43 47 1316 50000
43 48 1158 50000
43 49 1015 50000
43 50 972 50000
43 51 956 50000
44 45 3853 50000
44 46 2422 50000
44 47 1826 50000
44 48 1361 50000
44 49 1128 50000
44 50 1008 50000
44 51 940 50000
45 46 4013 50000
45 47 2451 50000
45 48 1757 50000
45 49 1297 50000
45 50 1127 50000
45 51 934 50000
46 47 3906 50000
46 48 2471 50000
46 49 1689 50000
46 50 1349 50000
46 51 1049 50000
47 48 3901 50000
47 49 2402 50000
47 50 1741 50000
47 51 1273 50000
48 49 4064 50000
48 50 2520 50000
48 51 1628 50000
49 50 3984 50000
49 51 2306 50000
50 51 3681 50000
