0 1 2155 50000
0 2 1359 50000
0 3 1019 50000
0 4 855 50000
0 5 725 50000
0 6 708 50000
0 7 684 50000
0 8 794 50000
0 9 957 50000
0 10 1182 50000
0 11 1844 50000
0 12 4519 50000
0 13 4316 50000
0 14 2373 50000
0 15 1454 50000
0 16 1099 50000
0 17 890 50000
0 18 800 50000
0 19 783 50000
0 20 812 50000
0 21 872 50000
0 22 1029 50000
0 23 1338 50000
0 24 1923 50000
0 25 3305 50000
0 26 4267 50000
0 27 2337 50000
0 28 1432 50000
0 29 1048 50000
0 30 846 50000
0 31 710 50000
0 32 702 50000
0 33 680 50000
0 34 774 50000
0 35 879 50000
0 36 1151 50000
0 37 1455 50000
0 38 2442 50000
0 39 4391 50000
0 40 2368 50000
0 41 1454 50000
0 42 1083 50000
0 43 903 50000
0 44 762 50000
0 45 737 50000
0 46 718 50000
0 47 771 50000
0 48 942 50000
0 49 1169 50000
0 50 1618 50000
0 51 2526 50000
1 2 2697 50000
1 3 1603 50000
1 4 1244 50000
1 5 952 50000
1 6 876 50000
1 7 830 50000
1 8 804 50000
1 9 898 50000
1 10 980 50000
1 11 1360 50000
1 12 2471 50000
1 13 3648 50000
1 14 4881 50000
1 15 2847 50000
1 16 1777 50000
1 17 1232 50000
1 18 1015 50000
1 19 896 50000
1 20 883 50000
1 21 894 50000
1 22 911 50000
1 23 1068 50000
1 24 1478 50000
1 25 2134 50000
1 26 2597 50000
1 27 5062 50000
1 28 2813 50000
1 29 1735 50000
1 30 1213 50000
1 31 1047 50000
1 32 848 50000
1 33 788 50000
1 34 786 50000
1 35 809 50000
1 36 945 50000
1 37 1169 50000
1 38 1741 50000
1 39 2609 50000
1 40 5129 50000
1 41 2729 50000
1 42 1742 50000
1 43 1238 50000
1 44 967 50000
1 45 853 50000
1 46 839 50000
1 47 783 50000
1 48 893 50000
1 49 958 50000
1 50 1199 50000
1 51 1693 50000
2 3 3021 50000
2 4 1927 50000
2 5 1379 50000
2 6 1059 50000
2 7 992 50000
2 8 894 50000
2 9 922 50000
2 10 976 50000
2 11 1103 50000
2 12 1880 50000
2 13 2246 50000
2 14 4033 50000
2 15 5455 50000
2 16 3174 50000
2 17 1981 50000
2 18 1447 50000
2 19 1215 50000
2 20 998 50000
2 21 911 50000
2 22 913 50000
2 23 962 50000
2 24 1220 50000
2 25 1523 50000
2 26 1786 50000
2 27 3005 50000
2 28 5298 50000
2 29 3084 50000
2 30 1917 50000
2 31 1419 50000
2 32 1140 50000
2 33 956 50000
2 34 892 50000
2 35 825 50000
2 36 865 50000
2 37 1066 50000
2 38 1253 50000
2 39 1825 50000
2 40 2982 50000
2 41 5497 50000
2 42 3153 50000
2 43 1979 50000
2 44 1459 50000
2 45 1191 50000
2 46 967 50000
2 47 902 50000
2 48 881 50000
2 49 904 50000
2 50 1036 50000
2 51 1240 50000
3 4 3306 50000
3 5 2160 50000
3 6 1549 50000
3 7 1255 50000
3 8 1027 50000
3 9 976 50000
3 10 990 50000
3 11 1023 50000
3 12 1353 50000
3 13 1647 50000
3 14 2429 50000
3 15 4282 50000
3 16 5605 50000
3 17 3259 50000
3 18 2155 50000
3 19 1511 50000
3 20 1265 50000
3 21 1074 50000
3 22 978 50000
3 23 970 50000
3 24 1030 50000
3 25 1177 50000
3 26 1328 50000
3 27 1899 50000
3 28 3122 50000
3 29 5608 50000
3 30 3216 50000
3 31 2025 50000
3 32 1481 50000
3 33 1190 50000
3 34 986 50000
3 35 894 50000
3 36 860 50000
3 37 938 50000
3 38 1050 50000
3 39 1299 50000
3 40 1965 50000
3 41 3047 50000
3 42 5827 50000
3 43 3258 50000
3 44 2054 50000
3 45 1559 50000
3 46 1184 50000
3 47 1062 50000
3 48 942 50000
3 49 943 50000
3 50 970 50000
3 51 996 50000
4 5 3540 50000
4 6 2276 50000
4 7 1666 50000
4 8 1352 50000
4 9 1083 50000
4 10 1019 50000
4 11 1037 50000
4 12 1251 50000
4 13 1310 50000
4 14 1792 50000
4 15 2630 50000
4 16 4515 50000
4 17 5600 50000
4 18 3401 50000
4 19 2267 50000
4 20 1609 50000
4 21 1262 50000
4 22 1140 50000
4 23 1015 50000
4 24 1040 50000
4 25 1074 50000
4 26 1096 50000
4 27 1451 50000
4 28 2044 50000
4 29 3298 50000
4 30 5796 50000
4 31 3445 50000
4 32 2169 50000
4 33 1569 50000
4 34 1246 50000
4 35 1065 50000
4 36 1001 50000
4 37 935 50000
4 38 983 50000
4 39 1153 50000
4 40 1408 50000
4 41 2004 50000
4 42 3418 50000
4 43 5958 50000
4 44 3466 50000
4 45 2227 50000
4 46 1699 50000
4 47 1288 50000
4 48 1127 50000
4 49 974 50000
4 50 986 50000
4 51 954 50000
5 6 3810 50000
5 7 2364 50000
5 8 1782 50000
5 9 1388 50000
5 10 1203 50000
5 11 1048 50000
5 12 1189 50000
5 13 1166 50000
5 14 1328 50000
5 15 1903 50000
5 16 2841 50000
5 17 4528 50000
5 18 5743 50000
5 19 3650 50000
5 20 2338 50000
5 21 1756 50000
5 22 1368 50000
5 23 1179 50000
5 24 1069 50000
5 25 985 50000
5 26 947 50000
5 27 1240 50000
5 28 1523 50000
5 29 2094 50000
5 30 3490 50000
5 31 6052 50000
5 32 3570 50000
5 33 2304 50000
5 34 1646 50000
5 35 1337 50000
5 36 1097 50000
5 37 989 50000
5 38 959 50000
5 39 1013 50000
5 40 1228 50000
5 41 1460 50000
5 42 2200 50000
5 43 3519 50000
5 44 6141 50000
5 45 3655 50000
5 46 2415 50000
5 47 1697 50000
5 48 1291 50000
5 49 1104 50000
5 50 972 50000
5 51 934 50000
6 7 3972 50000
6 8 2554 50000
6 9 1882 50000
6 10 1479 50000
6 11 1263 50000
6 12 1276 50000
6 13 1039 50000
6 14 1174 50000
6 15 1557 50000
6 16 2025 50000
6 17 2881 50000
6 18 4762 50000
6 19 6172 50000
6 20 3764 50000
6 21 2455 50000
6 22 1798 50000
6 23 1420 50000
6 24 1217 50000
6 25 1056 50000
6 26 939 50000
6 27 1066 50000
6 28 1235 50000
6 29 1641 50000
6 30 2303 50000
6 31 3542 50000
6 32 6273 50000
6 33 3627 50000
6 34 2326 50000
6 35 1635 50000
6 36 1371 50000
6 37 1098 50000
6 38 1045 50000
6 39 935 50000
6 40 1029 50000
6 41 1238 50000
6 42 1675 50000
6 43 2269 50000
6 44 3712 50000
6 45 6467 50000
6 46 3826 50000
6 47 2443 50000
6 48 1851 50000
6 49 1382 50000
6 50 1182 50000
6 51 962 50000
7 8 4019 50000
7 9 2599 50000
7 10 1895 50000
7 11 1509 50000
7 12 1458 50000
7 13 1082 50000
7 14 1106 50000
7 15 1260 50000
7 16 1537 50000
7 17 2023 50000
7 18 2986 50000
7 19 4902 50000
7 20 6350 50000
7 21 3640 50000
7 22 2456 50000
7 23 1832 50000
7 24 1391 50000
7 25 1134 50000
7 26 1038 50000
7 27 979 50000
7 28 1104 50000
7 29 1267 50000
7 30 1674 50000
7 31 2376 50000
7 32 3710 50000
7 33 6404 50000
7 34 3700 50000
7 35 2349 50000
7 36 1723 50000
7 37 1313 50000
7 38 1078 50000
7 39 1003 50000
7 40 996 50000
7 41 1082 50000
7 42 1327 50000
7 43 1691 50000
7 44 2490 50000
7 45 3849 50000
7 46 6576 50000
7 47 3926 50000
7 48 2483 50000
7 49 1738 50000
7 50 1367 50000
7 51 1120 50000
8 9 4342 50000
8 10 2813 50000
8 11 2021 50000
8 12 1857 50000
8 13 1151 50000
8 14 1025 50000
8 15 1112 50000
8 16 1283 50000
8 17 1644 50000
8 18 2180 50000
8 19 3207 50000
8 20 5077 50000
8 21 6385 50000
8 22 3880 50000
8 23 2529 50000
8 24 1787 50000
8 25 1317 50000
8 26 1099 50000
8 27 1002 50000
8 28 1055 50000
8 29 1155 50000
8 30 1405 50000
8 31 1783 50000
8 32 2476 50000
8 33 3895 50000
8 34 6516 50000
8 35 3801 50000
8 36 2453 50000
8 37 1813 50000
8 38 1204 50000
8 39 1116 50000
8 40 984 50000
8 41 1016 50000
8 42 1098 50000
8 43 1346 50000
8 44 1809 50000
8 45 2455 50000
8 46 3876 50000
8 47 6685 50000
8 48 3996 50000
8 49 2500 50000
8 50 1758 50000
8 51 1273 50000
9 10 4689 50000
9 11 2908 50000
9 12 2405 50000
9 13 1385 50000
9 14 1147 50000
9 15 1129 50000
9 16 1200 50000
9 17 1259 50000
9 18 1726 50000
9 19 2269 50000
9 20 3266 50000
9 21 5245 50000
9 22 6739 50000
9 23 3972 50000
9 24 2436 50000
9 25 1695 50000
9 26 1297 50000
9 27 1041 50000
9 28 999 50000
9 29 1051 50000
9 30 1164 50000
9 31 1466 50000
9 32 1825 50000
9 33 2526 50000
9 34 4039 50000
9 35 6911 50000
9 36 3935 50000
9 37 2369 50000
9 38 1640 50000
9 39 1278 50000
9 40 1067 50000
9 41 1025 50000
9 42 1061 50000
9 43 1192 50000
9 44 1466 50000
9 45 1822 50000
9 46 2612 50000
9 47 4188 50000
9 48 7085 50000
9 49 4052 50000
9 50 2496 50000
9 51 1657 50000
10 11 5016 50000
10 12 3802 50000
10 13 1734 50000
10 14 1383 50000
10 15 1171 50000
10 16 1134 50000
10 17 1194 50000
10 18 1376 50000
10 19 1709 50000
10 20 2336 50000
10 21 3317 50000
10 22 5585 50000
10 23 6896 50000
10 24 4107 50000
10 25 2344 50000
10 26 1629 50000
10 27 1231 50000
10 28 1100 50000
10 29 1010 50000
10 30 1075 50000
10 31 1194 50000
10 32 1409 50000
10 33 1863 50000
10 34 2582 50000
10 35 4053 50000
10 36 7101 50000
10 37 3835 50000
10 38 2276 50000
10 39 1678 50000
10 40 1338 50000
10 41 1086 50000
10 42 1078 50000
10 43 1063 50000
10 44 1147 50000
10 45 1449 50000
10 46 1896 50000
10 47 2690 50000
10 48 4201 50000
10 49 7207 50000
10 50 4156 50000
10 51 2368 50000
11 12 7637 50000
11 13 2589 50000
11 14 1684 50000
11 15 1419 50000
11 16 1215 50000
11 17 1131 50000
11 18 1257 50000
11 19 1418 50000
11 20 1794 50000
11 21 2464 50000
11 22 3521 50000
11 23 6073 50000
11 24 7383 50000
11 25 3924 50000
11 26 2516 50000
11 27 1591 50000
11 28 1256 50000
11 29 1085 50000
11 30 1061 50000
11 31 1095 50000
11 32 1162 50000
11 33 1477 50000
11 34 1933 50000
11 35 2700 50000
11 36 4299 50000
11 37 7584 50000
11 38 3934 50000
11 39 2508 50000
11 40 1641 50000
11 41 1272 50000
11 42 1161 50000
11 43 1026 50000
11 44 1100 50000
11 45 1280 50000
11 46 1512 50000
11 47 1981 50000
11 48 2755 50000
11 49 4374 50000
11 50 8012 50000
11 51 3993 50000
12 13 5751 50000
12 14 2885 50000
12 15 2075 50000
12 16 1609 50000
12 17 1356 50000
12 18 1284 50000
12 19 1386 50000
12 20 1600 50000
12 21 2123 50000
12 22 2975 50000
12 23 4711 50000
12 24 9143 50000
12 25 12533 50000
12 26 5692 50000
12 27 2818 50000
12 28 1866 50000
12 29 1476 50000
12 30 1226 50000
12 31 1195 50000
12 32 1245 50000
12 33 1427 50000
12 34 1703 50000
12 35 2350 50000
12 36 3516 50000
12 37 6367 50000
12 38 12599 50000
12 39 5873 50000
12 40 2970 50000
12 41 1945 50000
12 42 1548 50000
12 43 1277 50000
12 44 1240 50000
12 45 1293 50000
12 46 1368 50000
12 47 1743 50000
12 48 2409 50000
12 49 3482 50000
12 50 6589 50000
12 51 13032 50000
13 14 4554 50000
13 15 2594 50000
13 16 1773 50000
13 17 1419 50000
13 18 1180 50000
13 19 1061 50000
13 20 1190 50000
13 21 1207 50000
13 22 1546 50000
13 23 2037 50000
13 24 2835 50000
13 25 4674 50000
13 26 5548 50000
13 27 4159 50000
13 28 2464 50000
13 29 1753 50000
13 30 1311 50000
13 31 1138 50000
13 32 1005 50000
13 33 1077 50000
13 34 1121 50000
13 35 1293 50000
13 36 1684 50000
13 37 2191 50000
13 38 3259 50000
13 39 5660 50000
13 40 4302 50000
13 41 2533 50000
13 42 1839 50000
13 43 1330 50000
13 44 1189 50000
13 45 1067 50000
13 46 1074 50000
13 47 1100 50000
13 48 1361 50000
13 49 1586 50000
13 50 2247 50000
13 51 3451 50000
14 15 4516 50000
14 16 2728 50000
14 17 1848 50000
14 18 1407 50000
14 19 1229 50000
14 20 1124 50000
14 21 1137 50000
14 22 1262 50000
14 23 1488 50000
14 24 1868 50000
14 25 2512 50000
14 26 3225 50000
14 27 5640 50000
14 28 4327 50000
14 29 2617 50000
14 30 1775 50000
14 31 1418 50000
14 32 1157 50000
14 33 1018 50000
14 34 1061 50000
14 35 1045 50000
14 36 1264 50000
14 37 1580 50000
14 38 2069 50000
14 39 3236 50000
14 40 5881 50000
14 41 4381 50000
14 42 2713 50000
14 43 1827 50000
14 44 1385 50000
14 45 1189 50000
14 46 1094 50000
14 47 1062 50000
14 48 1123 50000
14 49 1233 50000
14 50 1543 50000
14 51 2082 50000
15 16 4761 50000
15 17 2846 50000
15 18 1924 50000
15 19 1548 50000
15 20 1289 50000
15 21 1185 50000
15 22 1146 50000
15 23 1205 50000
15 24 1442 50000
15 25 1889 50000
15 26 2051 50000
15 27 3310 50000
15 28 5693 50000
15 29 4444 50000
15 30 2729 50000
15 31 1962 50000
15 32 1410 50000
15 33 1232 50000
15 34 1089 50000
15 35 1066 50000
15 36 1103 50000
15 37 1233 50000
15 38 1446 50000
15 39 2089 50000
15 40 3394 50000
15 41 5889 50000
15 42 4646 50000
15 43 2876 50000
15 44 2031 50000
15 45 1426 50000
15 46 1252 50000
15 47 1123 50000
15 48 1102 50000
15 49 1120 50000
15 50 1282 50000
15 51 1437 50000
16 17 4684 50000
16 18 2938 50000
16 19 2040 50000
16 20 1553 50000
16 21 1240 50000
16 22 1179 50000
16 23 1127 50000
16 24 1149 50000
16 25 1335 50000
16 26 1555 50000
16 27 2137 50000
16 28 3528 50000
16 29 5810 50000
16 30 4603 50000
16 31 2888 50000
16 32 1955 50000
16 33 1476 50000
16 34 1239 50000
16 35 1130 50000
16 36 1059 50000
16 37 1025 50000
16 38 1196 50000
16 39 1482 50000
16 40 2054 50000
16 41 3415 50000
16 42 6105 50000
16 43 4699 50000
16 44 2921 50000
16 45 1991 50000
16 46 1567 50000
16 47 1319 50000
16 48 1166 50000
16 49 1018 50000
16 50 1176 50000
16 51 1183 50000
17 18 4738 50000
17 19 2926 50000
17 20 2066 50000
17 21 1599 50000
17 22 1304 50000
17 23 1172 50000
17 24 1142 50000
17 25 1198 50000
17 26 1165 50000
17 27 1506 50000
17 28 2178 50000
17 29 3476 50000
17 30 5874 50000
17 31 4550 50000
17 32 2873 50000
17 33 1928 50000
17 34 1508 50000
17 35 1244 50000
17 36 1127 50000
17 37 1021 50000
17 38 1013 50000
17 39 1214 50000
17 40 1484 50000
17 41 2092 50000
17 42 3535 50000
17 43 5975 50000
17 44 4664 50000
17 45 2821 50000
17 46 2013 50000
17 47 1543 50000
17 48 1349 50000
17 49 1094 50000
17 50 1040 50000
17 51 1034 50000
18 19 4891 50000
18 20 2994 50000
18 21 2013 50000
18 22 1609 50000
18 23 1348 50000
18 24 1169 50000
18 25 1117 50000
18 26 1011 50000
18 27 1191 50000
18 28 1539 50000
18 29 2238 50000
18 30 3522 50000
18 31 5918 50000
18 32 4676 50000
18 33 2845 50000
18 34 1998 50000
18 35 1530 50000
18 36 1292 50000
18 37 1081 50000
18 38 1007 50000
18 39 1103 50000
18 40 1245 50000
18 41 1534 50000
18 42 2246 50000
18 43 3565 50000
18 44 6104 50000
18 45 4842 50000
18 46 2972 50000
18 47 2063 50000
18 48 1604 50000
18 49 1275 50000
18 50 1047 50000
18 51 970 50000
19 20 4907 50000
19 21 3078 50000
19 22 2154 50000
19 23 1602 50000
19 24 1314 50000
19 25 1107 50000
19 26 1007 50000
19 27 1096 50000
19 28 1284 50000
19 29 1632 50000
19 30 2349 50000
19 31 3658 50000
19 32 5954 50000
19 33 4708 50000
19 34 2881 50000
19 35 2013 50000
19 36 1576 50000
19 37 1231 50000
19 38 1111 50000
19 39 1038 50000
19 40 1090 50000
19 41 1231 50000
19 42 1646 50000
19 43 2356 50000
19 44 3725 50000
19 45 6338 50000
19 46 4881 50000
19 47 3012 50000
19 48 2113 50000
19 49 1591 50000
19 50 1313 50000
19 51 1091 50000
20 21 4924 50000
20 22 3097 50000
20 23 2213 50000
20 24 1553 50000
20 25 1266 50000
20 26 1009 50000
20 27 1028 50000
20 28 1123 50000
20 29 1326 50000
20 30 1748 50000
20 31 2415 50000
20 32 3654 50000
20 33 6099 50000
20 34 4799 50000
20 35 2998 50000
20 36 2146 50000
20 37 1568 50000
20 38 1205 50000
20 39 1131 50000
20 40 1024 50000
20 41 1061 50000
20 42 1406 50000
20 43 1678 50000
20 44 2438 50000
20 45 3703 50000
20 46 6273 50000
20 47 4991 50000
20 48 3151 50000
20 49 2090 50000
20 50 1506 50000
20 51 1175 50000
21 22 4991 50000
21 23 3040 50000
21 24 2056 50000
21 25 1585 50000
21 26 1176 50000
21 27 1054 50000
21 28 976 50000
21 29 1145 50000
21 30 1296 50000
21 31 1748 50000
21 32 2488 50000
21 33 3723 50000
21 34 6047 50000
21 35 4795 50000
21 36 2966 50000
21 37 2012 50000
21 38 1370 50000
21 39 1199 50000
21 40 1048 50000
21 41 1058 50000
21 42 1156 50000
21 43 1314 50000
21 44 1796 50000
21 45 2480 50000
21 46 3730 50000
21 47 6368 50000
21 48 5010 50000
21 49 2988 50000
21 50 2077 50000
21 51 1455 50000
22 23 4998 50000
22 24 3040 50000
22 25 2047 50000
22 26 1425 50000
22 27 1148 50000
22 28 1032 50000
22 29 1069 50000
22 30 1164 50000
22 31 1371 50000
22 32 1681 50000
22 33 2340 50000
22 34 3814 50000
22 35 6197 50000
22 36 4888 50000
22 37 2917 50000
22 38 1966 50000
22 39 1450 50000
22 40 1153 50000
22 41 1104 50000
22 42 1041 50000
22 43 1185 50000
22 44 1411 50000
22 45 1759 50000
22 46 2458 50000
22 47 3780 50000
22 48 6556 50000
22 49 4958 50000
22 50 3051 50000
22 51 1935 50000
23 24 4995 50000
23 25 2881 50000
23 26 1875 50000
23 27 1357 50000
23 28 1136 50000
23 29 1068 50000
23 30 1085 50000
23 31 1155 50000
23 32 1362 50000
23 33 1715 50000
23 34 2343 50000
23 35 3701 50000
23 36 6188 50000
23 37 4775 50000
23 38 2783 50000
23 39 1908 50000
23 40 1371 50000
23 41 1119 50000
23 42 1065 50000
23 43 1069 50000
23 44 1138 50000
23 45 1380 50000
23 46 1786 50000
23 47 2421 50000
23 48 3808 50000
23 49 6280 50000
23 50 5088 50000
23 51 2792 50000
24 25 4814 50000
24 26 2786 50000
24 27 1684 50000
24 28 1290 50000
24 29 1175 50000
24 30 1033 50000
24 31 1023 50000
24 32 1088 50000
24 33 1371 50000
24 34 1731 50000
24 35 2335 50000
24 36 3621 50000
24 37 6223 50000
24 38 4531 50000
24 39 2775 50000
24 40 1767 50000
24 41 1312 50000
24 42 1152 50000
24 43 991 50000
24 44 1083 50000
24 45 1222 50000
24 46 1330 50000
24 47 1718 50000
24 48 2342 50000
24 49 3698 50000
24 50 6465 50000
24 51 4733 50000
25 26 4500 50000
25 27 2491 50000
25 28 1715 50000
25 29 1319 50000
25 30 1125 50000
25 31 969 50000
25 32 1040 50000
25 33 1091 50000
25 34 1268 50000
25 35 1611 50000
25 36 2115 50000
25 37 3451 50000
25 38 5429 50000
25 39 4690 50000
25 40 2563 50000
25 41 1702 50000
25 42 1338 50000
25 43 1144 50000
25 44 1060 50000
25 45 1048 50000
25 46 1125 50000
25 47 1342 50000
25 48 1654 50000
25 49 2253 50000
25 50 3546 50000
25 51 5722 50000
26 27 3162 50000
26 28 1856 50000
26 29 1446 50000
26 30 1150 50000
26 31 982 50000
26 32 918 50000
26 33 919 50000
26 34 993 50000
26 35 1219 50000
26 36 1550 50000
26 37 2219 50000
26 38 3467 50000
26 39 5633 50000
26 40 3142 50000
26 41 1965 50000
26 42 1439 50000
26 43 1194 50000
26 44 947 50000
26 45 927 50000
26 46 941 50000
26 47 1025 50000
26 48 1206 50000
26 49 1480 50000
26 50 2195 50000
26 51 3411 50000
27 28 3280 50000
27 29 2061 50000
27 30 1440 50000
27 31 1151 50000
27 32 1040 50000
27 33 920 50000
27 34 927 50000
27 35 999 50000
27 36 1191 50000
27 37 1465 50000
27 38 1968 50000
27 39 3088 50000
27 40 5850 50000
27 41 3135 50000
27 42 2032 50000
27 43 1382 50000
27 44 1185 50000
27 45 994 50000
27 46 961 50000
27 47 962 50000
27 48 1040 50000
27 49 1145 50000
27 50 1414 50000
27 51 1933 50000
28 29 3504 50000
28 30 2091 50000
28 31 1524 50000
28 32 1206 50000
28 33 1029 50000
28 34 929 50000
28 35 927 50000
28 36 1015 50000
28 37 1120 50000
28 38 1335 50000
28 39 1850 50000
28 40 3204 50000
28 41 5877 50000
28 42 3258 50000
28 43 2153 50000
28 44 1461 50000
28 45 1219 50000
28 46 1054 50000
28 47 952 50000
28 48 955 50000
28 49 970 50000
28 50 1182 50000
28 51 1409 50000
29 30 3539 50000
29 31 2228 50000
29 32 1543 50000
29 33 1298 50000
29 34 1053 50000
29 35 964 50000
29 36 955 50000
29 37 966 50000
29 38 1088 50000
29 39 1371 50000
29 40 1997 50000
29 41 3250 50000
29 42 5987 50000
29 43 3398 50000
29 44 2236 50000
29 45 1586 50000
29 46 1292 50000
29 47 1055 50000
29 48 928 50000
29 49 984 50000
29 50 993 50000
29 51 1032 50000
30 31 3709 50000
30 32 2263 50000
30 33 1668 50000
30 34 1223 50000
30 35 1039 50000
30 36 1000 50000
30 37 907 50000
30 38 937 50000
30 39 1192 50000
30 40 1486 50000
30 41 2069 50000
30 42 3454 50000
30 43 6063 50000
30 44 3651 50000
30 45 2326 50000
30 46 1647 50000
30 47 1339 50000
30 48 1140 50000
30 49 996 50000
30 50 944 50000
30 51 947 50000
31 32 3642 50000
31 33 2370 50000
31 34 1681 50000
31 35 1277 50000
31 36 1105 50000
31 37 932 50000
31 38 958 50000
31 39 1015 50000
31 40 1122 50000
31 41 1520 50000
31 42 2302 50000
31 43 3510 50000
31 44 6197 50000
31 45 3707 50000
31 46 2339 50000
31 47 1745 50000
31 48 1371 50000
31 49 1104 50000
31 50 992 50000
31 51 975 50000
32 33 3806 50000
32 34 2378 50000
32 35 1664 50000
32 36 1318 50000
32 37 1054 50000
32 38 905 50000
32 39 942 50000
32 40 995 50000
32 41 1276 50000
32 42 1582 50000
32 43 2196 50000
32 44 3603 50000
32 45 6292 50000
32 46 3671 50000
32 47 2321 50000
32 48 1758 50000
32 49 1246 50000
32 50 1111 50000
32 51 948 50000
33 34 3784 50000
33 35 2402 50000
33 36 1668 50000
33 37 1336 50000
33 38 1039 50000
33 39 946 50000
33 40 931 50000
33 41 1008 50000
33 42 1278 50000
33 43 1616 50000
33 44 2378 50000
33 45 3646 50000
33 46 6342 50000
33 47 3719 50000
33 48 2461 50000
33 49 1663 50000
33 50 1318 50000
33 51 1047 50000
34 35 3855 50000
34 36 2392 50000
34 37 1631 50000
34 38 1193 50000
34 39 1004 50000
34 40 923 50000
34 41 921 50000
34 42 1115 50000
34 43 1280 50000
34 44 1685 50000
34 45 2317 50000
34 46 3660 50000
34 47 6459 50000
34 48 3797 50000
34 49 2298 50000
34 50 1718 50000
34 51 1210 50000
35 36 3795 50000
35 37 2370 50000
35 38 1528 50000
35 39 1158 50000
35 40 965 50000
35 41 903 50000
35 42 977 50000
35 43 1082 50000
35 44 1322 50000
35 45 1730 50000
35 46 2319 50000
35 47 3747 50000
35 48 6364 50000
35 49 3703 50000
35 50 2334 50000
35 51 1593 50000
36 37 3737 50000
36 38 2188 50000
36 39 1514 50000
36 40 1236 50000
36 41 992 50000
36 42 976 50000
36 43 928 50000
36 44 1093 50000
36 45 1356 50000
36 46 1780 50000
36 47 2432 50000
36 48 3713 50000
36 49 6401 50000
36 50 3806 50000
36 51 2227 50000
37 38 3519 50000
37 39 2192 50000
37 40 1472 50000
37 41 1144 50000
37 42 991 50000
37 43 903 50000
37 44 1009 50000
37 45 1141 50000
37 46 1318 50000
37 47 1698 50000
37 48 2358 50000
37 49 3664 50000
37 50 6548 50000
37 51 3526 50000
38 39 3391 50000
38 40 1873 50000
38 41 1395 50000
38 42 1105 50000
38 43 995 50000
38 44 957 50000
38 45 980 50000
38 46 1029 50000
38 47 1234 50000
38 48 1568 50000
38 49 2165 50000
38 50 3353 50000
38 51 5763 50000
39 40 3309 50000
39 41 2006 50000
39 42 1473 50000
39 43 1051 50000
39 44 1001 50000
39 45 954 50000
39 46 983 50000
39 47 1083 50000
39 48 1225 50000
39 49 1571 50000
39 50 2276 50000
39 51 3735 50000
40 41 3378 50000
40 42 2160 50000
40 43 1497 50000
40 44 1190 50000
40 45 982 50000
40 46 934 50000
40 47 897 50000
40 48 987 50000
40 49 1148 50000
40 50 1582 50000
40 51 2061 50000
41 42 3484 50000
41 43 2088 50000
41 44 1526 50000
41 45 1236 50000
41 46 980 50000
41 47 991 50000
41 48 984 50000
41 49 1022 50000
41 50 1142 50000
41 51 1382 50000
42 43 3652 50000
42 44 2339 50000
42 45 1652 50000
42 46 1282 50000
42 47 1147 50000
42 48 1055 50000
42 49 940 50000
42 50 1008 50000
42 51 1122 50000
43 44 3624 50000
43 45 2283 50000
43 46 1718 50000
43 47 1323 50000
43 48 1144 50000
43 49 970 50000
43 50 1004 50000
43 51 970 50000
44 45 3881 50000
44 46 2461 50000
44 47 1722 50000
44 48 1399 50000
44 49 1094 50000
44 50 1012 50000
44 51 945 50000
45 46 3986 50000
45 47 2415 50000
45 48 1853 50000
45 49 1342 50000
45 50 1142 50000
45 51 955 50000
46 47 4007 50000
46 48 2529 50000
46 49 1734 50000
46 50 1387 50000
46 51 1050 50000
47 48 4053 50000
47 49 2431 50000
47 50 1743 50000
47 51 1281 50000
48 49 3958 50000
48 50 2492 50000
48 51 1563 50000
49 50 3927 50000
49 51 2356 50000
50 51 3783 50000
