0 1 31 20000
0 2 92 20000
0 3 123 20000
0 4 168 20000
0 5 89 20000
0 6 157 20000
0 7 411 20000
0 8 250 20000
0 9 234 20000
0 10 81 20000
0 11 73 20000
0 12 61 20000
0 13 127 20000
0 14 30 20000
0 15 68 20000
0 16 79 20000
0 17 83 20000
0 18 99 20000
0 19 91 20000
0 20 59 20000
0 21 54 20000
0 22 61 20000
0 23 90 20000
0 24 77 20000
0 25 112 20000
0 26 57 20000
0 27 67 20000
0 28 102 20000
0 29 91 20000
0 30 99 20000
0 31 141 20000
0 32 90 20000
0 33 22 20000
0 34 69 20000
0 35 78 20000
0 36 95 20000
0 37 99 20000
0 38 148 20000
0 39 114 20000
0 40 132 20000
0 41 134 20000
0 42 129 20000
0 43 126 20000
0 44 113 20000
0 45 119 20000
0 46 65 20000
0 47 113 20000
0 48 134 20000
0 49 148 20000
0 50 184 20000
0 51 140 20000
1 2 31 20000
1 3 67 20000
1 4 87 20000
1 5 145 20000
1 6 89 20000
1 7 221 20000
1 8 284 20000
1 9 235 20000
1 10 205 20000
1 11 85 20000
1 12 91 20000
1 13 149 20000
1 14 78 20000
1 15 33 20000
1 16 74 20000
1 17 77 20000
1 18 78 20000
1 19 88 20000
1 20 116 20000
1 21 97 20000
1 22 67 20000
1 23 80 20000
1 24 85 20000
1 25 96 20000
1 26 58 20000
1 27 47 20000
1 28 72 20000
1 29 91 20000
1 30 127 20000
1 31 133 20000
1 32 142 20000
1 33 52 20000
1 34 60 20000
1 35 66 20000
1 36 92 20000
1 37 113 20000
1 38 114 20000
1 39 41 20000
1 40 88 20000
1 41 178 20000
1 42 179 20000
1 43 156 20000
1 44 173 20000
1 45 104 20000
1 46 40 20000
1 47 68 20000
1 48 137 20000
1 49 144 20000
1 50 140 20000
1 51 153 20000
2 3 27 20000
2 4 66 20000
2 5 71 20000
2 6 107 20000
2 7 237 20000
2 8 148 20000
2 9 253 20000
2 10 176 20000
2 11 194 20000
2 12 164 20000
2 13 151 20000
2 14 158 20000
2 15 100 20000
2 16 51 20000
2 17 79 20000
2 18 93 20000
2 19 80 20000
2 20 113 20000
2 21 138 20000
2 22 97 20000
2 23 76 20000
2 24 65 20000
2 25 88 20000
2 26 90 20000
2 27 84 20000
2 28 47 20000
2 29 60 20000
2 30 120 20000
2 31 146 20000
2 32 117 20000
2 33 68 20000
2 34 60 20000
2 35 36 20000
2 36 79 20000
2 37 90 20000
2 38 107 20000
2 39 52 20000
2 40 40 20000
2 41 66 20000
2 42 153 20000
2 43 186 20000
2 44 171 20000
2 45 140 20000
2 46 46 20000
2 47 65 20000
2 48 93 20000
2 49 133 20000
2 50 135 20000
2 51 145 20000
3 4 20 20000
3 5 60 20000
3 6 57 20000
3 7 115 20000
3 8 176 20000
3 9 116 20000
3 10 286 20000
3 11 155 20000
3 12 333 20000
3 13 136 20000
3 14 178 20000
3 15 151 20000
3 16 85 20000
3 17 55 20000
3 18 69 20000
3 19 83 20000
3 20 159 20000
3 21 125 20000
3 22 143 20000
3 23 112 20000
3 24 75 20000
3 25 66 20000
3 26 95 20000
3 27 92 20000
3 28 75 20000
3 29 46 20000
3 30 78 20000
3 31 107 20000
3 32 104 20000
3 33 109 20000
3 34 77 20000
3 35 81 20000
3 36 52 20000
3 37 70 20000
3 38 105 20000
3 39 79 20000
3 40 65 20000
3 41 32 20000
3 42 95 20000
3 43 154 20000
3 44 153 20000
3 45 180 20000
3 46 94 20000
3 47 66 20000
3 48 56 20000
3 49 104 20000
3 50 140 20000
3 51 151 20000
4 5 25 20000
4 6 68 20000
4 7 76 20000
4 8 113 20000
4 9 182 20000
4 10 137 20000
4 11 273 20000
4 12 241 20000
4 13 138 20000
4 14 140 20000
4 15 169 20000
4 16 139 20000
4 17 92 20000
4 18 32 20000
4 19 79 20000
4 20 143 20000
4 21 161 20000
4 22 137 20000
4 23 166 20000
4 24 108 20000
4 25 72 20000
4 26 101 20000
4 27 123 20000
4 28 99 20000
4 29 64 20000
4 30 48 20000
4 31 71 20000
4 32 108 20000
4 33 110 20000
4 34 115 20000
4 35 83 20000
4 36 87 20000
4 37 58 20000
4 38 82 20000
4 39 84 20000
4 40 86 20000
4 41 78 20000
4 42 45 20000
4 43 100 20000
4 44 161 20000
4 45 169 20000
4 46 85 20000
4 47 99 20000
4 48 70 20000
4 49 72 20000
4 50 98 20000
4 51 174 20000
5 6 27 20000
5 7 49 20000
5 8 74 20000
5 9 136 20000
5 10 165 20000
5 11 127 20000
5 12 358 20000
5 13 142 20000
5 14 157 20000
5 15 172 20000
5 16 185 20000
5 17 162 20000
5 18 97 20000
5 19 30 20000
5 20 139 20000
5 21 173 20000
5 22 158 20000
5 23 149 20000
5 24 172 20000
5 25 90 20000
5 26 124 20000
5 27 115 20000
5 28 135 20000
5 29 96 20000
5 30 94 20000
5 31 48 20000
5 32 71 20000
5 33 138 20000
5 34 123 20000
5 35 97 20000
5 36 109 20000
5 37 112 20000
5 38 53 20000
5 39 98 20000
5 40 88 20000
5 41 86 20000
5 42 70 20000
5 43 41 20000
5 44 103 20000
5 45 149 20000
5 46 98 20000
5 47 79 20000
5 48 90 20000
5 49 79 20000
5 50 82 20000
5 51 94 20000
6 7 123 20000
6 8 62 20000
6 9 71 20000
6 10 120 20000
6 11 129 20000
6 12 165 20000
6 13 116 20000
6 14 114 20000
6 15 142 20000
6 16 172 20000
6 17 159 20000
6 18 157 20000
6 19 83 20000
6 20 140 20000
6 21 160 20000
6 22 154 20000
6 23 136 20000
6 24 141 20000
6 25 190 20000
6 26 98 20000
6 27 118 20000
6 28 123 20000
6 29 116 20000
6 30 117 20000
6 31 77 20000
6 32 53 20000
6 33 103 20000
6 34 103 20000
6 35 117 20000
6 36 96 20000
6 37 120 20000
6 38 86 20000
6 39 78 20000
6 40 101 20000
6 41 113 20000
6 42 76 20000
6 43 76 20000
6 44 50 20000
6 45 79 20000
6 46 104 20000
6 47 120 20000
6 48 86 20000
6 49 87 20000
6 50 83 20000
6 51 85 20000
7 8 37 20000
7 9 115 20000
7 10 117 20000
7 11 159 20000
7 12 202 20000
7 13 57 20000
7 14 56 20000
7 15 58 20000
7 16 67 20000
7 17 89 20000
7 18 92 20000
7 19 123 20000
7 20 104 20000
7 21 46 20000
7 22 60 20000
7 23 78 20000
7 24 69 20000
7 25 95 20000
7 26 38 20000
7 27 63 20000
7 28 87 20000
7 29 93 20000
7 30 106 20000
7 31 115 20000
7 32 113 20000
7 33 54 20000
7 34 62 20000
7 35 73 20000
7 36 104 20000
7 37 106 20000
7 38 111 20000
7 39 58 20000
7 40 109 20000
7 41 141 20000
7 42 138 20000
7 43 171 20000
7 44 145 20000
7 45 150 20000
7 46 118 20000
7 47 150 20000
7 48 149 20000
7 49 117 20000
7 50 133 20000
7 51 138 20000
8 9 27 20000
8 10 56 20000
8 11 86 20000
8 12 216 20000
8 13 128 20000
8 14 74 20000
8 15 54 20000
8 16 69 20000
8 17 82 20000
8 18 89 20000
8 19 82 20000
8 20 153 20000
8 21 72 20000
8 22 40 20000
8 23 70 20000
8 24 86 20000
8 25 89 20000
8 26 52 20000
8 27 34 20000
8 28 78 20000
8 29 97 20000
8 30 104 20000
8 31 120 20000
8 32 138 20000
8 33 80 20000
8 34 43 20000
8 35 62 20000
8 36 88 20000
8 37 118 20000
8 38 110 20000
8 39 47 20000
8 40 84 20000
8 41 155 20000
8 42 122 20000
8 43 129 20000
8 44 151 20000
8 45 150 20000
8 46 44 20000
8 47 96 20000
8 48 155 20000
8 49 190 20000
8 50 152 20000
8 51 141 20000
9 10 30 20000
9 11 59 20000
9 12 72 20000
9 13 148 20000
9 14 136 20000
9 15 91 20000
9 16 66 20000
9 17 59 20000
9 18 88 20000
9 19 85 20000
9 20 141 20000
9 21 161 20000
9 22 97 20000
9 23 36 20000
9 24 59 20000
9 25 77 20000
9 26 75 20000
9 27 82 20000
9 28 59 20000
9 29 73 20000
9 30 87 20000
9 31 111 20000
9 32 113 20000
9 33 93 20000
9 34 70 20000
9 35 46 20000
9 36 62 20000
9 37 111 20000
9 38 116 20000
9 39 74 20000
9 40 60 20000
9 41 113 20000
9 42 161 20000
9 43 124 20000
9 44 133 20000
9 45 171 20000
9 46 71 20000
9 47 41 20000
9 48 84 20000
9 49 165 20000
9 50 196 20000
9 51 173 20000
10 11 23 20000
10 12 65 20000
10 13 169 20000
10 14 132 20000
10 15 161 20000
10 16 100 20000
10 17 78 20000
10 18 95 20000
10 19 66 20000
10 20 132 20000
10 21 179 20000
10 22 151 20000
10 23 105 20000
10 24 51 20000
10 25 76 20000
10 26 125 20000
10 27 90 20000
10 28 80 20000
10 29 53 20000
10 30 89 20000
10 31 117 20000
10 32 109 20000
10 33 109 20000
10 34 112 20000
10 35 70 20000
10 36 47 20000
10 37 61 20000
10 38 100 20000
10 39 79 20000
10 40 53 20000
10 41 61 20000
10 42 106 20000
10 43 171 20000
10 44 130 20000
10 45 144 20000
10 46 69 20000
10 47 74 20000
10 48 42 20000
10 49 87 20000
10 50 162 20000
10 51 172 20000
11 12 26 20000
11 13 157 20000
11 14 130 20000
11 15 138 20000
11 16 136 20000
11 17 105 20000
11 18 62 20000
11 19 57 20000
11 20 122 20000
11 21 151 20000
11 22 199 20000
11 23 169 20000
11 24 102 20000
11 25 38 20000
11 26 133 20000
11 27 96 20000
11 28 76 20000
11 29 97 20000
11 30 48 20000
11 31 92 20000
11 32 96 20000
11 33 86 20000
11 34 96 20000
11 35 105 20000
11 36 81 20000
11 37 49 20000
11 38 84 20000
11 39 91 20000
11 40 70 20000
11 41 63 20000
11 42 64 20000
11 43 88 20000
11 44 166 20000
11 45 142 20000
11 46 79 20000
11 47 77 20000
11 48 70 20000
11 49 49 20000
11 50 103 20000
11 51 166 20000
12 13 196 20000
12 14 198 20000
12 15 184 20000
12 16 200 20000
12 17 218 20000
12 18 142 20000
12 19 99 20000
12 20 154 20000
12 21 184 20000
12 22 227 20000
12 23 231 20000
12 24 212 20000
12 25 135 20000
12 26 173 20000
12 27 125 20000
12 28 133 20000
12 29 127 20000
12 30 114 20000
12 31 63 20000
12 32 108 20000
12 33 131 20000
12 34 113 20000
12 35 105 20000
12 36 132 20000
12 37 85 20000
12 38 49 20000
12 39 94 20000
12 40 88 20000
12 41 89 20000
12 42 74 20000
12 43 89 20000
12 44 128 20000
12 45 263 20000
12 46 102 20000
12 47 94 20000
12 48 98 20000
12 49 69 20000
12 50 41 20000
12 51 103 20000
13 14 33 20000
13 15 84 20000
13 16 104 20000
13 17 143 20000
13 18 106 20000
13 19 121 20000
13 20 409 20000
13 21 279 20000
13 22 198 20000
13 23 67 20000
13 24 83 20000
13 25 39 20000
13 26 98 20000
13 27 37 20000
13 28 60 20000
13 29 71 20000
13 30 85 20000
13 31 102 20000
13 32 92 20000
13 33 74 20000
13 34 45 20000
13 35 75 20000
13 36 76 20000
13 37 83 20000
13 38 91 20000
13 39 62 20000
13 40 67 20000
13 41 87 20000
13 42 87 20000
13 43 95 20000
13 44 155 20000
13 45 100 20000
13 46 35 20000
13 47 67 20000
13 48 92 20000
13 49 124 20000
13 50 126 20000
13 51 123 20000
14 15 17 20000
14 16 60 20000
14 17 83 20000
14 18 123 20000
14 19 77 20000
14 20 206 20000
14 21 275 20000
14 22 227 20000
14 23 198 20000
14 24 74 20000
14 25 85 20000
14 26 134 20000
14 27 85 20000
14 28 49 20000
14 29 66 20000
14 30 76 20000
14 31 90 20000
14 32 108 20000
14 33 119 20000
14 34 79 20000
14 35 68 20000
14 36 51 20000
14 37 72 20000
14 38 76 20000
14 39 78 20000
14 40 36 20000
14 41 61 20000
14 42 106 20000
14 43 135 20000
14 44 99 20000
14 45 140 20000
14 46 54 20000
14 47 49 20000
14 48 78 20000
14 49 80 20000
14 50 108 20000
14 51 131 20000
15 16 27 20000
15 17 72 20000
15 18 65 20000
15 19 96 20000
15 20 199 20000
15 21 171 20000
15 22 255 20000
15 23 184 20000
15 24 189 20000
15 25 78 20000
15 26 146 20000
15 27 164 20000
15 28 99 20000
15 29 45 20000
15 30 75 20000
15 31 101 20000
15 32 96 20000
15 33 130 20000
15 34 159 20000
15 35 101 20000
15 36 63 20000
15 37 65 20000
15 38 59 20000
15 39 93 20000
15 40 56 20000
15 41 45 20000
15 42 78 20000
15 43 105 20000
15 44 108 20000
15 45 122 20000
15 46 102 20000
15 47 63 20000
15 48 58 20000
15 49 68 20000
15 50 100 20000
15 51 90 20000
16 17 28 20000
16 18 69 20000
16 19 61 20000
16 20 103 20000
16 21 201 20000
16 22 96 20000
16 23 244 20000
16 24 168 20000
16 25 182 20000
16 26 122 20000
16 27 171 20000
16 28 157 20000
16 29 104 20000
16 30 34 20000
16 31 59 20000
16 32 106 20000
16 33 142 20000
16 34 140 20000
16 35 171 20000
16 36 114 20000
16 37 59 20000
16 38 67 20000
16 39 83 20000
16 40 93 20000
16 41 89 20000
16 42 43 20000
16 43 59 20000
16 44 93 20000
16 45 100 20000
16 46 122 20000
16 47 87 20000
16 48 86 20000
16 49 52 20000
16 50 85 20000
16 51 84 20000
17 18 26 20000
17 19 74 20000
17 20 74 20000
17 21 137 20000
17 22 168 20000
17 23 103 20000
17 24 294 20000
17 25 165 20000
17 26 124 20000
17 27 140 20000
17 28 183 20000
17 29 157 20000
17 30 94 20000
17 31 50 20000
17 32 62 20000
17 33 143 20000
17 34 153 20000
17 35 127 20000
17 36 153 20000
17 37 102 20000
17 38 54 20000
17 39 109 20000
17 40 109 20000
17 41 100 20000
17 42 68 20000
17 43 64 20000
17 44 69 20000
17 45 97 20000
17 46 117 20000
17 47 121 20000
17 48 79 20000
17 49 89 20000
17 50 46 20000
17 51 66 20000
18 19 20 20000
18 20 55 20000
18 21 95 20000
18 22 124 20000
18 23 141 20000
18 24 125 20000
18 25 286 20000
18 26 136 20000
18 27 125 20000
18 28 175 20000
18 29 191 20000
18 30 163 20000
18 31 79 20000
18 32 37 20000
18 33 135 20000
18 34 149 20000
18 35 148 20000
18 36 141 20000
18 37 183 20000
18 38 93 20000
18 39 131 20000
18 40 112 20000
18 41 102 20000
18 42 91 20000
18 43 64 20000
18 44 46 20000
18 45 79 20000
18 46 125 20000
18 47 100 20000
18 48 101 20000
18 49 124 20000
18 50 84 20000
18 51 56 20000
19 20 120 20000
19 21 45 20000
19 22 97 20000
19 23 114 20000
19 24 163 20000
19 25 109 20000
19 26 119 20000
19 27 116 20000
19 28 176 20000
19 29 180 20000
19 30 158 20000
19 31 156 20000
19 32 88 20000
19 33 113 20000
19 34 111 20000
19 35 133 20000
19 36 131 20000
19 37 134 20000
19 38 176 20000
19 39 87 20000
19 40 117 20000
19 41 111 20000
19 42 118 20000
19 43 83 20000
19 44 67 20000
19 45 40 20000
19 46 111 20000
19 47 116 20000
19 48 117 20000
19 49 93 20000
19 50 98 20000
19 51 81 20000
20 21 34 20000
20 22 94 20000
20 23 117 20000
20 24 183 20000
20 25 94 20000
20 26 72 20000
20 27 46 20000
20 28 63 20000
20 29 78 20000
20 30 70 20000
20 31 89 20000
20 32 109 20000
20 33 84 20000
20 34 46 20000
20 35 62 20000
20 36 76 20000
20 37 91 20000
20 38 101 20000
20 39 28 20000
20 40 54 20000
20 41 73 20000
20 42 101 20000
20 43 120 20000
20 44 118 20000
20 45 110 20000
20 46 58 20000
20 47 59 20000
20 48 96 20000
20 49 109 20000
20 50 78 20000
20 51 116 20000
21 22 24 20000
21 23 69 20000
21 24 85 20000
21 25 123 20000
21 26 107 20000
21 27 79 20000
21 28 71 20000
21 29 68 20000
21 30 99 20000
21 31 92 20000
21 32 114 20000
21 33 144 20000
21 34 89 20000
21 35 44 20000
21 36 76 20000
21 37 79 20000
21 38 70 20000
21 39 62 20000
21 40 45 20000
21 41 76 20000
21 42 79 20000
21 43 105 20000
21 44 121 20000
21 45 118 20000
21 46 66 20000
21 47 53 20000
21 48 71 20000
21 49 119 20000
21 50 121 20000
21 51 117 20000
22 23 22 20000
22 24 57 20000
22 25 54 20000
22 26 136 20000
22 27 143 20000
22 28 97 20000
22 29 70 20000
22 30 82 20000
22 31 83 20000
22 32 76 20000
22 33 131 20000
22 34 160 20000
22 35 78 20000
22 36 27 20000
22 37 66 20000
22 38 85 20000
22 39 71 20000
22 40 70 20000
22 41 48 20000
22 42 64 20000
22 43 71 20000
22 44 104 20000
22 45 102 20000
22 46 82 20000
22 47 58 20000
22 48 55 20000
22 49 82 20000
22 50 96 20000
22 51 105 20000
23 24 19 20000
23 25 69 20000
23 26 158 20000
23 27 146 20000
23 28 129 20000
23 29 90 20000
23 30 80 20000
23 31 71 20000
23 32 88 20000
23 33 128 20000
23 34 177 20000
23 35 168 20000
23 36 86 20000
23 37 45 20000
23 38 66 20000
23 39 105 20000
23 40 73 20000
23 41 81 20000
23 42 49 20000
23 43 92 20000
23 44 105 20000
23 45 110 20000
23 46 93 20000
23 47 80 20000
23 48 77 20000
23 49 49 20000
23 50 63 20000
23 51 101 20000
24 25 29 20000
24 26 171 20000
24 27 145 20000
24 28 163 20000
24 29 172 20000
24 30 124 20000
24 31 64 20000
24 32 92 20000
24 33 124 20000
24 34 181 20000
24 35 161 20000
24 36 172 20000
24 37 111 20000
24 38 40 20000
24 39 122 20000
24 40 115 20000
24 41 96 20000
24 42 78 20000
24 43 69 20000
24 44 85 20000
24 45 98 20000
24 46 110 20000
24 47 131 20000
24 48 86 20000
24 49 60 20000
24 50 52 20000
24 51 63 20000
25 26 130 20000
25 27 176 20000
25 28 141 20000
25 29 136 20000
25 30 170 20000
25 31 106 20000
25 32 79 20000
25 33 133 20000
25 34 153 20000
25 35 152 20000
25 36 174 20000
25 37 188 20000
25 38 96 20000
25 39 134 20000
25 40 100 20000
25 41 91 20000
25 42 97 20000
25 43 81 20000
25 44 57 20000
25 45 94 20000
25 46 112 20000
25 47 126 20000
25 48 116 20000
25 49 100 20000
25 50 79 20000
25 51 55 20000
26 27 30 20000
26 28 107 20000
26 29 110 20000
26 30 164 20000
26 31 106 20000
26 32 148 20000
26 33 411 20000
26 34 283 20000
26 35 214 20000
26 36 75 20000
26 37 91 20000
26 38 45 20000
26 39 90 20000
26 40 31 20000
26 41 62 20000
26 42 77 20000
26 43 81 20000
26 44 92 20000
26 45 97 20000
26 46 55 20000
26 47 44 20000
26 48 57 20000
26 49 75 20000
26 50 76 20000
26 51 93 20000
27 28 25 20000
27 29 67 20000
27 30 85 20000
27 31 160 20000
27 32 81 20000
27 33 206 20000
27 34 266 20000
27 35 190 20000
27 36 194 20000
27 37 66 20000
27 38 87 20000
27 39 134 20000
27 40 92 20000
27 41 37 20000
27 42 65 20000
27 43 91 20000
27 44 88 20000
27 45 89 20000
27 46 117 20000
27 47 99 20000
27 48 49 20000
27 49 58 20000
27 50 78 20000
27 51 81 20000
28 29 17 20000
28 30 62 20000
28 31 79 20000
28 32 128 20000
28 33 209 20000
28 34 159 20000
28 35 271 20000
28 36 187 20000
28 37 198 20000
28 38 79 20000
28 39 160 20000
28 40 167 20000
28 41 95 20000
28 42 50 20000
28 43 87 20000
28 44 85 20000
28 45 87 20000
28 46 127 20000
28 47 160 20000
28 48 94 20000
28 49 67 20000
28 50 83 20000
28 51 76 20000
29 30 23 20000
29 31 61 20000
29 32 66 20000
29 33 98 20000
29 34 225 20000
29 35 123 20000
29 36 251 20000
29 37 182 20000
29 38 164 20000
29 39 124 20000
29 40 182 20000
29 41 142 20000
29 42 88 20000
29 43 44 20000
29 44 86 20000
29 45 81 20000
29 46 153 20000
29 47 156 20000
29 48 145 20000
29 49 115 20000
29 50 71 20000
29 51 63 20000
30 31 20 20000
30 32 68 20000
30 33 85 20000
30 34 136 20000
30 35 190 20000
30 36 109 20000
30 37 273 20000
30 38 140 20000
30 39 139 20000
30 40 156 20000
30 41 178 20000
30 42 168 20000
30 43 107 20000
30 44 38 20000
30 45 79 20000
30 46 170 20000
30 47 149 20000
30 48 130 20000
30 49 169 20000
30 50 114 20000
30 51 57 20000
31 32 26 20000
31 33 44 20000
31 34 87 20000
31 35 121 20000
31 36 149 20000
31 37 105 20000
31 38 303 20000
31 39 113 20000
31 40 140 20000
31 41 180 20000
31 42 166 20000
31 43 197 20000
31 44 85 20000
31 45 51 20000
31 46 137 20000
31 47 131 20000
31 48 127 20000
31 49 157 20000
31 50 154 20000
31 51 110 20000
32 33 127 20000
32 34 40 20000
32 35 74 20000
32 36 125 20000
32 37 154 20000
32 38 105 20000
32 39 133 20000
32 40 116 20000
32 41 169 20000
32 42 143 20000
32 43 153 20000
32 44 166 20000
32 45 98 20000
32 46 160 20000
32 47 121 20000
32 48 153 20000
32 49 143 20000
32 50 135 20000
32 51 175 20000
33 34 31 20000
33 35 92 20000
33 36 91 20000
33 37 159 20000
33 38 99 20000
33 39 55 20000
33 40 57 20000
33 41 62 20000
33 42 73 20000
33 43 68 20000
33 44 85 20000
33 45 110 20000
33 46 123 20000
33 47 44 20000
33 48 59 20000
33 49 71 20000
33 50 89 20000
33 51 93 20000
34 35 22 20000
34 36 64 20000
34 37 90 20000
34 38 127 20000
34 39 118 20000
34 40 107 20000
34 41 74 20000
34 42 75 20000
34 43 77 20000
34 44 93 20000
34 45 89 20000
34 46 150 20000
34 47 88 20000
34 48 41 20000
34 49 82 20000
34 50 94 20000
34 51 85 20000
35 36 20 20000
35 37 69 20000
35 38 63 20000
35 39 143 20000
35 40 135 20000
35 41 88 20000
35 42 61 20000
35 43 69 20000
35 44 67 20000
35 45 85 20000
35 46 150 20000
35 47 179 20000
35 48 86 20000
35 49 42 20000
35 50 81 20000
35 51 79 20000
36 37 22 20000
36 38 67 20000
36 39 131 20000
36 40 126 20000
36 41 148 20000
36 42 101 20000
36 43 72 20000
36 44 84 20000
36 45 91 20000
36 46 138 20000
36 47 171 20000
36 48 154 20000
36 49 102 20000
36 50 38 20000
36 51 62 20000
37 38 42 20000
37 39 176 20000
37 40 134 20000
37 41 155 20000
37 42 144 20000
37 43 114 20000
37 44 70 20000
37 45 75 20000
37 46 147 20000
37 47 164 20000
37 48 155 20000
37 49 158 20000
37 50 91 20000
37 51 43 20000
38 39 139 20000
38 40 171 20000
38 41 143 20000
38 42 127 20000
38 43 164 20000
38 44 104 20000
38 45 73 20000
38 46 123 20000
38 47 126 20000
38 48 175 20000
38 49 169 20000
38 50 161 20000
38 51 90 20000
39 40 37 20000
39 41 123 20000
39 42 117 20000
39 43 179 20000
39 44 95 20000
39 45 149 20000
39 46 400 20000
39 47 263 20000
39 48 192 20000
39 49 65 20000
39 50 89 20000
39 51 48 20000
40 41 13 20000
40 42 63 20000
40 43 71 20000
40 44 113 20000
40 45 86 20000
40 46 227 20000
40 47 309 20000
40 48 256 20000
40 49 240 20000
40 50 65 20000
40 51 73 20000
41 42 17 20000
41 43 53 20000
41 44 65 20000
41 45 102 20000
41 46 212 20000
41 47 142 20000
41 48 265 20000
41 49 175 20000
41 50 194 20000
41 51 76 20000
42 43 34 20000
42 44 68 20000
42 45 55 20000
42 46 125 20000
42 47 217 20000
42 48 126 20000
42 49 261 20000
42 50 148 20000
42 51 184 20000
43 44 30 20000
43 45 68 20000
43 46 84 20000
43 47 120 20000
43 48 186 20000
43 49 96 20000
43 50 267 20000
43 51 162 20000
44 45 30 20000
44 46 47 20000
44 47 83 20000
44 48 132 20000
44 49 143 20000
44 50 117 20000
44 51 280 20000
45 46 158 20000
45 47 54 20000
45 48 82 20000
45 49 121 20000
45 50 163 20000
45 51 121 20000
46 47 40 20000
46 48 92 20000
46 49 129 20000
46 50 171 20000
46 51 83 20000
47 48 15 20000
47 49 67 20000
47 50 80 20000
47 51 118 20000
48 49 24 20000
48 50 58 20000
48 51 73 20000
49 50 18 20000
49 51 47 20000
50 51 30 20000
