0 1 3119 20000
0 2 1529 20000
0 3 1078 20000
0 4 962 20000
0 5 1060 20000
0 6 1153 20000
0 7 1493 20000
0 8 1885 20000
0 9 2636 20000
0 10 3968 20000
0 11 7059 20000
0 12 19388 20000
0 13 271 20000
0 14 105 20000
0 15 115 20000
0 16 93 20000
0 17 94 20000
0 18 73 20000
0 19 73 20000
0 20 82 20000
0 21 100 20000
0 22 116 20000
0 23 141 20000
0 24 156 20000
0 25 232 20000
0 26 301 20000
0 27 166 20000
0 28 126 20000
0 29 99 20000
0 30 100 20000
0 31 118 20000
0 32 115 20000
0 33 112 20000
0 34 158 20000
0 35 162 20000
0 36 190 20000
0 37 210 20000
0 38 294 20000
0 39 801 20000
0 40 336 20000
0 41 227 20000
0 42 238 20000
0 43 215 20000
0 44 231 20000
0 45 243 20000
0 46 288 20000
0 47 353 20000
0 48 363 20000
0 49 450 20000
0 50 546 20000
0 51 712 20000
1 2 3702 20000
1 3 1581 20000
1 4 1064 20000
1 5 789 20000
1 6 653 20000
1 7 736 20000
1 8 783 20000
1 9 955 20000
1 10 1184 20000
1 11 1620 20000
1 12 3016 20000
1 13 133 20000
1 14 258 20000
1 15 166 20000
1 16 120 20000
1 17 87 20000
1 18 86 20000
1 19 56 20000
1 20 66 20000
1 21 75 20000
1 22 70 20000
1 23 83 20000
1 24 83 20000
1 25 123 20000
1 26 147 20000
1 27 347 20000
1 28 185 20000
1 29 129 20000
1 30 91 20000
1 31 111 20000
1 32 95 20000
1 33 79 20000
1 34 88 20000
1 35 85 20000
1 36 114 20000
1 37 122 20000
1 38 137 20000
1 39 324 20000
1 40 755 20000
1 41 381 20000
1 42 286 20000
1 43 178 20000
1 44 191 20000
1 45 173 20000
1 46 186 20000
1 47 179 20000
1 48 201 20000
1 49 218 20000
1 50 247 20000
1 51 302 20000
2 3 4084 20000
2 4 1896 20000
2 5 1210 20000
2 6 892 20000
2 7 752 20000
2 8 721 20000
2 9 722 20000
2 10 816 20000
2 11 1032 20000
2 12 1400 20000
2 13 96 20000
2 14 155 20000
2 15 320 20000
2 16 170 20000
2 17 119 20000
2 18 85 20000
2 19 70 20000
2 20 56 20000
2 21 82 20000
2 22 64 20000
2 23 71 20000
2 24 77 20000
2 25 69 20000
2 26 107 20000
2 27 172 20000
2 28 342 20000
2 29 151 20000
2 30 158 20000
2 31 124 20000
2 32 96 20000
2 33 79 20000
2 34 79 20000
2 35 75 20000
2 36 80 20000
2 37 89 20000
2 38 106 20000
2 39 235 20000
2 40 379 20000
2 41 766 20000
2 42 408 20000
2 43 296 20000
2 44 216 20000
2 45 183 20000
2 46 186 20000
2 47 180 20000
2 48 167 20000
2 49 189 20000
2 50 180 20000
2 51 249 20000
3 4 4274 20000
3 5 2010 20000
3 6 1273 20000
3 7 946 20000
3 8 834 20000
3 9 750 20000
3 10 818 20000
3 11 794 20000
3 12 987 20000
3 13 95 20000
3 14 99 20000
3 15 153 20000
3 16 272 20000
3 17 175 20000
3 18 118 20000
3 19 89 20000
3 20 75 20000
3 21 73 20000
3 22 67 20000
3 23 66 20000
3 24 78 20000
3 25 83 20000
3 26 109 20000
3 27 120 20000
3 28 181 20000
3 29 293 20000
3 30 219 20000
3 31 147 20000
3 32 101 20000
3 33 109 20000
3 34 89 20000
3 35 90 20000
3 36 104 20000
3 37 80 20000
3 38 112 20000
3 39 235 20000
3 40 267 20000
3 41 416 20000
3 42 749 20000
3 43 466 20000
3 44 308 20000
3 45 267 20000
3 46 248 20000
3 47 208 20000
3 48 169 20000
3 49 170 20000
3 50 199 20000
3 51 202 20000
4 5 4477 20000
4 6 2178 20000
4 7 1435 20000
4 8 1086 20000
4 9 942 20000
4 10 866 20000
4 11 840 20000
4 12 944 20000
4 13 98 20000
4 14 91 20000
4 15 123 20000
4 16 149 20000
4 17 279 20000
4 18 138 20000
4 19 105 20000
4 20 98 20000
4 21 92 20000
4 22 71 20000
4 23 64 20000
4 24 79 20000
4 25 77 20000
4 26 108 20000
4 27 110 20000
4 28 144 20000
4 29 182 20000
4 30 312 20000
4 31 220 20000
4 32 159 20000
4 33 113 20000
4 34 115 20000
4 35 122 20000
4 36 103 20000
4 37 106 20000
4 38 110 20000
4 39 224 20000
4 40 212 20000
4 41 287 20000
4 42 427 20000
4 43 796 20000
4 44 462 20000
4 45 339 20000
4 46 281 20000
4 47 221 20000
4 48 222 20000
4 49 210 20000
4 50 194 20000
4 51 213 20000
5 6 4535 20000
5 7 2278 20000
5 8 1732 20000
5 9 1256 20000
5 10 1108 20000
5 11 991 20000
5 12 1043 20000
5 13 87 20000
5 14 76 20000
5 15 78 20000
5 16 119 20000
5 17 158 20000
5 18 288 20000
5 19 168 20000
5 20 123 20000
5 21 124 20000
5 22 97 20000
5 23 91 20000
5 24 87 20000
5 25 88 20000
5 26 122 20000
5 27 87 20000
5 28 117 20000
5 29 152 20000
5 30 205 20000
5 31 305 20000
5 32 210 20000
5 33 142 20000
5 34 141 20000
5 35 107 20000
5 36 122 20000
5 37 124 20000
5 38 105 20000
5 39 216 20000
5 40 198 20000
5 41 223 20000
5 42 309 20000
5 43 497 20000
5 44 796 20000
5 45 480 20000
5 46 365 20000
5 47 315 20000
5 48 277 20000
5 49 252 20000
5 50 265 20000
5 51 231 20000
6 7 4790 20000
6 8 2595 20000
6 9 1800 20000
6 10 1389 20000
6 11 1206 20000
6 12 1173 20000
6 13 80 20000
6 14 61 20000
6 15 77 20000
6 16 110 20000
6 17 109 20000
6 18 197 20000
6 19 261 20000
6 20 167 20000
6 21 136 20000
6 22 112 20000
6 23 87 20000
6 24 97 20000
6 25 66 20000
6 26 142 20000
6 27 81 20000
6 28 80 20000
6 29 141 20000
6 30 173 20000
6 31 245 20000
6 32 336 20000
6 33 221 20000
6 34 189 20000
6 35 147 20000
6 36 108 20000
6 37 142 20000
6 38 121 20000
6 39 269 20000
6 40 171 20000
6 41 220 20000
6 42 243 20000
6 43 333 20000
6 44 522 20000
6 45 736 20000
6 46 500 20000
6 47 387 20000
6 48 334 20000
6 49 262 20000
6 50 259 20000
6 51 253 20000
7 8 5036 20000
7 9 2791 20000
7 10 1990 20000
7 11 1540 20000
7 12 1478 20000
7 13 82 20000
7 14 73 20000
7 15 69 20000
7 16 62 20000
7 17 104 20000
7 18 128 20000
7 19 165 20000
7 20 278 20000
7 21 190 20000
7 22 140 20000
7 23 108 20000
7 24 104 20000
7 25 107 20000
7 26 156 20000
7 27 85 20000
7 28 82 20000
7 29 101 20000
7 30 131 20000
7 31 164 20000
7 32 210 20000
7 33 301 20000
7 34 216 20000
7 35 190 20000
7 36 181 20000
7 37 146 20000
7 38 132 20000
7 39 311 20000
7 40 165 20000
7 41 174 20000
7 42 236 20000
7 43 304 20000
7 44 385 20000
7 45 485 20000
7 46 803 20000
7 47 541 20000
7 48 407 20000
7 49 329 20000
7 50 294 20000
7 51 308 20000
8 9 5226 20000
8 10 2974 20000
8 11 2260 20000
8 12 1912 20000
8 13 101 20000
8 14 72 20000
8 15 67 20000
8 16 85 20000
8 17 73 20000
8 18 87 20000
8 19 127 20000
8 20 170 20000
8 21 263 20000
8 22 166 20000
8 23 138 20000
8 24 128 20000
8 25 93 20000
8 26 134 20000
8 27 78 20000
8 28 69 20000
8 29 101 20000
8 30 100 20000
8 31 144 20000
8 32 175 20000
8 33 220 20000
8 34 334 20000
8 35 207 20000
8 36 172 20000
8 37 165 20000
8 38 146 20000
8 39 329 20000
8 40 179 20000
8 41 185 20000
8 42 210 20000
8 43 243 20000
8 44 295 20000
8 45 379 20000
8 46 529 20000
8 47 785 20000
8 48 488 20000
8 49 396 20000
8 50 364 20000
8 51 349 20000
9 10 5498 20000
9 11 3349 20000
9 12 2667 20000
9 13 109 20000
9 14 77 20000
9 15 58 20000
9 16 73 20000
9 17 65 20000
9 18 88 20000
9 19 103 20000
9 20 123 20000
9 21 150 20000
9 22 304 20000
9 23 181 20000
9 24 137 20000
9 25 121 20000
9 26 161 20000
9 27 113 20000
9 28 90 20000
9 29 90 20000
9 30 99 20000
9 31 126 20000
9 32 145 20000
9 33 167 20000
9 34 229 20000
9 35 334 20000
9 36 241 20000
9 37 205 20000
9 38 176 20000
9 39 416 20000
9 40 199 20000
9 41 187 20000
9 42 186 20000
9 43 200 20000
9 44 255 20000
9 45 340 20000
9 46 445 20000
9 47 519 20000
9 48 775 20000
9 49 537 20000
9 50 435 20000
9 51 379 20000
10 11 5944 20000
10 12 4007 20000
10 13 141 20000
10 14 81 20000
10 15 70 20000
10 16 68 20000
10 17 82 20000
10 18 81 20000
10 19 82 20000
10 20 127 20000
10 21 164 20000
10 22 179 20000
10 23 287 20000
10 24 183 20000
10 25 153 20000
10 26 180 20000
10 27 118 20000
10 28 104 20000
10 29 100 20000
10 30 106 20000
10 31 116 20000
10 32 127 20000
10 33 139 20000
10 34 188 20000
10 35 253 20000
10 36 328 20000
10 37 223 20000
10 38 198 20000
10 39 472 20000
10 40 214 20000
10 41 191 20000
10 42 193 20000
10 43 200 20000
10 44 229 20000
10 45 298 20000
10 46 368 20000
10 47 436 20000
10 48 509 20000
10 49 790 20000
10 50 534 20000
10 51 474 20000
11 12 7213 20000
11 13 185 20000
11 14 98 20000
11 15 79 20000
11 16 65 20000
11 17 77 20000
11 18 77 20000
11 19 73 20000
11 20 102 20000
11 21 137 20000
11 22 161 20000
11 23 214 20000
11 24 281 20000
11 25 207 20000
11 26 247 20000
11 27 118 20000
11 28 105 20000
11 29 90 20000
11 30 93 20000
11 31 119 20000
11 32 107 20000
11 33 147 20000
11 34 159 20000
11 35 200 20000
11 36 244 20000
11 37 325 20000
11 38 245 20000
11 39 575 20000
11 40 257 20000
11 41 175 20000
11 42 190 20000
11 43 183 20000
11 44 207 20000
11 45 267 20000
11 46 329 20000
11 47 361 20000
11 48 426 20000
11 49 549 20000
11 50 800 20000
11 51 585 20000
12 13 217 20000
12 14 101 20000
12 15 86 20000
12 16 99 20000
12 17 85 20000
12 18 80 20000
12 19 94 20000
12 20 92 20000
12 21 94 20000
12 22 139 20000
12 23 140 20000
12 24 203 20000
12 25 333 20000
12 26 287 20000
12 27 124 20000
12 28 116 20000
12 29 89 20000
12 30 121 20000
12 31 121 20000
12 32 119 20000
12 33 114 20000
12 34 156 20000
12 35 166 20000
12 36 229 20000
12 37 223 20000
12 38 332 20000
12 39 726 20000
12 40 326 20000
12 41 263 20000
12 42 199 20000
12 43 218 20000
12 44 237 20000
12 45 270 20000
12 46 320 20000
12 47 335 20000
12 48 359 20000
12 49 508 20000
12 50 608 20000
12 51 778 20000
13 14 4145 20000
13 15 1958 20000
13 16 1201 20000
13 17 841 20000
13 18 716 20000
13 19 664 20000
13 20 682 20000
13 21 774 20000
13 22 965 20000
13 23 1285 20000
13 24 2137 20000
13 25 4650 20000
13 26 379 20000
13 27 210 20000
13 28 152 20000
13 29 132 20000
13 30 128 20000
13 31 109 20000
13 32 129 20000
13 33 142 20000
13 34 141 20000
13 35 156 20000
13 36 170 20000
13 37 217 20000
13 38 269 20000
13 39 222 20000
13 40 109 20000
13 41 88 20000
13 42 75 20000
13 43 82 20000
13 44 86 20000
13 45 76 20000
13 46 93 20000
13 47 88 20000
13 48 87 20000
13 49 139 20000
13 50 130 20000
13 51 177 20000
14 15 4203 20000
14 16 1963 20000
14 17 1226 20000
14 18 825 20000
14 19 708 20000
14 20 644 20000
14 21 664 20000
14 22 698 20000
14 23 884 20000
14 24 1292 20000
14 25 1973 20000
14 26 191 20000
14 27 405 20000
14 28 219 20000
14 29 161 20000
14 30 138 20000
14 31 107 20000
14 32 99 20000
14 33 104 20000
14 34 91 20000
14 35 104 20000
14 36 99 20000
14 37 129 20000
14 38 149 20000
14 39 123 20000
14 40 227 20000
14 41 118 20000
14 42 95 20000
14 43 85 20000
14 44 60 20000
14 45 67 20000
14 46 56 20000
14 47 66 20000
14 48 71 20000
14 49 72 20000
14 50 86 20000
14 51 93 20000
15 16 4250 20000
15 17 1970 20000
15 18 1199 20000
15 19 879 20000
15 20 691 20000
15 21 611 20000
15 22 625 20000
15 23 644 20000
15 24 900 20000
15 25 1208 20000
15 26 134 20000
15 27 207 20000
15 28 399 20000
15 29 215 20000
15 30 171 20000
15 31 141 20000
15 32 111 20000
15 33 123 20000
15 34 109 20000
15 35 87 20000
15 36 84 20000
15 37 106 20000
15 38 122 20000
15 39 95 20000
15 40 116 20000
15 41 227 20000
15 42 130 20000
15 43 93 20000
15 44 77 20000
15 45 69 20000
15 46 60 20000
15 47 66 20000
15 48 57 20000
15 49 44 20000
15 50 61 20000
15 51 67 20000
16 17 4298 20000
16 18 2045 20000
16 19 1251 20000
16 20 867 20000
16 21 694 20000
16 22 589 20000
16 23 607 20000
16 24 693 20000
16 25 866 20000
16 26 123 20000
16 27 143 20000
16 28 224 20000
16 29 392 20000
16 30 219 20000
16 31 156 20000
16 32 137 20000
16 33 120 20000
16 34 97 20000
16 35 109 20000
16 36 104 20000
16 37 101 20000
16 38 104 20000
16 39 79 20000
16 40 104 20000
16 41 130 20000
16 42 211 20000
16 43 133 20000
16 44 109 20000
16 45 75 20000
16 46 86 20000
16 47 62 20000
16 48 57 20000
16 49 73 20000
16 50 52 20000
16 51 64 20000
17 18 4392 20000
17 19 1992 20000
17 20 1248 20000
17 21 916 20000
17 22 698 20000
17 23 628 20000
17 24 639 20000
17 25 708 20000
17 26 103 20000
17 27 121 20000
17 28 146 20000
17 29 255 20000
17 30 380 20000
17 31 255 20000
17 32 176 20000
17 33 136 20000
17 34 122 20000
17 35 97 20000
17 36 104 20000
17 37 98 20000
17 38 110 20000
17 39 82 20000
17 40 73 20000
17 41 91 20000
17 42 136 20000
17 43 223 20000
17 44 139 20000
17 45 110 20000
17 46 91 20000
17 47 78 20000
17 48 68 20000
17 49 71 20000
17 50 62 20000
17 51 49 20000
18 19 4313 20000
18 20 2088 20000
18 21 1312 20000
18 22 857 20000
18 23 707 20000
18 24 679 20000
18 25 689 20000
18 26 108 20000
18 27 100 20000
18 28 115 20000
18 29 150 20000
18 30 235 20000
18 31 397 20000
18 32 210 20000
18 33 176 20000
18 34 139 20000
18 35 141 20000
18 36 113 20000
18 37 130 20000
18 38 108 20000
18 39 82 20000
18 40 55 20000
18 41 72 20000
18 42 94 20000
18 43 122 20000
18 44 240 20000
18 45 139 20000
18 46 109 20000
18 47 103 20000
18 48 81 20000
18 49 78 20000
18 50 69 20000
18 51 71 20000
19 20 4305 20000
19 21 2060 20000
19 22 1265 20000
19 23 926 20000
19 24 766 20000
19 25 684 20000
19 26 105 20000
19 27 97 20000
19 28 151 20000
19 29 150 20000
19 30 167 20000
19 31 268 20000
19 32 366 20000
19 33 232 20000
19 34 176 20000
19 35 141 20000
19 36 114 20000
19 37 122 20000
19 38 103 20000
19 39 70 20000
19 40 65 20000
19 41 79 20000
19 42 95 20000
19 43 92 20000
19 44 146 20000
19 45 214 20000
19 46 142 20000
19 47 103 20000
19 48 87 20000
19 49 68 20000
19 50 74 20000
19 51 71 20000
20 21 4302 20000
20 22 2084 20000
20 23 1296 20000
20 24 969 20000
20 25 744 20000
20 26 131 20000
20 27 85 20000
20 28 110 20000
20 29 124 20000
20 30 144 20000
20 31 197 20000
20 32 261 20000
20 33 355 20000
20 34 262 20000
20 35 162 20000
20 36 144 20000
20 37 159 20000
20 38 135 20000
20 39 68 20000
20 40 50 20000
20 41 67 20000
20 42 69 20000
20 43 85 20000
20 44 102 20000
20 45 149 20000
20 46 242 20000
20 47 148 20000
20 48 127 20000
20 49 103 20000
20 50 87 20000
20 51 90 20000
21 22 4439 20000
21 23 2137 20000
21 24 1312 20000
21 25 1035 20000
21 26 131 20000
21 27 93 20000
21 28 91 20000
21 29 125 20000
21 30 141 20000
21 31 164 20000
21 32 217 20000
21 33 251 20000
21 34 418 20000
21 35 250 20000
21 36 212 20000
21 37 168 20000
21 38 131 20000
21 39 95 20000
21 40 63 20000
21 41 66 20000
21 42 63 20000
21 43 74 20000
21 44 74 20000
21 45 116 20000
21 46 150 20000
21 47 260 20000
21 48 143 20000
21 49 110 20000
21 50 112 20000
21 51 107 20000
22 23 4329 20000
22 24 2082 20000
22 25 1309 20000
22 26 158 20000
22 27 113 20000
22 28 89 20000
22 29 90 20000
22 30 124 20000
22 31 125 20000
22 32 148 20000
22 33 189 20000
22 34 281 20000
22 35 381 20000
22 36 219 20000
22 37 178 20000
22 38 151 20000
22 39 100 20000
22 40 65 20000
22 41 61 20000
22 42 54 20000
22 43 75 20000
22 44 78 20000
22 45 105 20000
22 46 122 20000
22 47 163 20000
22 48 237 20000
22 49 158 20000
22 50 112 20000
22 51 93 20000
23 24 4423 20000
23 25 2119 20000
23 26 166 20000
23 27 100 20000
23 28 98 20000
23 29 108 20000
23 30 94 20000
23 31 108 20000
23 32 131 20000
23 33 185 20000
23 34 190 20000
23 35 235 20000
23 36 401 20000
23 37 268 20000
23 38 208 20000
23 39 124 20000
23 40 79 20000
23 41 52 20000
23 42 67 20000
23 43 60 20000
23 44 72 20000
23 45 88 20000
23 46 101 20000
23 47 109 20000
23 48 180 20000
23 49 222 20000
23 50 145 20000
23 51 121 20000
24 25 4515 20000
24 26 207 20000
24 27 118 20000
24 28 121 20000
24 29 111 20000
24 30 108 20000
24 31 107 20000
24 32 126 20000
24 33 149 20000
24 34 173 20000
24 35 184 20000
24 36 268 20000
24 37 456 20000
24 38 273 20000
24 39 176 20000
24 40 77 20000
24 41 75 20000
24 42 62 20000
24 43 67 20000
24 44 73 20000
24 45 78 20000
24 46 109 20000
24 47 99 20000
24 48 98 20000
24 49 162 20000
24 50 247 20000
24 51 177 20000
25 26 277 20000
25 27 152 20000
25 28 111 20000
25 29 109 20000
25 30 138 20000
25 31 99 20000
25 32 113 20000
25 33 143 20000
25 34 132 20000
25 35 156 20000
25 36 183 20000
25 37 276 20000
25 38 418 20000
25 39 193 20000
25 40 93 20000
25 41 68 20000
25 42 77 20000
25 43 57 20000
25 44 80 20000
25 45 79 20000
25 46 89 20000
25 47 98 20000
25 48 126 20000
25 49 131 20000
25 50 170 20000
25 51 229 20000
26 27 4264 20000
26 28 2017 20000
26 29 1264 20000
26 30 960 20000
26 31 768 20000
26 32 738 20000
26 33 743 20000
26 34 881 20000
26 35 999 20000
26 36 1465 20000
26 37 2317 20000
26 38 4621 20000
26 39 542 20000
26 40 278 20000
26 41 222 20000
26 42 193 20000
26 43 164 20000
26 44 178 20000
26 45 176 20000
26 46 188 20000
26 47 208 20000
26 48 231 20000
26 49 298 20000
26 50 385 20000
26 51 440 20000
27 28 4155 20000
27 29 1993 20000
27 30 1210 20000
27 31 845 20000
27 32 718 20000
27 33 665 20000
27 34 664 20000
27 35 711 20000
27 36 868 20000
27 37 1254 20000
27 38 2099 20000
27 39 279 20000
27 40 577 20000
27 41 310 20000
27 42 216 20000
27 43 177 20000
27 44 142 20000
27 45 144 20000
27 46 137 20000
27 47 130 20000
27 48 146 20000
27 49 169 20000
27 50 198 20000
27 51 222 20000
28 29 4405 20000
28 30 2101 20000
28 31 1294 20000
28 32 936 20000
28 33 761 20000
28 34 663 20000
28 35 670 20000
28 36 746 20000
28 37 921 20000
28 38 1279 20000
28 39 226 20000
28 40 323 20000
28 41 590 20000
28 42 331 20000
28 43 251 20000
28 44 205 20000
28 45 144 20000
28 46 146 20000
28 47 146 20000
28 48 134 20000
28 49 145 20000
28 50 163 20000
28 51 166 20000
29 30 4401 20000
29 31 2142 20000
29 32 1256 20000
29 33 911 20000
29 34 732 20000
29 35 617 20000
29 36 653 20000
29 37 745 20000
29 38 938 20000
29 39 195 20000
29 40 221 20000
29 41 332 20000
29 42 581 20000
29 43 342 20000
29 44 269 20000
29 45 206 20000
29 46 178 20000
29 47 149 20000
29 48 137 20000
29 49 130 20000
29 50 135 20000
29 51 145 20000
30 31 4397 20000
30 32 2113 20000
30 33 1296 20000
30 34 967 20000
30 35 746 20000
30 36 713 20000
30 37 697 20000
30 38 747 20000
30 39 183 20000
30 40 190 20000
30 41 257 20000
30 42 369 20000
30 43 581 20000
30 44 365 20000
30 45 275 20000
30 46 213 20000
30 47 194 20000
30 48 186 20000
30 49 152 20000
30 50 191 20000
30 51 161 20000
31 32 4342 20000
31 33 2157 20000
31 34 1332 20000
31 35 983 20000
31 36 778 20000
31 37 688 20000
31 38 708 20000
31 39 169 20000
31 40 141 20000
31 41 210 20000
31 42 243 20000
31 43 371 20000
31 44 599 20000
31 45 387 20000
31 46 270 20000
31 47 244 20000
31 48 206 20000
31 49 161 20000
31 50 149 20000
31 51 160 20000
32 33 4537 20000
32 34 2193 20000
32 35 1346 20000
32 36 927 20000
32 37 774 20000
32 38 718 20000
32 39 170 20000
32 40 153 20000
32 41 139 20000
32 42 192 20000
32 43 233 20000
32 44 367 20000
32 45 572 20000
32 46 409 20000
32 47 254 20000
32 48 219 20000
32 49 209 20000
32 50 199 20000
32 51 166 20000
33 34 4446 20000
33 35 2220 20000
33 36 1395 20000
33 37 1024 20000
33 38 824 20000
33 39 196 20000
33 40 148 20000
33 41 122 20000
33 42 162 20000
33 43 213 20000
33 44 251 20000
33 45 383 20000
33 46 593 20000
33 47 358 20000
33 48 279 20000
33 49 240 20000
33 50 209 20000
33 51 182 20000
34 35 4487 20000
34 36 2168 20000
34 37 1348 20000
34 38 1000 20000
34 39 197 20000
34 40 133 20000
34 41 136 20000
34 42 157 20000
34 43 177 20000
34 44 213 20000
34 45 307 20000
34 46 384 20000
34 47 601 20000
34 48 392 20000
34 49 317 20000
34 50 257 20000
34 51 228 20000
35 36 4460 20000
35 37 2185 20000
35 38 1352 20000
35 39 228 20000
35 40 128 20000
35 41 138 20000
35 42 143 20000
35 43 170 20000
35 44 177 20000
35 45 231 20000
35 46 320 20000
35 47 392 20000
35 48 577 20000
35 49 383 20000
35 50 320 20000
35 51 258 20000
36 37 4525 20000
36 38 2192 20000
36 39 316 20000
36 40 173 20000
36 41 141 20000
36 42 146 20000
36 43 143 20000
36 44 157 20000
36 45 215 20000
36 46 240 20000
36 47 288 20000
36 48 396 20000
36 49 564 20000
36 50 436 20000
36 51 324 20000
37 38 4524 20000
37 39 389 20000
37 40 209 20000
37 41 154 20000
37 42 147 20000
37 43 157 20000
37 44 170 20000
37 45 195 20000
37 46 233 20000
37 47 278 20000
37 48 302 20000
37 49 369 20000
37 50 577 20000
37 51 402 20000
38 39 461 20000
38 40 229 20000
38 41 185 20000
38 42 158 20000
38 43 161 20000
38 44 160 20000
38 45 194 20000
38 46 230 20000
38 47 207 20000
38 48 246 20000
38 49 323 20000
38 50 425 20000
38 51 532 20000
39 40 4081 20000
39 41 1926 20000
39 42 1227 20000
39 43 930 20000
39 44 801 20000
39 45 797 20000
39 46 874 20000
39 47 938 20000
39 48 1206 20000
39 49 1656 20000
39 50 2534 20000
39 51 5039 20000
40 41 4288 20000
40 42 2001 20000
40 43 1244 20000
40 44 848 20000
40 45 753 20000
40 46 662 20000
40 47 668 20000
40 48 777 20000
40 49 964 20000
40 50 1295 20000
40 51 2106 20000
41 42 4257 20000
41 43 2026 20000
41 44 1218 20000
41 45 872 20000
41 46 721 20000
41 47 656 20000
41 48 652 20000
41 49 737 20000
41 50 896 20000
41 51 1289 20000
42 43 4322 20000
42 44 2034 20000
42 45 1237 20000
42 46 917 20000
42 47 744 20000
42 48 699 20000
42 49 641 20000
42 50 722 20000
42 51 927 20000
43 44 4390 20000
43 45 2114 20000
43 46 1366 20000
43 47 1010 20000
43 48 833 20000
43 49 683 20000
43 50 727 20000
43 51 775 20000
44 45 4478 20000
44 46 2278 20000
44 47 1375 20000
44 48 998 20000
44 49 809 20000
44 50 726 20000
44 51 712 20000
45 46 4618 20000
45 47 2185 20000
45 48 1456 20000
45 49 1070 20000
45 50 922 20000
45 51 807 20000
46 47 4582 20000
46 48 2337 20000
46 49 1480 20000
46 50 1144 20000
46 51 963 20000
47 48 4549 20000
47 49 2292 20000
47 50 1464 20000
47 51 1119 20000
48 49 4680 20000
48 50 2294 20000
48 51 1553 20000
49 50 4652 20000
49 51 2429 20000
50 51 4773 20000
