0 1 147 20000
0 2 422 20000
0 3 460 20000
0 4 503 20000
0 5 562 20000
0 6 423 20000
0 7 488 20000
0 8 450 20000
0 9 509 20000
0 10 494 20000
0 11 225 20000
0 12 1584 20000
0 13 253 20000
0 14 42 20000
0 15 102 20000
0 16 98 20000
0 17 100 20000
0 18 96 20000
0 19 82 20000
0 20 95 20000
0 21 87 20000
0 22 92 20000
0 23 99 20000
0 24 55 20000
0 25 184 20000
0 26 173 20000
0 27 37 20000
0 28 79 20000
0 29 62 20000
0 30 70 20000
0 31 72 20000
0 32 57 20000
0 33 59 20000
0 34 64 20000
0 35 52 20000
0 36 69 20000
0 37 23 20000
0 38 116 20000
0 39 242 20000
0 40 46 20000
0 41 101 20000
0 42 90 20000
0 43 114 20000
0 44 97 20000
0 45 71 20000
0 46 103 20000
0 47 104 20000
0 48 99 20000
0 49 101 20000
0 50 56 20000
0 51 196 20000
1 2 168 20000
1 3 428 20000
1 4 483 20000
1 5 514 20000
1 6 542 20000
1 7 452 20000
1 8 513 20000
1 9 474 20000
1 10 482 20000
1 11 573 20000
1 12 461 20000
1 13 60 20000
1 14 186 20000
1 15 47 20000
1 16 107 20000
1 17 86 20000
1 18 97 20000
1 19 79 20000
1 20 85 20000
1 21 90 20000
1 22 89 20000
1 23 80 20000
1 24 106 20000
1 25 85 20000
1 26 37 20000
1 27 113 20000
1 28 29 20000
1 29 72 20000
1 30 47 20000
1 31 76 20000
1 32 70 20000
1 33 67 20000
1 34 86 20000
1 35 61 20000
1 36 58 20000
1 37 74 20000
1 38 54 20000
1 39 59 20000
1 40 182 20000
1 41 56 20000
1 42 99 20000
1 43 92 20000
1 44 105 20000
1 45 88 20000
1 46 106 20000
1 47 98 20000
1 48 94 20000
1 49 100 20000
1 50 112 20000
1 51 72 20000
2 3 160 20000
2 4 379 20000
2 5 497 20000
2 6 544 20000
2 7 587 20000
2 8 482 20000
2 9 493 20000
2 10 450 20000
2 11 480 20000
2 12 876 20000
2 13 93 20000
2 14 42 20000
2 15 190 20000
2 16 48 20000
2 17 101 20000
2 18 76 20000
2 19 61 20000
2 20 82 20000
2 21 88 20000
2 22 96 20000
2 23 84 20000
2 24 86 20000
2 25 95 20000
2 26 71 20000
2 27 47 20000
2 28 137 20000
2 29 26 20000
2 30 72 20000
2 31 70 20000
2 32 55 20000
2 33 71 20000
2 34 56 20000
2 35 58 20000
2 36 67 20000
2 37 63 20000
2 38 72 20000
2 39 109 20000
2 40 53 20000
2 41 194 20000
2 42 55 20000
2 43 112 20000
2 44 86 20000
2 45 91 20000
2 46 93 20000
2 47 94 20000
2 48 99 20000
2 49 108 20000
2 50 109 20000
2 51 128 20000
3 4 145 20000
3 5 398 20000
3 6 475 20000
3 7 508 20000
3 8 522 20000
3 9 402 20000
3 10 502 20000
3 11 421 20000
3 12 743 20000
3 13 98 20000
3 14 77 20000
3 15 48 20000
3 16 176 20000
3 17 56 20000
3 18 81 20000
3 19 87 20000
3 20 87 20000
3 21 83 20000
3 22 80 20000
3 23 93 20000
3 24 93 20000
3 25 83 20000
3 26 52 20000
3 27 62 20000
3 28 42 20000
3 29 130 20000
3 30 30 20000
3 31 69 20000
3 32 56 20000
3 33 75 20000
3 34 50 20000
3 35 55 20000
3 36 76 20000
3 37 45 20000
3 38 65 20000
3 39 98 20000
3 40 98 20000
3 41 51 20000
3 42 194 20000
3 43 42 20000
3 44 110 20000
3 45 98 20000
3 46 103 20000
3 47 102 20000
3 48 91 20000
3 49 106 20000
3 50 80 20000
3 51 83 20000
4 5 171 20000
4 6 410 20000
4 7 514 20000
4 8 527 20000
4 9 545 20000
4 10 453 20000
4 11 490 20000
4 12 658 20000
4 13 87 20000
4 14 82 20000
4 15 104 20000
4 16 38 20000
4 17 196 20000
4 18 43 20000
4 19 81 20000
4 20 88 20000
4 21 74 20000
4 22 89 20000
4 23 101 20000
4 24 108 20000
4 25 98 20000
4 26 48 20000
4 27 82 20000
4 28 61 20000
4 29 37 20000
4 30 128 20000
4 31 43 20000
4 32 67 20000
4 33 49 20000
4 34 64 20000
4 35 73 20000
4 36 55 20000
4 37 82 20000
4 38 57 20000
4 39 89 20000
4 40 93 20000
4 41 110 20000
4 42 57 20000
4 43 204 20000
4 44 53 20000
4 45 88 20000
4 46 110 20000
4 47 97 20000
4 48 107 20000
4 49 88 20000
4 50 108 20000
4 51 76 20000
5 6 150 20000
5 7 419 20000
5 8 456 20000
5 9 572 20000
5 10 579 20000
5 11 425 20000
5 12 685 20000
5 13 102 20000
5 14 96 20000
5 15 87 20000
5 16 96 20000
5 17 52 20000
5 18 190 20000
5 19 34 20000
5 20 126 20000
5 21 93 20000
5 22 85 20000
5 23 96 20000
5 24 77 20000
5 25 93 20000
5 26 63 20000
5 27 62 20000
5 28 67 20000
5 29 68 20000
5 30 45 20000
5 31 124 20000
5 32 29 20000
5 33 78 20000
5 34 60 20000
5 35 51 20000
5 36 71 20000
5 37 66 20000
5 38 67 20000
5 39 88 20000
5 40 95 20000
5 41 89 20000
5 42 94 20000
5 43 61 20000
5 44 200 20000
5 45 60 20000
5 46 101 20000
5 47 116 20000
5 48 104 20000
5 49 101 20000
5 50 115 20000
5 51 103 20000
6 7 174 20000
6 8 445 20000
6 9 494 20000
6 10 554 20000
6 11 552 20000
6 12 756 20000
6 13 80 20000
6 14 81 20000
6 15 98 20000
6 16 82 20000
6 17 98 20000
6 18 47 20000
6 19 211 20000
6 20 47 20000
6 21 111 20000
6 22 84 20000
6 23 80 20000
6 24 98 20000
6 25 90 20000
6 26 58 20000
6 27 67 20000
6 28 46 20000
6 29 74 20000
6 30 76 20000
6 31 40 20000
6 32 148 20000
6 33 44 20000
6 34 74 20000
6 35 56 20000
6 36 53 20000
6 37 75 20000
6 38 62 20000
6 39 89 20000
6 40 108 20000
6 41 106 20000
6 42 81 20000
6 43 104 20000
6 44 45 20000
6 45 198 20000
6 46 52 20000
6 47 108 20000
6 48 91 20000
6 49 102 20000
6 50 96 20000
6 51 87 20000
7 8 131 20000
7 9 384 20000
7 10 481 20000
7 11 493 20000
7 12 887 20000
7 13 92 20000
7 14 84 20000
7 15 92 20000
7 16 86 20000
7 17 96 20000
7 18 98 20000
7 19 61 20000
7 20 187 20000
7 21 49 20000
7 22 80 20000
7 23 109 20000
7 24 104 20000
7 25 99 20000
7 26 65 20000
7 27 66 20000
7 28 86 20000
7 29 64 20000
7 30 62 20000
7 31 63 20000
7 32 34 20000
7 33 109 20000
7 34 30 20000
7 35 72 20000
7 36 60 20000
7 37 56 20000
7 38 65 20000
7 39 121 20000
7 40 88 20000
7 41 108 20000
7 42 93 20000
7 43 86 20000
7 44 108 20000
7 45 60 20000
7 46 208 20000
7 47 61 20000
7 48 102 20000
7 49 92 20000
7 50 75 20000
7 51 115 20000
8 9 148 20000
8 10 415 20000
8 11 523 20000
8 12 838 20000
8 13 97 20000
8 14 104 20000
8 15 77 20000
8 16 86 20000
8 17 84 20000
8 18 86 20000
8 19 101 20000
8 20 60 20000
8 21 201 20000
8 22 53 20000
8 23 94 20000
8 24 120 20000
8 25 85 20000
8 26 51 20000
8 27 59 20000
8 28 67 20000
8 29 75 20000
8 30 66 20000
8 31 69 20000
8 32 72 20000
8 33 28 20000
8 34 136 20000
8 35 30 20000
8 36 64 20000
8 37 75 20000
8 38 56 20000
8 39 77 20000
8 40 91 20000
8 41 93 20000
8 42 90 20000
8 43 117 20000
8 44 100 20000
8 45 128 20000
8 46 55 20000
8 47 248 20000
8 48 46 20000
8 49 86 20000
8 50 96 20000
8 51 95 20000
9 10 173 20000
9 11 410 20000
9 12 635 20000
9 13 80 20000
9 14 98 20000
9 15 75 20000
9 16 88 20000
9 17 73 20000
9 18 89 20000
9 19 99 20000
9 20 97 20000
9 21 59 20000
9 22 187 20000
9 23 46 20000
9 24 90 20000
9 25 89 20000
9 26 52 20000
9 27 63 20000
9 28 63 20000
9 29 43 20000
9 30 57 20000
9 31 60 20000
9 32 63 20000
9 33 59 20000
9 34 40 20000
9 35 134 20000
9 36 21 20000
9 37 87 20000
9 38 73 20000
9 39 107 20000
9 40 88 20000
9 41 89 20000
9 42 92 20000
9 43 101 20000
9 44 93 20000
9 45 90 20000
9 46 116 20000
9 47 53 20000
9 48 230 20000
9 49 42 20000
9 50 127 20000
9 51 86 20000
10 11 172 20000
10 12 513 20000
10 13 116 20000
10 14 91 20000
10 15 75 20000
10 16 83 20000
10 17 95 20000
10 18 105 20000
10 19 78 20000
10 20 100 20000
10 21 115 20000
10 22 45 20000
10 23 203 20000
10 24 56 20000
10 25 87 20000
10 26 65 20000
10 27 50 20000
10 28 70 20000
10 29 72 20000
10 30 66 20000
10 31 65 20000
10 32 62 20000
10 33 73 20000
10 34 73 20000
10 35 37 20000
10 36 133 20000
10 37 38 20000
10 38 73 20000
10 39 126 20000
10 40 92 20000
10 41 92 20000
10 42 113 20000
10 43 82 20000
10 44 89 20000
10 45 81 20000
10 46 94 20000
10 47 109 20000
10 48 54 20000
10 49 205 20000
10 50 61 20000
10 51 110 20000
11 12 164 20000
11 13 47 20000
11 14 82 20000
11 15 90 20000
11 16 82 20000
11 17 91 20000
11 18 77 20000
11 19 92 20000
11 20 84 20000
11 21 98 20000
11 22 105 20000
11 23 58 20000
11 24 208 20000
11 25 40 20000
11 26 43 20000
11 27 80 20000
11 28 64 20000
11 29 61 20000
11 30 74 20000
11 31 73 20000
11 32 61 20000
11 33 40 20000
11 34 55 20000
11 35 72 20000
11 36 33 20000
11 37 142 20000
11 38 45 20000
11 39 55 20000
11 40 107 20000
11 41 76 20000
11 42 86 20000
11 43 81 20000
11 44 90 20000
11 45 113 20000
11 46 97 20000
11 47 108 20000
11 48 102 20000
11 49 64 20000
11 50 220 20000
11 51 43 20000
12 13 195 20000
12 14 73 20000
12 15 102 20000
12 16 99 20000
12 17 97 20000
12 18 104 20000
12 19 92 20000
12 20 97 20000
12 21 105 20000
12 22 91 20000
12 23 101 20000
12 24 54 20000
12 25 260 20000
12 26 153 20000
12 27 29 20000
12 28 82 20000
12 29 64 20000
12 30 60 20000
12 31 67 20000
12 32 66 20000
12 33 44 20000
12 34 61 20000
12 35 53 20000
12 36 77 20000
12 37 30 20000
12 38 152 20000
12 39 189 20000
12 40 80 20000
12 41 119 20000
12 42 92 20000
12 43 104 20000
12 44 124 20000
12 45 98 20000
12 46 121 20000
12 47 108 20000
12 48 102 20000
12 49 96 20000
12 50 47 20000
12 51 276 20000
13 14 146 20000
13 15 408 20000
13 16 481 20000
13 17 511 20000
13 18 515 20000
13 19 400 20000
13 20 508 20000
13 21 428 20000
13 22 466 20000
13 23 543 20000
13 24 267 20000
13 25 1112 20000
13 26 228 20000
13 27 50 20000
13 28 99 20000
13 29 87 20000
13 30 99 20000
13 31 91 20000
13 32 97 20000
13 33 109 20000
13 34 91 20000
13 35 97 20000
13 36 106 20000
13 37 58 20000
13 38 164 20000
13 39 147 20000
13 40 36 20000
13 41 52 20000
13 42 47 20000
13 43 65 20000
13 44 60 20000
13 45 74 20000
13 46 68 20000
13 47 57 20000
13 48 68 20000
13 49 79 20000
13 50 44 20000
13 51 117 20000
14 15 151 20000
14 16 411 20000
14 17 458 20000
14 18 529 20000
14 19 494 20000
14 20 389 20000
14 21 508 20000
14 22 387 20000
14 23 498 20000
14 24 583 20000
14 25 283 20000
14 26 43 20000
14 27 186 20000
14 28 46 20000
14 29 112 20000
14 30 87 20000
14 31 80 20000
14 32 73 20000
14 33 87 20000
14 34 84 20000
14 35 83 20000
14 36 81 20000
14 37 93 20000
14 38 48 20000
14 39 35 20000
14 40 125 20000
14 41 27 20000
14 42 75 20000
14 43 83 20000
14 44 55 20000
14 45 71 20000
14 46 44 20000
14 47 75 20000
14 48 64 20000
14 49 63 20000
14 50 70 20000
14 51 34 20000
15 16 137 20000
15 17 404 20000
15 18 481 20000
15 19 486 20000
15 20 486 20000
15 21 419 20000
15 22 449 20000
15 23 410 20000
15 24 507 20000
15 25 537 20000
15 26 103 20000
15 27 40 20000
15 28 226 20000
15 29 55 20000
15 30 90 20000
15 31 91 20000
15 32 84 20000
15 33 88 20000
15 34 94 20000
15 35 100 20000
15 36 71 20000
15 37 88 20000
15 38 90 20000
15 39 68 20000
15 40 36 20000
15 41 124 20000
15 42 39 20000
15 43 61 20000
15 44 54 20000
15 45 55 20000
15 46 66 20000
15 47 56 20000
15 48 57 20000
15 49 39 20000
15 50 63 20000
15 51 61 20000
16 17 136 20000
16 18 394 20000
16 19 448 20000
16 20 500 20000
16 21 526 20000
16 22 398 20000
16 23 471 20000
16 24 430 20000
16 25 482 20000
16 26 88 20000
16 27 98 20000
16 28 51 20000
16 29 207 20000
16 30 50 20000
16 31 83 20000
16 32 106 20000
16 33 96 20000
16 34 103 20000
16 35 88 20000
16 36 110 20000
16 37 95 20000
16 38 96 20000
16 39 60 20000
16 40 77 20000
16 41 31 20000
16 42 121 20000
16 43 31 20000
16 44 64 20000
16 45 65 20000
16 46 64 20000
16 47 59 20000
16 48 68 20000
16 49 78 20000
16 50 47 20000
16 51 47 20000
17 18 144 20000
17 19 419 20000
17 20 442 20000
17 21 533 20000
17 22 465 20000
17 23 392 20000
17 24 477 20000
17 25 434 20000
17 26 94 20000
17 27 90 20000
17 28 82 20000
17 29 51 20000
17 30 244 20000
17 31 57 20000
17 32 96 20000
17 33 92 20000
17 34 93 20000
17 35 88 20000
17 36 68 20000
17 37 96 20000
17 38 81 20000
17 39 62 20000
17 40 63 20000
17 41 65 20000
17 42 35 20000
17 43 134 20000
17 44 34 20000
17 45 72 20000
17 46 66 20000
17 47 61 20000
17 48 64 20000
17 49 53 20000
17 50 74 20000
17 51 45 20000
18 19 118 20000
18 20 387 20000
18 21 517 20000
18 22 469 20000
18 23 514 20000
18 24 429 20000
18 25 504 20000
18 26 76 20000
18 27 78 20000
18 28 88 20000
18 29 101 20000
18 30 69 20000
18 31 212 20000
18 32 44 20000
18 33 96 20000
18 34 83 20000
18 35 90 20000
18 36 91 20000
18 37 74 20000
18 38 91 20000
18 39 71 20000
18 40 67 20000
18 41 63 20000
18 42 48 20000
18 43 28 20000
18 44 151 20000
18 45 39 20000
18 46 68 20000
18 47 69 20000
18 48 64 20000
18 49 72 20000
18 50 58 20000
18 51 60 20000
19 20 145 20000
19 21 378 20000
19 22 451 20000
19 23 495 20000
19 24 560 20000
19 25 444 20000
19 26 78 20000
19 27 90 20000
19 28 106 20000
19 29 99 20000
19 30 98 20000
19 31 54 20000
19 32 224 20000
19 33 44 20000
19 34 86 20000
19 35 82 20000
19 36 100 20000
19 37 79 20000
19 38 72 20000
19 39 65 20000
19 40 68 20000
19 41 69 20000
19 42 76 20000
19 43 55 20000
19 44 37 20000
19 45 136 20000
19 46 49 20000
19 47 51 20000
19 48 64 20000
19 49 49 20000
19 50 59 20000
19 51 57 20000
20 21 133 20000
20 22 382 20000
20 23 451 20000
20 24 525 20000
20 25 534 20000
20 26 106 20000
20 27 82 20000
20 28 108 20000
20 29 88 20000
20 30 86 20000
20 31 98 20000
20 32 56 20000
20 33 199 20000
20 34 52 20000
20 35 94 20000
20 36 82 20000
20 37 95 20000
20 38 105 20000
20 39 59 20000
20 40 57 20000
20 41 62 20000
20 42 50 20000
20 43 71 20000
20 44 59 20000
20 45 30 20000
20 46 152 20000
20 47 41 20000
20 48 72 20000
20 49 62 20000
20 50 67 20000
20 51 54 20000
21 22 159 20000
21 23 398 20000
21 24 553 20000
21 25 509 20000
21 26 75 20000
21 27 92 20000
21 28 84 20000
21 29 106 20000
21 30 107 20000
21 31 93 20000
21 32 101 20000
21 33 48 20000
21 34 216 20000
21 35 48 20000
21 36 94 20000
21 37 90 20000
21 38 66 20000
21 39 62 20000
21 40 63 20000
21 41 65 20000
21 42 59 20000
21 43 54 20000
21 44 60 20000
21 45 68 20000
21 46 38 20000
21 47 161 20000
21 48 23 20000
21 49 81 20000
21 50 79 20000
21 51 64 20000
22 23 116 20000
22 24 404 20000
22 25 473 20000
22 26 86 20000
22 27 73 20000
22 28 93 20000
22 29 86 20000
22 30 98 20000
22 31 96 20000
22 32 92 20000
22 33 88 20000
22 34 45 20000
22 35 198 20000
22 36 33 20000
22 37 86 20000
22 38 88 20000
22 39 53 20000
22 40 66 20000
22 41 70 20000
22 42 50 20000
22 43 63 20000
22 44 41 20000
22 45 62 20000
22 46 65 20000
22 47 32 20000
22 48 152 20000
22 49 34 20000
22 50 64 20000
22 51 67 20000
23 24 182 20000
23 25 399 20000
23 26 78 20000
23 27 73 20000
23 28 78 20000
23 29 104 20000
23 30 82 20000
23 31 83 20000
23 32 88 20000
23 33 98 20000
23 34 99 20000
23 35 43 20000
23 36 215 20000
23 37 54 20000
23 38 74 20000
23 39 65 20000
23 40 70 20000
23 41 56 20000
23 42 65 20000
23 43 61 20000
23 44 52 20000
23 45 64 20000
23 46 61 20000
23 47 59 20000
23 48 34 20000
23 49 132 20000
23 50 38 20000
23 51 71 20000
24 25 163 20000
24 26 57 20000
24 27 95 20000
24 28 85 20000
24 29 90 20000
24 30 103 20000
24 31 74 20000
24 32 85 20000
24 33 95 20000
24 34 98 20000
24 35 95 20000
24 36 48 20000
24 37 248 20000
24 38 43 20000
24 39 47 20000
24 40 64 20000
24 41 77 20000
24 42 58 20000
24 43 61 20000
24 44 60 20000
24 45 72 20000
24 46 70 20000
24 47 71 20000
24 48 48 20000
24 49 36 20000
24 50 147 20000
24 51 33 20000
25 26 172 20000
25 27 47 20000
25 28 97 20000
25 29 94 20000
25 30 82 20000
25 31 104 20000
25 32 75 20000
25 33 95 20000
25 34 100 20000
25 35 90 20000
25 36 93 20000
25 37 41 20000
25 38 237 20000
25 39 121 20000
25 40 31 20000
25 41 69 20000
25 42 70 20000
25 43 58 20000
25 44 80 20000
25 45 45 20000
25 46 64 20000
25 47 52 20000
25 48 62 20000
25 49 70 20000
25 50 34 20000
25 51 132 20000
26 27 156 20000
26 28 451 20000
26 29 477 20000
26 30 524 20000
26 31 549 20000
26 32 425 20000
26 33 487 20000
26 34 443 20000
26 35 458 20000
26 36 544 20000
26 37 249 20000
26 38 1109 20000
26 39 235 20000
26 40 51 20000
26 41 99 20000
26 42 106 20000
26 43 93 20000
26 44 97 20000
26 45 86 20000
26 46 101 20000
26 47 82 20000
26 48 88 20000
26 49 90 20000
26 50 60 20000
26 51 174 20000
27 28 151 20000
27 29 399 20000
27 30 474 20000
27 31 527 20000
27 32 527 20000
27 33 420 20000
27 34 466 20000
27 35 412 20000
27 36 471 20000
27 37 525 20000
27 38 233 20000
27 39 52 20000
27 40 235 20000
27 41 58 20000
27 42 103 20000
27 43 97 20000
27 44 84 20000
27 45 91 20000
27 46 97 20000
27 47 98 20000
27 48 90 20000
27 49 101 20000
27 50 108 20000
27 51 45 20000
28 29 122 20000
28 30 424 20000
28 31 470 20000
28 32 526 20000
28 33 549 20000
28 34 420 20000
28 35 493 20000
28 36 447 20000
28 37 514 20000
28 38 550 20000
28 39 109 20000
28 40 46 20000
28 41 223 20000
28 42 51 20000
28 43 113 20000
28 44 94 20000
28 45 89 20000
28 46 89 20000
28 47 100 20000
28 48 104 20000
28 49 86 20000
28 50 107 20000
28 51 102 20000
29 30 125 20000
29 31 400 20000
29 32 531 20000
29 33 492 20000
29 34 497 20000
29 35 422 20000
29 36 495 20000
29 37 444 20000
29 38 509 20000
29 39 103 20000
29 40 104 20000
29 41 35 20000
29 42 214 20000
29 43 33 20000
29 44 82 20000
29 45 88 20000
29 46 98 20000
29 47 107 20000
29 48 78 20000
29 49 95 20000
29 50 81 20000
29 51 68 20000
30 31 160 20000
30 32 439 20000
30 33 499 20000
30 34 534 20000
30 35 538 20000
30 36 406 20000
30 37 525 20000
30 38 417 20000
30 39 92 20000
30 40 105 20000
30 41 93 20000
30 42 50 20000
30 43 226 20000
30 44 50 20000
30 45 126 20000
30 46 101 20000
30 47 96 20000
30 48 110 20000
30 49 92 20000
30 50 104 20000
30 51 92 20000
31 32 185 20000
31 33 413 20000
31 34 500 20000
31 35 492 20000
31 36 491 20000
31 37 454 20000
31 38 498 20000
31 39 90 20000
31 40 85 20000
31 41 96 20000
31 42 106 20000
31 43 49 20000
31 44 221 20000
31 45 58 20000
31 46 100 20000
31 47 96 20000
31 48 102 20000
31 49 96 20000
31 50 87 20000
31 51 87 20000
32 33 155 20000
32 34 426 20000
32 35 481 20000
32 36 564 20000
32 37 563 20000
32 38 441 20000
32 39 86 20000
32 40 102 20000
32 41 99 20000
32 42 112 20000
32 43 93 20000
32 44 37 20000
32 45 220 20000
32 46 53 20000
32 47 105 20000
32 48 98 20000
32 49 90 20000
32 50 86 20000
32 51 95 20000
33 34 142 20000
33 35 413 20000
33 36 469 20000
33 37 484 20000
33 38 515 20000
33 39 79 20000
33 40 93 20000
33 41 83 20000
33 42 88 20000
33 43 97 20000
33 44 98 20000
33 45 56 20000
33 46 219 20000
33 47 55 20000
33 48 95 20000
33 49 87 20000
33 50 99 20000
33 51 83 20000
34 35 143 20000
34 36 379 20000
34 37 521 20000
34 38 515 20000
34 39 82 20000
34 40 118 20000
34 41 83 20000
34 42 114 20000
34 43 99 20000
34 44 97 20000
34 45 104 20000
34 46 60 20000
34 47 270 20000
34 48 51 20000
34 49 112 20000
34 50 106 20000
34 51 88 20000
35 36 137 20000
35 37 423 20000
35 38 480 20000
35 39 93 20000
35 40 69 20000
35 41 105 20000
35 42 81 20000
35 43 100 20000
35 44 93 20000
35 45 102 20000
35 46 120 20000
35 47 47 20000
35 48 245 20000
35 49 49 20000
35 50 122 20000
35 51 98 20000
36 37 140 20000
36 38 417 20000
36 39 98 20000
36 40 101 20000
36 41 95 20000
36 42 121 20000
36 43 95 20000
36 44 105 20000
36 45 89 20000
36 46 82 20000
36 47 97 20000
36 48 54 20000
36 49 234 20000
36 50 52 20000
36 51 93 20000
37 38 147 20000
37 39 61 20000
37 40 95 20000
37 41 88 20000
37 42 90 20000
37 43 86 20000
37 44 105 20000
37 45 106 20000
37 46 94 20000
37 47 105 20000
37 48 93 20000
37 49 48 20000
37 50 228 20000
37 51 43 20000
38 39 185 20000
38 40 66 20000
38 41 103 20000
38 42 89 20000
38 43 89 20000
38 44 115 20000
38 45 74 20000
38 46 109 20000
38 47 83 20000
38 48 82 20000
38 49 89 20000
38 50 57 20000
38 51 245 20000
39 40 181 20000
39 41 457 20000
39 42 481 20000
39 43 547 20000
39 44 521 20000
39 45 498 20000
39 46 488 20000
39 47 463 20000
39 48 472 20000
39 49 590 20000
39 50 259 20000
39 51 1163 20000
40 41 135 20000
40 42 392 20000
40 43 479 20000
40 44 518 20000
40 45 534 20000
40 46 429 20000
40 47 505 20000
40 48 453 20000
40 49 529 20000
40 50 582 20000
40 51 258 20000
41 42 156 20000
41 43 433 20000
41 44 517 20000
41 45 547 20000
41 46 593 20000
41 47 423 20000
41 48 547 20000
41 49 446 20000
41 50 573 20000
41 51 531 20000
42 43 151 20000
42 44 430 20000
42 45 474 20000
42 46 525 20000
42 47 537 20000
42 48 448 20000
42 49 545 20000
42 50 433 20000
42 51 517 20000
43 44 157 20000
43 45 416 20000
43 46 507 20000
43 47 531 20000
43 48 548 20000
43 49 440 20000
43 50 486 20000
43 51 480 20000
44 45 154 20000
44 46 452 20000
44 47 534 20000
44 48 577 20000
44 49 556 20000
44 50 422 20000
44 51 509 20000
45 46 184 20000
45 47 428 20000
45 48 501 20000
45 49 530 20000
45 50 607 20000
45 51 439 20000
46 47 152 20000
46 48 409 20000
46 49 557 20000
46 50 563 20000
46 51 536 20000
47 48 155 20000
47 49 414 20000
47 50 512 20000
47 51 536 20000
48 49 145 20000
48 50 418 20000
48 51 522 20000
49 50 140 20000
49 51 409 20000
50 51 151 20000
