0 1 1026 20000
0 2 644 20000
0 3 468 20000
0 4 327 20000
0 5 340 20000
0 6 320 20000
0 7 373 20000
0 8 407 20000
0 9 528 20000
0 10 674 20000
0 11 963 20000
0 12 2244 20000
0 13 221 20000
0 14 115 20000
0 15 99 20000
0 16 105 20000
0 17 97 20000
0 18 97 20000
0 19 97 20000
0 20 101 20000
0 21 105 20000
0 22 106 20000
0 23 122 20000
0 24 146 20000
0 25 176 20000
0 26 175 20000
0 27 112 20000
0 28 87 20000
0 29 84 20000
0 30 85 20000
0 31 80 20000
0 32 81 20000
0 33 78 20000
0 34 83 20000
0 35 87 20000
0 36 123 20000
0 37 127 20000
0 38 155 20000
0 39 205 20000
0 40 131 20000
0 41 96 20000
0 42 85 20000
0 43 86 20000
0 44 91 20000
0 45 93 20000
0 46 111 20000
0 47 109 20000
0 48 105 20000
0 49 107 20000
0 50 143 20000
0 51 171 20000
1 2 1270 20000
1 3 756 20000
1 4 528 20000
1 5 452 20000
1 6 376 20000
1 7 354 20000
1 8 389 20000
1 9 398 20000
1 10 492 20000
1 11 619 20000
1 12 1126 20000
1 13 129 20000
1 14 175 20000
1 15 110 20000
1 16 83 20000
1 17 82 20000
1 18 83 20000
1 19 67 20000
1 20 75 20000
1 21 79 20000
1 22 76 20000
1 23 93 20000
1 24 97 20000
1 25 112 20000
1 26 91 20000
1 27 168 20000
1 28 89 20000
1 29 76 20000
1 30 82 20000
1 31 71 20000
1 32 78 20000
1 33 50 20000
1 34 77 20000
1 35 65 20000
1 36 70 20000
1 37 78 20000
1 38 81 20000
1 39 132 20000
1 40 203 20000
1 41 146 20000
1 42 98 20000
1 43 92 20000
1 44 84 20000
1 45 67 20000
1 46 79 20000
1 47 70 20000
1 48 81 20000
1 49 82 20000
1 50 88 20000
1 51 110 20000
2 3 1395 20000
2 4 833 20000
2 5 640 20000
2 6 479 20000
2 7 419 20000
2 8 373 20000
2 9 401 20000
2 10 420 20000
2 11 506 20000
2 12 732 20000
2 13 89 20000
2 14 125 20000
2 15 222 20000
2 16 135 20000
2 17 107 20000
2 18 90 20000
2 19 70 20000
2 20 90 20000
2 21 87 20000
2 22 73 20000
2 23 74 20000
2 24 81 20000
2 25 74 20000
2 26 70 20000
2 27 93 20000
2 28 162 20000
2 29 87 20000
2 30 113 20000
2 31 97 20000
2 32 65 20000
2 33 59 20000
2 34 60 20000
2 35 54 20000
2 36 62 20000
2 37 62 20000
2 38 75 20000
2 39 107 20000
2 40 115 20000
2 41 184 20000
2 42 110 20000
2 43 102 20000
2 44 77 20000
2 45 88 20000
2 46 72 20000
2 47 85 20000
2 48 75 20000
2 49 83 20000
2 50 74 20000
2 51 84 20000
3 4 1486 20000
3 5 901 20000
3 6 670 20000
3 7 486 20000
3 8 440 20000
3 9 394 20000
3 10 420 20000
3 11 411 20000
3 12 549 20000
3 13 85 20000
3 14 81 20000
3 15 120 20000
3 16 188 20000
3 17 140 20000
3 18 85 20000
3 19 74 20000
3 20 79 20000
3 21 69 20000
3 22 79 20000
3 23 72 20000
3 24 73 20000
3 25 85 20000
3 26 69 20000
3 27 72 20000
3 28 116 20000
3 29 141 20000
3 30 102 20000
3 31 86 20000
3 32 69 20000
3 33 75 20000
3 34 54 20000
3 35 51 20000
3 36 55 20000
3 37 57 20000
3 38 65 20000
3 39 85 20000
3 40 90 20000
3 41 116 20000
3 42 183 20000
3 43 129 20000
3 44 106 20000
3 45 100 20000
3 46 80 20000
3 47 76 20000
3 48 64 20000
3 49 73 20000
3 50 68 20000
3 51 69 20000
4 5 1589 20000
4 6 964 20000
4 7 691 20000
4 8 537 20000
4 9 490 20000
4 10 457 20000
4 11 400 20000
4 12 577 20000
4 13 87 20000
4 14 79 20000
4 15 101 20000
4 16 131 20000
4 17 197 20000
4 18 116 20000
4 19 91 20000
4 20 94 20000
4 21 97 20000
4 22 76 20000
4 23 88 20000
4 24 84 20000
4 25 70 20000
4 26 73 20000
4 27 60 20000
4 28 80 20000
4 29 103 20000
4 30 151 20000
4 31 118 20000
4 32 86 20000
4 33 63 20000
4 34 80 20000
4 35 65 20000
4 36 71 20000
4 37 61 20000
4 38 68 20000
4 39 87 20000
4 40 66 20000
4 41 111 20000
4 42 127 20000
4 43 209 20000
4 44 125 20000
4 45 120 20000
4 46 110 20000
4 47 103 20000
4 48 79 20000
4 49 83 20000
4 50 70 20000
4 51 70 20000
5 6 1693 20000
5 7 1005 20000
5 8 737 20000
5 9 625 20000
5 10 533 20000
5 11 479 20000
5 12 554 20000
5 13 67 20000
5 14 82 20000
5 15 92 20000
5 16 109 20000
5 17 128 20000
5 18 189 20000
5 19 115 20000
5 20 118 20000
5 21 105 20000
5 22 107 20000
5 23 97 20000
5 24 78 20000
5 25 75 20000
5 26 79 20000
5 27 74 20000
5 28 79 20000
5 29 98 20000
5 30 133 20000
5 31 147 20000
5 32 113 20000
5 33 111 20000
5 34 88 20000
5 35 68 20000
5 36 67 20000
5 37 81 20000
5 38 75 20000
5 39 71 20000
5 40 75 20000
5 41 80 20000
5 42 106 20000
5 43 137 20000
5 44 184 20000
5 45 141 20000
5 46 101 20000
5 47 104 20000
5 48 91 20000
5 49 81 20000
5 50 95 20000
5 51 94 20000
6 7 1796 20000
6 8 1082 20000
6 9 791 20000
6 10 624 20000
6 11 555 20000
6 12 588 20000
6 13 85 20000
6 14 57 20000
6 15 81 20000
6 16 101 20000
6 17 102 20000
6 18 134 20000
6 19 171 20000
6 20 127 20000
6 21 115 20000
6 22 106 20000
6 23 87 20000
6 24 87 20000
6 25 83 20000
6 26 73 20000
6 27 58 20000
6 28 51 20000
6 29 81 20000
6 30 102 20000
6 31 121 20000
6 32 175 20000
6 33 130 20000
6 34 106 20000
6 35 72 20000
6 36 74 20000
6 37 75 20000
6 38 77 20000
6 39 79 20000
6 40 78 20000
6 41 83 20000
6 42 74 20000
6 43 126 20000
6 44 155 20000
6 45 177 20000
6 46 148 20000
6 47 119 20000
6 48 111 20000
6 49 105 20000
6 50 92 20000
6 51 87 20000
7 8 1830 20000
7 9 1138 20000
7 10 842 20000
7 11 668 20000
7 12 665 20000
7 13 67 20000
7 14 77 20000
7 15 64 20000
7 16 91 20000
7 17 91 20000
7 18 96 20000
7 19 134 20000
7 20 199 20000
7 21 137 20000
7 22 96 20000
7 23 100 20000
7 24 104 20000
7 25 84 20000
7 26 74 20000
7 27 55 20000
7 28 71 20000
7 29 68 20000
7 30 76 20000
7 31 73 20000
7 32 111 20000
7 33 150 20000
7 34 115 20000
7 35 101 20000
7 36 83 20000
7 37 78 20000
7 38 69 20000
7 39 92 20000
7 40 76 20000
7 41 59 20000
7 42 77 20000
7 43 95 20000
7 44 112 20000
7 45 126 20000
7 46 198 20000
7 47 164 20000
7 48 113 20000
7 49 104 20000
7 50 90 20000
7 51 107 20000
8 9 1888 20000
8 10 1214 20000
8 11 927 20000
8 12 866 20000
8 13 91 20000
8 14 50 20000
8 15 66 20000
8 16 74 20000
8 17 95 20000
8 18 82 20000
8 19 120 20000
8 20 144 20000
8 21 186 20000
8 22 137 20000
8 23 115 20000
8 24 117 20000
8 25 76 20000
8 26 69 20000
8 27 50 20000
8 28 65 20000
8 29 66 20000
8 30 69 20000
8 31 88 20000
8 32 90 20000
8 33 108 20000
8 34 169 20000
8 35 103 20000
8 36 98 20000
8 37 91 20000
8 38 68 20000
8 39 87 20000
8 40 71 20000
8 41 80 20000
8 42 73 20000
8 43 84 20000
8 44 77 20000
8 45 121 20000
8 46 159 20000
8 47 191 20000
8 48 138 20000
8 49 120 20000
8 50 111 20000
8 51 108 20000
9 10 2066 20000
9 11 1335 20000
9 12 1183 20000
9 13 112 20000
9 14 74 20000
9 15 61 20000
9 16 81 20000
9 17 79 20000
9 18 95 20000
9 19 94 20000
9 20 104 20000
9 21 139 20000
9 22 206 20000
9 23 136 20000
9 24 114 20000
9 25 106 20000
9 26 76 20000
9 27 64 20000
9 28 66 20000
9 29 54 20000
9 30 67 20000
9 31 62 20000
9 32 70 20000
9 33 92 20000
9 34 115 20000
9 35 169 20000
9 36 111 20000
9 37 121 20000
9 38 95 20000
9 39 105 20000
9 40 82 20000
9 41 74 20000
9 42 82 20000
9 43 62 20000
9 44 75 20000
9 45 103 20000
9 46 132 20000
9 47 121 20000
9 48 211 20000
9 49 116 20000
9 50 117 20000
9 51 106 20000
10 11 2275 20000
10 12 1896 20000
10 13 158 20000
10 14 76 20000
10 15 68 20000
10 16 76 20000
10 17 89 20000
10 18 92 20000
10 19 70 20000
10 20 99 20000
10 21 132 20000
10 22 163 20000
10 23 198 20000
10 24 147 20000
10 25 126 20000
10 26 88 20000
10 27 66 20000
10 28 75 20000
10 29 75 20000
10 30 64 20000
10 31 76 20000
10 32 72 20000
10 33 86 20000
10 34 102 20000
10 35 135 20000
10 36 159 20000
10 37 126 20000
10 38 97 20000
10 39 118 20000
10 40 75 20000
10 41 75 20000
10 42 77 20000
10 43 69 20000
10 44 75 20000
10 45 94 20000
10 46 107 20000
10 47 123 20000
10 48 141 20000
10 49 205 20000
10 50 150 20000
10 51 134 20000
11 12 3597 20000
11 13 140 20000
11 14 86 20000
11 15 63 20000
11 16 74 20000
11 17 72 20000
11 18 73 20000
11 19 80 20000
11 20 92 20000
11 21 107 20000
11 22 117 20000
11 23 147 20000
11 24 211 20000
11 25 138 20000
11 26 117 20000
11 27 69 20000
11 28 57 20000
11 29 60 20000
11 30 71 20000
11 31 69 20000
11 32 65 20000
11 33 67 20000
11 34 69 20000
11 35 97 20000
11 36 123 20000
11 37 173 20000
11 38 131 20000
11 39 134 20000
11 40 87 20000
11 41 59 20000
11 42 63 20000
11 43 61 20000
11 44 73 20000
11 45 89 20000
11 46 97 20000
11 47 108 20000
11 48 114 20000
11 49 141 20000
11 50 204 20000
11 51 157 20000
12 13 177 20000
12 14 95 20000
12 15 78 20000
12 16 79 20000
12 17 89 20000
12 18 88 20000
12 19 78 20000
12 20 91 20000
12 21 87 20000
12 22 116 20000
12 23 112 20000
12 24 145 20000
12 25 226 20000
12 26 128 20000
12 27 88 20000
12 28 71 20000
12 29 62 20000
12 30 68 20000
12 31 62 20000
12 32 90 20000
12 33 67 20000
12 34 81 20000
12 35 74 20000
12 36 112 20000
12 37 108 20000
12 38 206 20000
12 39 162 20000
12 40 99 20000
12 41 87 20000
12 42 76 20000
12 43 73 20000
12 44 79 20000
12 45 82 20000
12 46 104 20000
12 47 103 20000
12 48 106 20000
12 49 102 20000
12 50 155 20000
12 51 242 20000
13 14 1350 20000
13 15 757 20000
13 16 556 20000
13 17 444 20000
13 18 420 20000
13 19 387 20000
13 20 450 20000
13 21 453 20000
13 22 585 20000
13 23 796 20000
13 24 1112 20000
13 25 1737 20000
13 26 188 20000
13 27 110 20000
13 28 94 20000
13 29 80 20000
13 30 89 20000
13 31 78 20000
13 32 83 20000
13 33 86 20000
13 34 86 20000
13 35 98 20000
13 36 115 20000
13 37 130 20000
13 38 139 20000
13 39 159 20000
13 40 82 20000
13 41 69 20000
13 42 52 20000
13 43 73 20000
13 44 72 20000
13 45 65 20000
13 46 72 20000
13 47 65 20000
13 48 96 20000
13 49 103 20000
13 50 101 20000
13 51 123 20000
14 15 1384 20000
14 16 833 20000
14 17 586 20000
14 18 440 20000
14 19 367 20000
14 20 345 20000
14 21 396 20000
14 22 432 20000
14 23 507 20000
14 24 633 20000
14 25 865 20000
14 26 99 20000
14 27 167 20000
14 28 110 20000
14 29 92 20000
14 30 75 20000
14 31 55 20000
14 32 72 20000
14 33 72 20000
14 34 60 20000
14 35 81 20000
14 36 78 20000
14 37 80 20000
14 38 90 20000
14 39 95 20000
14 40 157 20000
14 41 84 20000
14 42 84 20000
14 43 88 20000
14 44 53 20000
14 45 60 20000
14 46 55 20000
14 47 58 20000
14 48 69 20000
14 49 65 20000
14 50 58 20000
14 51 75 20000
15 16 1511 20000
15 17 859 20000
15 18 597 20000
15 19 441 20000
15 20 380 20000
15 21 354 20000
15 22 354 20000
15 23 376 20000
15 24 464 20000
15 25 586 20000
15 26 92 20000
15 27 114 20000
15 28 158 20000
15 29 126 20000
15 30 95 20000
15 31 70 20000
15 32 71 20000
15 33 64 20000
15 34 62 20000
15 35 65 20000
15 36 66 20000
15 37 70 20000
15 38 75 20000
15 39 68 20000
15 40 96 20000
15 41 148 20000
15 42 98 20000
15 43 84 20000
15 44 52 20000
15 45 80 20000
15 46 64 20000
15 47 54 20000
15 48 57 20000
15 49 44 20000
15 50 54 20000
15 51 59 20000
16 17 1480 20000
16 18 916 20000
16 19 616 20000
16 20 509 20000
16 21 454 20000
16 22 371 20000
16 23 342 20000
16 24 390 20000
16 25 447 20000
16 26 81 20000
16 27 89 20000
16 28 131 20000
16 29 184 20000
16 30 115 20000
16 31 85 20000
16 32 89 20000
16 33 100 20000
16 34 66 20000
16 35 76 20000
16 36 70 20000
16 37 67 20000
16 38 74 20000
16 39 57 20000
16 40 87 20000
16 41 103 20000
16 42 126 20000
16 43 91 20000
16 44 73 20000
16 45 73 20000
16 46 60 20000
16 47 50 20000
16 48 49 20000
16 49 61 20000
16 50 57 20000
16 51 55 20000
17 18 1527 20000
17 19 946 20000
17 20 676 20000
17 21 519 20000
17 22 404 20000
17 23 360 20000
17 24 343 20000
17 25 374 20000
17 26 69 20000
17 27 76 20000
17 28 100 20000
17 29 108 20000
17 30 186 20000
17 31 138 20000
17 32 97 20000
17 33 75 20000
17 34 80 20000
17 35 64 20000
17 36 67 20000
17 37 70 20000
17 38 67 20000
17 39 57 20000
17 40 64 20000
17 41 87 20000
17 42 102 20000
17 43 156 20000
17 44 107 20000
17 45 99 20000
17 46 72 20000
17 47 61 20000
17 48 54 20000
17 49 57 20000
17 50 58 20000
17 51 48 20000
18 19 1529 20000
18 20 932 20000
18 21 675 20000
18 22 493 20000
18 23 446 20000
18 24 417 20000
18 25 389 20000
18 26 86 20000
18 27 66 20000
18 28 81 20000
18 29 88 20000
18 30 133 20000
18 31 190 20000
18 32 128 20000
18 33 100 20000
18 34 72 20000
18 35 85 20000
18 36 83 20000
18 37 71 20000
18 38 67 20000
18 39 68 20000
18 40 66 20000
18 41 80 20000
18 42 77 20000
18 43 104 20000
18 44 159 20000
18 45 111 20000
18 46 90 20000
18 47 81 20000
18 48 68 20000
18 49 70 20000
18 50 60 20000
18 51 70 20000
19 20 1591 20000
19 21 931 20000
19 22 671 20000
19 23 532 20000
19 24 429 20000
19 25 437 20000
19 26 77 20000
19 27 69 20000
19 28 93 20000
19 29 98 20000
19 30 96 20000
19 31 153 20000
19 32 171 20000
19 33 107 20000
19 34 95 20000
19 35 69 20000
19 36 78 20000
19 37 72 20000
19 38 65 20000
19 39 72 20000
19 40 64 20000
19 41 67 20000
19 42 76 20000
19 43 73 20000
19 44 119 20000
19 45 138 20000
19 46 99 20000
19 47 75 20000
19 48 79 20000
19 49 68 20000
19 50 60 20000
19 51 55 20000
20 21 1567 20000
20 22 960 20000
20 23 718 20000
20 24 563 20000
20 25 439 20000
20 26 109 20000
20 27 63 20000
20 28 87 20000
20 29 89 20000
20 30 81 20000
20 31 107 20000
20 32 144 20000
20 33 153 20000
20 34 128 20000
20 35 98 20000
20 36 84 20000
20 37 91 20000
20 38 96 20000
20 39 59 20000
20 40 54 20000
20 41 63 20000
20 42 67 20000
20 43 87 20000
20 44 87 20000
20 45 108 20000
20 46 162 20000
20 47 112 20000
20 48 94 20000
20 49 75 20000
20 50 66 20000
20 51 67 20000
21 22 1639 20000
21 23 1003 20000
21 24 720 20000
21 25 576 20000
21 26 72 20000
21 27 71 20000
21 28 69 20000
21 29 82 20000
21 30 103 20000
21 31 104 20000
21 32 139 20000
21 33 147 20000
21 34 179 20000
21 35 128 20000
21 36 119 20000
21 37 90 20000
21 38 81 20000
21 39 74 20000
21 40 50 20000
21 41 65 20000
21 42 59 20000
21 43 80 20000
21 44 71 20000
21 45 84 20000
21 46 107 20000
21 47 180 20000
21 48 104 20000
21 49 106 20000
21 50 85 20000
21 51 89 20000
22 23 1555 20000
22 24 1006 20000
22 25 703 20000
22 26 102 20000
22 27 62 20000
22 28 63 20000
22 29 81 20000
22 30 83 20000
22 31 88 20000
22 32 86 20000
22 33 108 20000
22 34 136 20000
22 35 186 20000
22 36 126 20000
22 37 117 20000
22 38 100 20000
22 39 53 20000
22 40 59 20000
22 41 53 20000
22 42 55 20000
22 43 58 20000
22 44 73 20000
22 45 89 20000
22 46 95 20000
22 47 114 20000
22 48 153 20000
22 49 120 20000
22 50 79 20000
22 51 72 20000
23 24 1676 20000
23 25 973 20000
23 26 101 20000
23 27 73 20000
23 28 92 20000
23 29 71 20000
23 30 67 20000
23 31 61 20000
23 32 76 20000
23 33 99 20000
23 34 118 20000
23 35 139 20000
23 36 186 20000
23 37 132 20000
23 38 108 20000
23 39 101 20000
23 40 72 20000
23 41 56 20000
23 42 52 20000
23 43 76 20000
23 44 60 20000
23 45 78 20000
23 46 83 20000
23 47 77 20000
23 48 114 20000
23 49 149 20000
23 50 115 20000
23 51 84 20000
24 25 1659 20000
24 26 143 20000
24 27 75 20000
24 28 76 20000
24 29 80 20000
24 30 71 20000
24 31 75 20000
24 32 83 20000
24 33 100 20000
24 34 110 20000
24 35 115 20000
24 36 132 20000
24 37 204 20000
24 38 142 20000
24 39 108 20000
24 40 57 20000
24 41 66 20000
24 42 48 20000
24 43 63 20000
24 44 65 20000
24 45 66 20000
24 46 83 20000
24 47 71 20000
24 48 87 20000
24 49 96 20000
24 50 155 20000
24 51 112 20000
25 26 133 20000
25 27 83 20000
25 28 68 20000
25 29 82 20000
25 30 74 20000
25 31 60 20000
25 32 83 20000
25 33 92 20000
25 34 102 20000
25 35 105 20000
25 36 97 20000
25 37 143 20000
25 38 200 20000
25 39 115 20000
25 40 68 20000
25 41 63 20000
25 42 68 20000
25 43 57 20000
25 44 70 20000
25 45 62 20000
25 46 80 20000
25 47 79 20000
25 48 91 20000
25 49 102 20000
25 50 111 20000
25 51 142 20000
26 27 1270 20000
26 28 810 20000
26 29 591 20000
26 30 496 20000
26 31 423 20000
26 32 419 20000
26 33 428 20000
26 34 520 20000
26 35 537 20000
26 36 759 20000
26 37 1055 20000
26 38 1699 20000
26 39 156 20000
26 40 100 20000
26 41 108 20000
26 42 77 20000
26 43 91 20000
26 44 94 20000
26 45 81 20000
26 46 90 20000
26 47 92 20000
26 48 97 20000
26 49 106 20000
26 50 130 20000
26 51 145 20000
27 28 1388 20000
27 29 764 20000
27 30 580 20000
27 31 484 20000
27 32 391 20000
27 33 368 20000
27 34 359 20000
27 35 403 20000
27 36 509 20000
27 37 607 20000
27 38 872 20000
27 39 103 20000
27 40 163 20000
27 41 132 20000
27 42 90 20000
27 43 93 20000
27 44 51 20000
27 45 56 20000
27 46 62 20000
27 47 70 20000
27 48 73 20000
27 49 68 20000
27 50 82 20000
27 51 80 20000
28 29 1545 20000
28 30 887 20000
28 31 631 20000
28 32 479 20000
28 33 422 20000
28 34 363 20000
28 35 383 20000
28 36 410 20000
28 37 459 20000
28 38 598 20000
28 39 111 20000
28 40 120 20000
28 41 174 20000
28 42 117 20000
28 43 108 20000
28 44 89 20000
28 45 77 20000
28 46 73 20000
28 47 70 20000
28 48 64 20000
28 49 60 20000
28 50 76 20000
28 51 99 20000
29 30 1458 20000
29 31 922 20000
29 32 632 20000
29 33 482 20000
29 34 451 20000
29 35 380 20000
29 36 416 20000
29 37 412 20000
29 38 414 20000
29 39 83 20000
29 40 99 20000
29 41 127 20000
29 42 183 20000
29 43 129 20000
29 44 95 20000
29 45 98 20000
29 46 85 20000
29 47 97 20000
29 48 81 20000
29 49 81 20000
29 50 71 20000
29 51 60 20000
30 31 1616 20000
30 32 1015 20000
30 33 723 20000
30 34 547 20000
30 35 432 20000
30 36 404 20000
30 37 396 20000
30 38 382 20000
30 39 73 20000
30 40 92 20000
30 41 96 20000
30 42 134 20000
30 43 178 20000
30 44 140 20000
30 45 103 20000
30 46 89 20000
30 47 95 20000
30 48 93 20000
30 49 81 20000
30 50 96 20000
30 51 88 20000
31 32 1639 20000
31 33 999 20000
31 34 715 20000
31 35 547 20000
31 36 447 20000
31 37 433 20000
31 38 402 20000
31 39 75 20000
31 40 65 20000
31 41 91 20000
31 42 106 20000
31 43 139 20000
31 44 183 20000
31 45 126 20000
31 46 110 20000
31 47 93 20000
31 48 93 20000
31 49 80 20000
31 50 78 20000
31 51 76 20000
32 33 1622 20000
32 34 1047 20000
32 35 685 20000
32 36 542 20000
32 37 473 20000
32 38 397 20000
32 39 81 20000
32 40 85 20000
32 41 88 20000
32 42 96 20000
32 43 90 20000
32 44 140 20000
32 45 165 20000
32 46 156 20000
32 47 114 20000
32 48 92 20000
32 49 77 20000
32 50 77 20000
32 51 73 20000
33 34 1590 20000
33 35 968 20000
33 36 710 20000
33 37 554 20000
33 38 471 20000
33 39 81 20000
33 40 73 20000
33 41 68 20000
33 42 70 20000
33 43 83 20000
33 44 113 20000
33 45 130 20000
33 46 193 20000
33 47 120 20000
33 48 120 20000
33 49 98 20000
33 50 89 20000
33 51 92 20000
34 35 1614 20000
34 36 1018 20000
34 37 741 20000
34 38 538 20000
34 39 85 20000
34 40 69 20000
34 41 83 20000
34 42 80 20000
34 43 109 20000
34 44 96 20000
34 45 127 20000
34 46 151 20000
34 47 197 20000
34 48 145 20000
34 49 89 20000
34 50 96 20000
34 51 78 20000
35 36 1620 20000
35 37 1054 20000
35 38 671 20000
35 39 103 20000
35 40 56 20000
35 41 73 20000
35 42 59 20000
35 43 77 20000
35 44 78 20000
35 45 94 20000
35 46 117 20000
35 47 144 20000
35 48 189 20000
35 49 135 20000
35 50 108 20000
35 51 104 20000
36 37 1644 20000
36 38 1014 20000
36 39 104 20000
36 40 68 20000
36 41 67 20000
36 42 76 20000
36 43 68 20000
36 44 77 20000
36 45 79 20000
36 46 90 20000
36 47 108 20000
36 48 134 20000
36 49 177 20000
36 50 127 20000
36 51 116 20000
37 38 1676 20000
37 39 132 20000
37 40 89 20000
37 41 85 20000
37 42 71 20000
37 43 79 20000
37 44 84 20000
37 45 86 20000
37 46 100 20000
37 47 116 20000
37 48 112 20000
37 49 119 20000
37 50 182 20000
37 51 135 20000
38 39 147 20000
38 40 96 20000
38 41 72 20000
38 42 77 20000
38 43 75 20000
38 44 94 20000
38 45 77 20000
38 46 99 20000
38 47 84 20000
38 48 95 20000
38 49 127 20000
38 50 134 20000
38 51 186 20000
39 40 1466 20000
39 41 867 20000
39 42 581 20000
39 43 467 20000
39 44 426 20000
39 45 423 20000
39 46 443 20000
39 47 514 20000
39 48 596 20000
39 49 873 20000
39 50 1168 20000
39 51 1858 20000
40 41 1512 20000
40 42 859 20000
40 43 594 20000
40 44 467 20000
40 45 392 20000
40 46 375 20000
40 47 403 20000
40 48 421 20000
40 49 577 20000
40 50 624 20000
40 51 863 20000
41 42 1552 20000
41 43 920 20000
41 44 660 20000
41 45 480 20000
41 46 394 20000
41 47 388 20000
41 48 386 20000
41 49 419 20000
41 50 465 20000
41 51 584 20000
42 43 1554 20000
42 44 962 20000
42 45 666 20000
42 46 502 20000
42 47 420 20000
42 48 415 20000
42 49 389 20000
42 50 423 20000
42 51 448 20000
43 44 1562 20000
43 45 966 20000
43 46 680 20000
43 47 536 20000
43 48 439 20000
43 49 427 20000
43 50 378 20000
43 51 419 20000
44 45 1674 20000
44 46 1090 20000
44 47 699 20000
44 48 524 20000
44 49 435 20000
44 50 423 20000
44 51 402 20000
45 46 1717 20000
45 47 1035 20000
45 48 717 20000
45 49 532 20000
45 50 494 20000
45 51 441 20000
46 47 1684 20000
46 48 1053 20000
46 49 714 20000
46 50 647 20000
46 51 500 20000
47 48 1696 20000
47 49 1056 20000
47 50 753 20000
47 51 639 20000
48 49 1800 20000
48 50 1039 20000
48 51 727 20000
49 50 1733 20000
49 51 1085 20000
50 51 1688 20000
