0 1 831 20000
0 2 350 20000
0 3 237 20000
0 4 224 20000
0 5 147 20000
0 6 155 20000
0 7 71 20000
0 8 141 20000
0 9 100 20000
0 10 133 20000
0 11 56 20000
0 12 322 20000
0 13 122 20000
0 14 45 20000
0 15 108 20000
0 16 123 20000
0 17 150 20000
0 18 139 20000
0 19 164 20000
0 20 115 20000
0 21 169 20000
0 22 140 20000
0 23 166 20000
0 24 163 20000
0 25 180 20000
0 26 52 20000
0 27 80 20000
0 28 115 20000
0 29 115 20000
0 30 146 20000
0 31 146 20000
0 32 169 20000
0 33 159 20000
0 34 172 20000
0 35 144 20000
0 36 164 20000
0 37 162 20000
0 38 156 20000
0 39 142 20000
0 40 220 20000
0 41 259 20000
0 42 260 20000
0 43 235 20000
0 44 149 20000
0 45 147 20000
0 46 122 20000
0 47 138 20000
0 48 151 20000
0 49 160 20000
0 50 120 20000
0 51 161 20000
1 2 31 20000
1 3 388 20000
1 4 325 20000
1 5 319 20000
1 6 165 20000
1 7 187 20000
1 8 103 20000
1 9 154 20000
1 10 132 20000
1 11 126 20000
1 12 89 20000
1 13 195 20000
1 14 94 20000
1 15 53 20000
1 16 104 20000
1 17 133 20000
1 18 181 20000
1 19 146 20000
1 20 187 20000
1 21 138 20000
1 22 191 20000
1 23 173 20000
1 24 171 20000
1 25 199 20000
1 26 65 20000
1 27 59 20000
1 28 81 20000
1 29 114 20000
1 30 127 20000
1 31 183 20000
1 32 172 20000
1 33 171 20000
1 34 192 20000
1 35 162 20000
1 36 174 20000
1 37 185 20000
1 38 161 20000
1 39 51 20000
1 40 118 20000
1 41 236 20000
1 42 281 20000
1 43 261 20000
1 44 240 20000
1 45 146 20000
1 46 156 20000
1 47 127 20000
1 48 149 20000
1 49 147 20000
1 50 174 20000
1 51 110 20000
2 3 29 20000
2 4 77 20000
2 5 264 20000
2 6 291 20000
2 7 200 20000
2 8 203 20000
2 9 105 20000
2 10 169 20000
2 11 116 20000
2 12 160 20000
2 13 224 20000
2 14 199 20000
2 15 134 20000
2 16 62 20000
2 17 105 20000
2 18 138 20000
2 19 160 20000
2 20 169 20000
2 21 216 20000
2 22 179 20000
2 23 217 20000
2 24 203 20000
2 25 184 20000
2 26 117 20000
2 27 80 20000
2 28 72 20000
2 29 88 20000
2 30 141 20000
2 31 163 20000
2 32 181 20000
2 33 168 20000
2 34 196 20000
2 35 176 20000
2 36 182 20000
2 37 164 20000
2 38 168 20000
2 39 108 20000
2 40 56 20000
2 41 150 20000
2 42 273 20000
2 43 299 20000
2 44 237 20000
2 45 243 20000
2 46 145 20000
2 47 181 20000
2 48 133 20000
2 49 176 20000
2 50 165 20000
2 51 189 20000
3 4 31 20000
3 5 88 20000
3 6 93 20000
3 7 244 20000
3 8 163 20000
3 9 220 20000
3 10 123 20000
3 11 152 20000
3 12 126 20000
3 13 234 20000
3 14 251 20000
3 15 225 20000
3 16 163 20000
3 17 79 20000
3 18 92 20000
3 19 92 20000
3 20 132 20000
3 21 168 20000
3 22 208 20000
3 23 189 20000
3 24 210 20000
3 25 179 20000
3 26 125 20000
3 27 128 20000
3 28 96 20000
3 29 79 20000
3 30 105 20000
3 31 135 20000
3 32 136 20000
3 33 187 20000
3 34 174 20000
3 35 184 20000
3 36 171 20000
3 37 180 20000
3 38 205 20000
3 39 115 20000
3 40 109 20000
3 41 52 20000
3 42 173 20000
3 43 265 20000
3 44 316 20000
3 45 268 20000
3 46 210 20000
3 47 153 20000
3 48 152 20000
3 49 163 20000
3 50 168 20000
3 51 138 20000
4 5 44 20000
4 6 86 20000
4 7 82 20000
4 8 113 20000
4 9 140 20000
4 10 180 20000
4 11 124 20000
4 12 153 20000
4 13 251 20000
4 14 247 20000
4 15 278 20000
4 16 229 20000
4 17 165 20000
4 18 78 20000
4 19 118 20000
4 20 132 20000
4 21 138 20000
4 22 154 20000
4 23 213 20000
4 24 200 20000
4 25 237 20000
4 26 132 20000
4 27 140 20000
4 28 117 20000
4 29 90 20000
4 30 62 20000
4 31 108 20000
4 32 165 20000
4 33 166 20000
4 34 192 20000
4 35 175 20000
4 36 199 20000
4 37 207 20000
4 38 177 20000
4 39 155 20000
4 40 131 20000
4 41 90 20000
4 42 67 20000
4 43 176 20000
4 44 272 20000
4 45 280 20000
4 46 251 20000
4 47 196 20000
4 48 145 20000
4 49 159 20000
4 50 146 20000
4 51 175 20000
5 6 40 20000
5 7 93 20000
5 8 114 20000
5 9 147 20000
5 10 100 20000
5 11 189 20000
5 12 116 20000
5 13 173 20000
5 14 251 20000
5 15 262 20000
5 16 266 20000
5 17 257 20000
5 18 176 20000
5 19 77 20000
5 20 118 20000
5 21 131 20000
5 22 153 20000
5 23 143 20000
5 24 214 20000
5 25 178 20000
5 26 176 20000
5 27 149 20000
5 28 168 20000
5 29 136 20000
5 30 102 20000
5 31 80 20000
5 32 120 20000
5 33 153 20000
5 34 161 20000
5 35 190 20000
5 36 229 20000
5 37 197 20000
5 38 193 20000
5 39 123 20000
5 40 146 20000
5 41 158 20000
5 42 111 20000
5 43 87 20000
5 44 190 20000
5 45 259 20000
5 46 296 20000
5 47 236 20000
5 48 171 20000
5 49 145 20000
5 50 176 20000
5 51 149 20000
6 7 43 20000
6 8 90 20000
6 9 87 20000
6 10 132 20000
6 11 95 20000
6 12 185 20000
6 13 163 20000
6 14 166 20000
6 15 262 20000
6 16 272 20000
6 17 305 20000
6 18 277 20000
6 19 198 20000
6 20 101 20000
6 21 133 20000
6 22 123 20000
6 23 146 20000
6 24 159 20000
6 25 151 20000
6 26 159 20000
6 27 156 20000
6 28 148 20000
6 29 162 20000
6 30 149 20000
6 31 121 20000
6 32 81 20000
6 33 110 20000
6 34 151 20000
6 35 188 20000
6 36 186 20000
6 37 213 20000
6 38 221 20000
6 39 150 20000
6 40 150 20000
6 41 184 20000
6 42 92 20000
6 43 125 20000
6 44 66 20000
6 45 165 20000
6 46 274 20000
6 47 267 20000
6 48 204 20000
6 49 209 20000
6 50 136 20000
6 51 185 20000
7 8 32 20000
7 9 118 20000
7 10 99 20000
7 11 123 20000
7 12 132 20000
7 13 122 20000
7 14 145 20000
7 15 124 20000
7 16 224 20000
7 17 236 20000
7 18 295 20000
7 19 266 20000
7 20 187 20000
7 21 90 20000
7 22 112 20000
7 23 136 20000
7 24 170 20000
7 25 136 20000
7 26 166 20000
7 27 161 20000
7 28 159 20000
7 29 159 20000
7 30 165 20000
7 31 137 20000
7 32 115 20000
7 33 90 20000
7 34 131 20000
7 35 184 20000
7 36 181 20000
7 37 215 20000
7 38 190 20000
7 39 130 20000
7 40 166 20000
7 41 174 20000
7 42 174 20000
7 43 134 20000
7 44 108 20000
7 45 88 20000
7 46 198 20000
7 47 281 20000
7 48 256 20000
7 49 230 20000
7 50 197 20000
7 51 161 20000
8 9 44 20000
8 10 100 20000
8 11 103 20000
8 12 163 20000
8 13 189 20000
8 14 132 20000
8 15 143 20000
8 16 128 20000
8 17 197 20000
8 18 209 20000
8 19 276 20000
8 20 257 20000
8 21 216 20000
8 22 116 20000
8 23 148 20000
8 24 168 20000
8 25 132 20000
8 26 155 20000
8 27 178 20000
8 28 189 20000
8 29 175 20000
8 30 199 20000
8 31 160 20000
8 32 179 20000
8 33 110 20000
8 34 105 20000
8 35 121 20000
8 36 181 20000
8 37 159 20000
8 38 223 20000
8 39 150 20000
8 40 157 20000
8 41 241 20000
8 42 168 20000
8 43 141 20000
8 44 135 20000
8 45 121 20000
8 46 98 20000
8 47 171 20000
8 48 213 20000
8 49 221 20000
8 50 198 20000
8 51 209 20000
9 10 46 20000
9 11 94 20000
9 12 102 20000
9 13 148 20000
9 14 158 20000
9 15 121 20000
9 16 155 20000
9 17 145 20000
9 18 195 20000
9 19 186 20000
9 20 267 20000
9 21 241 20000
9 22 199 20000
9 23 84 20000
9 24 134 20000
9 25 146 20000
9 26 144 20000
9 27 186 20000
9 28 168 20000
9 29 193 20000
9 30 193 20000
9 31 183 20000
9 32 174 20000
9 33 146 20000
9 34 134 20000
9 35 101 20000
9 36 145 20000
9 37 193 20000
9 38 177 20000
9 39 150 20000
9 40 195 20000
9 41 178 20000
9 42 235 20000
9 43 143 20000
9 44 112 20000
9 45 123 20000
9 46 119 20000
9 47 83 20000
9 48 187 20000
9 49 223 20000
9 50 242 20000
9 51 185 20000
10 11 32 20000
10 12 91 20000
10 13 190 20000
10 14 171 20000
10 15 180 20000
10 16 137 20000
10 17 171 20000
10 18 162 20000
10 19 202 20000
10 20 222 20000
10 21 248 20000
10 22 226 20000
10 23 171 20000
10 24 88 20000
10 25 117 20000
10 26 171 20000
10 27 159 20000
10 28 191 20000
10 29 206 20000
10 30 202 20000
10 31 209 20000
10 32 200 20000
10 33 184 20000
10 34 190 20000
10 35 122 20000
10 36 107 20000
10 37 137 20000
10 38 195 20000
10 39 154 20000
10 40 173 20000
10 41 243 20000
10 42 180 20000
10 43 218 20000
10 44 128 20000
10 45 161 20000
10 46 131 20000
10 47 142 20000
10 48 100 20000
10 49 190 20000
10 50 226 20000
10 51 247 20000
11 12 33 20000
11 13 126 20000
11 14 181 20000
11 15 161 20000
11 16 169 20000
11 17 122 20000
11 18 160 20000
11 19 128 20000
11 20 202 20000
11 21 232 20000
11 22 250 20000
11 23 219 20000
11 24 166 20000
11 25 75 20000
11 26 146 20000
11 27 174 20000
11 28 149 20000
11 29 185 20000
11 30 196 20000
11 31 201 20000
11 32 185 20000
11 33 192 20000
11 34 189 20000
11 35 175 20000
11 36 117 20000
11 37 101 20000
11 38 136 20000
11 39 155 20000
11 40 179 20000
11 41 171 20000
11 42 244 20000
11 43 178 20000
11 44 170 20000
11 45 163 20000
11 46 150 20000
11 47 124 20000
11 48 124 20000
11 49 89 20000
11 50 172 20000
11 51 208 20000
12 13 494 20000
12 14 335 20000
12 15 381 20000
12 16 271 20000
12 17 280 20000
12 18 215 20000
12 19 269 20000
12 20 229 20000
12 21 304 20000
12 22 297 20000
12 23 262 20000
12 24 222 20000
12 25 459 20000
12 26 255 20000
12 27 288 20000
12 28 259 20000
12 29 266 20000
12 30 271 20000
12 31 300 20000
12 32 246 20000
12 33 221 20000
12 34 230 20000
12 35 210 20000
12 36 189 20000
12 37 133 20000
12 38 103 20000
12 39 201 20000
12 40 153 20000
12 41 163 20000
12 42 141 20000
12 43 178 20000
12 44 121 20000
12 45 179 20000
12 46 150 20000
12 47 145 20000
12 48 115 20000
12 49 93 20000
12 50 66 20000
12 51 145 20000
13 14 778 20000
13 15 336 20000
13 16 232 20000
13 17 212 20000
13 18 171 20000
13 19 181 20000
13 20 74 20000
13 21 120 20000
13 22 120 20000
13 23 139 20000
13 24 57 20000
13 25 256 20000
13 26 96 20000
13 27 52 20000
13 28 110 20000
13 29 118 20000
13 30 152 20000
13 31 132 20000
13 32 161 20000
13 33 151 20000
13 34 176 20000
13 35 153 20000
13 36 134 20000
13 37 158 20000
13 38 162 20000
13 39 62 20000
13 40 67 20000
13 41 120 20000
13 42 126 20000
13 43 141 20000
13 44 157 20000
13 45 170 20000
13 46 158 20000
13 47 140 20000
13 48 164 20000
13 49 182 20000
13 50 148 20000
13 51 166 20000
14 15 26 20000
14 16 398 20000
14 17 330 20000
14 18 298 20000
14 19 189 20000
14 20 185 20000
14 21 117 20000
14 22 137 20000
14 23 132 20000
14 24 136 20000
14 25 83 20000
14 26 206 20000
14 27 124 20000
14 28 44 20000
14 29 124 20000
14 30 146 20000
14 31 176 20000
14 32 136 20000
14 33 182 20000
14 34 160 20000
14 35 210 20000
14 36 182 20000
14 37 170 20000
14 38 177 20000
14 39 85 20000
14 40 52 20000
14 41 88 20000
14 42 129 20000
14 43 139 20000
14 44 144 20000
14 45 174 20000
14 46 161 20000
14 47 165 20000
14 48 178 20000
14 49 153 20000
14 50 177 20000
14 51 168 20000
15 16 34 20000
15 17 80 20000
15 18 256 20000
15 19 286 20000
15 20 189 20000
15 21 189 20000
15 22 93 20000
15 23 143 20000
15 24 129 20000
15 25 162 20000
15 26 257 20000
15 27 205 20000
15 28 164 20000
15 29 68 20000
15 30 96 20000
15 31 114 20000
15 32 180 20000
15 33 161 20000
15 34 204 20000
15 35 170 20000
15 36 197 20000
15 37 173 20000
15 38 184 20000
15 39 125 20000
15 40 78 20000
15 41 67 20000
15 42 97 20000
15 43 126 20000
15 44 135 20000
15 45 157 20000
15 46 178 20000
15 47 182 20000
15 48 188 20000
15 49 172 20000
15 50 151 20000
15 51 163 20000
16 17 28 20000
16 18 77 20000
16 19 89 20000
16 20 249 20000
16 21 216 20000
16 22 227 20000
16 23 119 20000
16 24 196 20000
16 25 152 20000
16 26 214 20000
16 27 266 20000
16 28 236 20000
16 29 134 20000
16 30 63 20000
16 31 87 20000
16 32 110 20000
16 33 173 20000
16 34 148 20000
16 35 219 20000
16 36 191 20000
16 37 205 20000
16 38 201 20000
16 39 143 20000
16 40 109 20000
16 41 95 20000
16 42 56 20000
16 43 94 20000
16 44 156 20000
16 45 170 20000
16 46 179 20000
16 47 155 20000
16 48 189 20000
16 49 186 20000
16 50 183 20000
16 51 166 20000
17 18 39 20000
17 19 105 20000
17 20 96 20000
17 21 155 20000
17 22 151 20000
17 23 201 20000
17 24 127 20000
17 25 177 20000
17 26 207 20000
17 27 232 20000
17 28 282 20000
17 29 247 20000
17 30 159 20000
17 31 80 20000
17 32 118 20000
17 33 125 20000
17 34 153 20000
17 35 154 20000
17 36 195 20000
17 37 194 20000
17 38 211 20000
17 39 142 20000
17 40 144 20000
17 41 135 20000
17 42 84 20000
17 43 85 20000
17 44 93 20000
17 45 164 20000
17 46 176 20000
17 47 188 20000
17 48 182 20000
17 49 177 20000
17 50 199 20000
17 51 178 20000
18 19 29 20000
18 20 90 20000
18 21 127 20000
18 22 121 20000
18 23 79 20000
18 24 198 20000
18 25 138 20000
18 26 159 20000
18 27 227 20000
18 28 255 20000
18 29 292 20000
18 30 270 20000
18 31 190 20000
18 32 81 20000
18 33 123 20000
18 34 132 20000
18 35 148 20000
18 36 128 20000
18 37 189 20000
18 38 175 20000
18 39 168 20000
18 40 155 20000
18 41 140 20000
18 42 125 20000
18 43 116 20000
18 44 88 20000
18 45 105 20000
18 46 175 20000
18 47 176 20000
18 48 208 20000
18 49 197 20000
18 50 190 20000
18 51 210 20000
19 20 36 20000
19 21 99 20000
19 22 99 20000
19 23 114 20000
19 24 87 20000
19 25 142 20000
19 26 174 20000
19 27 171 20000
19 28 228 20000
19 29 255 20000
19 30 294 20000
19 31 250 20000
19 32 177 20000
19 33 87 20000
19 34 123 20000
19 35 128 20000
19 36 162 20000
19 37 142 20000
19 38 146 20000
19 39 158 20000
19 40 168 20000
19 41 194 20000
19 42 151 20000
19 43 134 20000
19 44 111 20000
19 45 79 20000
19 46 115 20000
19 47 149 20000
19 48 188 20000
19 49 170 20000
19 50 201 20000
19 51 205 20000
20 21 37 20000
20 22 79 20000
20 23 81 20000
20 24 156 20000
20 25 110 20000
20 26 116 20000
20 27 137 20000
20 28 153 20000
20 29 205 20000
20 30 230 20000
20 31 261 20000
20 32 250 20000
20 33 162 20000
20 34 91 20000
20 35 119 20000
20 36 110 20000
20 37 181 20000
20 38 152 20000
20 39 154 20000
20 40 161 20000
20 41 197 20000
20 42 164 20000
20 43 174 20000
20 44 154 20000
20 45 100 20000
20 46 94 20000
20 47 128 20000
20 48 174 20000
20 49 198 20000
20 50 205 20000
20 51 215 20000
21 22 48 20000
21 23 97 20000
21 24 107 20000
21 25 124 20000
21 26 137 20000
21 27 137 20000
21 28 159 20000
21 29 144 20000
21 30 215 20000
21 31 248 20000
21 32 262 20000
21 33 259 20000
21 34 185 20000
21 35 103 20000
21 36 132 20000
21 37 162 20000
21 38 158 20000
21 39 168 20000
21 40 183 20000
21 41 176 20000
21 42 184 20000
21 43 174 20000
21 44 178 20000
21 45 173 20000
21 46 127 20000
21 47 116 20000
21 48 130 20000
21 49 151 20000
21 50 207 20000
21 51 207 20000
22 23 37 20000
22 24 100 20000
22 25 94 20000
22 26 158 20000
22 27 163 20000
22 28 121 20000
22 29 181 20000
22 30 161 20000
22 31 200 20000
22 32 202 20000
22 33 269 20000
22 34 279 20000
22 35 150 20000
22 36 78 20000
22 37 117 20000
22 38 130 20000
22 39 155 20000
22 40 173 20000
22 41 181 20000
22 42 160 20000
22 43 202 20000
22 44 192 20000
22 45 197 20000
22 46 154 20000
22 47 125 20000
22 48 95 20000
22 49 134 20000
22 50 201 20000
22 51 180 20000
23 24 59 20000
23 25 82 20000
23 26 173 20000
23 27 161 20000
23 28 153 20000
23 29 121 20000
23 30 169 20000
23 31 146 20000
23 32 192 20000
23 33 205 20000
23 34 290 20000
23 35 238 20000
23 36 175 20000
23 37 87 20000
23 38 115 20000
23 39 162 20000
23 40 165 20000
23 41 160 20000
23 42 185 20000
23 43 198 20000
23 44 203 20000
23 45 193 20000
23 46 211 20000
23 47 174 20000
23 48 140 20000
23 49 97 20000
23 50 108 20000
23 51 181 20000
24 25 46 20000
24 26 120 20000
24 27 154 20000
24 28 156 20000
24 29 186 20000
24 30 125 20000
24 31 179 20000
24 32 132 20000
24 33 198 20000
24 34 209 20000
24 35 202 20000
24 36 228 20000
24 37 159 20000
24 38 75 20000
24 39 176 20000
24 40 160 20000
24 41 190 20000
24 42 202 20000
24 43 209 20000
24 44 213 20000
24 45 189 20000
24 46 222 20000
24 47 181 20000
24 48 142 20000
24 49 136 20000
24 50 115 20000
24 51 146 20000
25 26 152 20000
25 27 109 20000
25 28 171 20000
25 29 175 20000
25 30 171 20000
25 31 163 20000
25 32 180 20000
25 33 143 20000
25 34 224 20000
25 35 224 20000
25 36 232 20000
25 37 248 20000
25 38 149 20000
25 39 176 20000
25 40 141 20000
25 41 176 20000
25 42 214 20000
25 43 183 20000
25 44 171 20000
25 45 196 20000
25 46 208 20000
25 47 208 20000
25 48 176 20000
25 49 183 20000
25 50 145 20000
25 51 110 20000
26 27 804 20000
26 28 367 20000
26 29 207 20000
26 30 252 20000
26 31 165 20000
26 32 198 20000
26 33 85 20000
26 34 142 20000
26 35 106 20000
26 36 149 20000
26 37 73 20000
26 38 257 20000
26 39 94 20000
26 40 64 20000
26 41 114 20000
26 42 123 20000
26 43 127 20000
26 44 134 20000
26 45 174 20000
26 46 142 20000
26 47 170 20000
26 48 129 20000
26 49 155 20000
26 50 143 20000
26 51 149 20000
27 28 31 20000
27 29 362 20000
27 30 319 20000
27 31 307 20000
27 32 208 20000
27 33 166 20000
27 34 92 20000
27 35 144 20000
27 36 113 20000
27 37 127 20000
27 38 74 20000
27 39 202 20000
27 40 120 20000
27 41 53 20000
27 42 92 20000
27 43 138 20000
27 44 156 20000
27 45 157 20000
27 46 177 20000
27 47 172 20000
27 48 179 20000
27 49 172 20000
27 50 163 20000
27 51 163 20000
28 29 19 20000
28 30 82 20000
28 31 263 20000
28 32 297 20000
28 33 213 20000
28 34 191 20000
28 35 122 20000
28 36 159 20000
28 37 123 20000
28 38 168 20000
28 39 261 20000
28 40 210 20000
28 41 141 20000
28 42 67 20000
28 43 99 20000
28 44 128 20000
28 45 161 20000
28 46 180 20000
28 47 208 20000
28 48 167 20000
28 49 216 20000
28 50 191 20000
28 51 180 20000
29 30 31 20000
29 31 76 20000
29 32 85 20000
29 33 227 20000
29 34 157 20000
29 35 216 20000
29 36 121 20000
29 37 181 20000
29 38 149 20000
29 39 229 20000
29 40 282 20000
29 41 196 20000
29 42 150 20000
29 43 76 20000
29 44 112 20000
29 45 113 20000
29 46 171 20000
29 47 196 20000
29 48 226 20000
29 49 180 20000
29 50 229 20000
29 51 184 20000
30 31 31 20000
30 32 95 20000
30 33 114 20000
30 34 159 20000
30 35 140 20000
30 36 190 20000
30 37 130 20000
30 38 158 20000
30 39 234 20000
30 40 232 20000
30 41 268 20000
30 42 253 20000
30 43 155 20000
30 44 87 20000
30 45 114 20000
30 46 122 20000
30 47 140 20000
30 48 155 20000
30 49 217 20000
30 50 190 20000
30 51 223 20000
31 32 34 20000
31 33 88 20000
31 34 103 20000
31 35 127 20000
31 36 79 20000
31 37 212 20000
31 38 120 20000
31 39 156 20000
31 40 245 20000
31 41 236 20000
31 42 299 20000
31 43 259 20000
31 44 180 20000
31 45 92 20000
31 46 125 20000
31 47 126 20000
31 48 149 20000
31 49 123 20000
31 50 216 20000
31 51 158 20000
32 33 44 20000
32 34 96 20000
32 35 96 20000
32 36 128 20000
32 37 94 20000
32 38 115 20000
32 39 184 20000
32 40 172 20000
32 41 272 20000
32 42 262 20000
32 43 256 20000
32 44 235 20000
32 45 209 20000
32 46 97 20000
32 47 130 20000
32 48 134 20000
32 49 138 20000
32 50 141 20000
32 51 185 20000
33 34 36 20000
33 35 100 20000
33 36 94 20000
33 37 134 20000
33 38 96 20000
33 39 127 20000
33 40 163 20000
33 41 152 20000
33 42 231 20000
33 43 234 20000
33 44 266 20000
33 45 293 20000
33 46 170 20000
33 47 83 20000
33 48 109 20000
33 49 127 20000
33 50 150 20000
33 51 143 20000
34 35 34 20000
34 36 89 20000
34 37 118 20000
34 38 136 20000
34 39 141 20000
34 40 137 20000
34 41 156 20000
34 42 123 20000
34 43 213 20000
34 44 253 20000
34 45 259 20000
34 46 264 20000
34 47 192 20000
34 48 100 20000
34 49 143 20000
34 50 152 20000
34 51 142 20000
35 36 45 20000
35 37 110 20000
35 38 95 20000
35 39 146 20000
35 40 153 20000
35 41 131 20000
35 42 162 20000
35 43 124 20000
35 44 176 20000
35 45 220 20000
35 46 266 20000
35 47 252 20000
35 48 196 20000
35 49 77 20000
35 50 127 20000
35 51 148 20000
36 37 50 20000
36 38 93 20000
36 39 149 20000
36 40 147 20000
36 41 152 20000
36 42 122 20000
36 43 172 20000
36 44 166 20000
36 45 223 20000
36 46 212 20000
36 47 235 20000
36 48 252 20000
36 49 165 20000
36 50 85 20000
36 51 109 20000
37 38 41 20000
37 39 112 20000
37 40 165 20000
37 41 156 20000
37 42 147 20000
37 43 143 20000
37 44 158 20000
37 45 144 20000
37 46 211 20000
37 47 220 20000
37 48 232 20000
37 49 215 20000
37 50 163 20000
37 51 72 20000
38 39 145 20000
38 40 111 20000
38 41 153 20000
38 42 151 20000
38 43 175 20000
38 44 144 20000
38 45 186 20000
38 46 183 20000
38 47 208 20000
38 48 209 20000
38 49 237 20000
38 50 212 20000
38 51 156 20000
39 40 741 20000
39 41 391 20000
39 42 217 20000
39 43 255 20000
39 44 160 20000
39 45 203 20000
39 46 84 20000
39 47 124 20000
39 48 103 20000
39 49 140 20000
39 50 59 20000
39 51 257 20000
40 41 25 20000
40 42 426 20000
40 43 339 20000
40 44 302 20000
40 45 199 20000
40 46 175 20000
40 47 113 20000
40 48 145 20000
40 49 114 20000
40 50 130 20000
40 51 79 20000
41 42 26 20000
41 43 68 20000
41 44 255 20000
41 45 302 20000
41 46 210 20000
41 47 205 20000
41 48 119 20000
41 49 163 20000
41 50 143 20000
41 51 152 20000
42 43 36 20000
42 44 91 20000
42 45 100 20000
42 46 225 20000
42 47 191 20000
42 48 213 20000
42 49 126 20000
42 50 171 20000
42 51 120 20000
43 44 40 20000
43 45 86 20000
43 46 102 20000
43 47 176 20000
43 48 148 20000
43 49 200 20000
43 50 114 20000
43 51 185 20000
44 45 40 20000
44 46 104 20000
44 47 116 20000
44 48 144 20000
44 49 74 20000
44 50 188 20000
44 51 119 20000
45 46 47 20000
45 47 79 20000
45 48 107 20000
45 49 136 20000
45 50 127 20000
45 51 146 20000
46 47 46 20000
46 48 90 20000
46 49 90 20000
46 50 127 20000
46 51 98 20000
47 48 58 20000
47 49 80 20000
47 50 111 20000
47 51 129 20000
48 49 37 20000
48 50 92 20000
48 51 89 20000
49 50 41 20000
49 51 82 20000
50 51 40 20000
