0 1 38 20000
0 2 101 20000
0 3 126 20000
0 4 473 20000
0 5 135 20000
0 6 193 20000
0 7 147 20000
0 8 438 20000
0 9 280 20000
0 10 166 20000
0 11 39 20000
0 12 2725 20000
0 13 132 20000
0 14 33 20000
0 15 61 20000
0 16 82 20000
0 17 71 20000
0 18 46 20000
0 19 51 20000
0 20 61 20000
0 21 77 20000
0 22 47 20000
0 23 69 20000
0 24 78 20000
0 25 128 20000
0 26 79 20000
0 27 52 20000
0 28 93 20000
0 29 96 20000
0 30 52 20000
0 31 64 20000
0 32 84 20000
0 33 86 20000
0 34 41 20000
0 35 48 20000
0 36 78 20000
0 37 88 20000
0 38 84 20000
0 39 139 20000
0 40 129 20000
0 41 136 20000
0 42 115 20000
0 43 69 20000
0 44 107 20000
0 45 120 20000
0 46 140 20000
0 47 64 20000
0 48 110 20000
0 49 151 20000
0 50 179 20000
0 51 122 20000
1 2 31 20000
1 3 63 20000
1 4 331 20000
1 5 343 20000
1 6 92 20000
1 7 144 20000
1 8 168 20000
1 9 309 20000
1 10 276 20000
1 11 173 20000
1 12 65 20000
1 13 116 20000
1 14 96 20000
1 15 39 20000
1 16 67 20000
1 17 124 20000
1 18 83 20000
1 19 56 20000
1 20 97 20000
1 21 123 20000
1 22 92 20000
1 23 66 20000
1 24 67 20000
1 25 125 20000
1 26 56 20000
1 27 58 20000
1 28 66 20000
1 29 91 20000
1 30 73 20000
1 31 73 20000
1 32 75 20000
1 33 82 20000
1 34 71 20000
1 35 51 20000
1 36 70 20000
1 37 88 20000
1 38 58 20000
1 39 49 20000
1 40 111 20000
1 41 178 20000
1 42 175 20000
1 43 55 20000
1 44 114 20000
1 45 121 20000
1 46 132 20000
1 47 40 20000
1 48 82 20000
1 49 129 20000
1 50 138 20000
1 51 45 20000
2 3 19 20000
2 4 126 20000
2 5 317 20000
2 6 308 20000
2 7 90 20000
2 8 226 20000
2 9 103 20000
2 10 275 20000
2 11 228 20000
2 12 124 20000
2 13 134 20000
2 14 149 20000
2 15 108 20000
2 16 48 20000
2 17 142 20000
2 18 120 20000
2 19 90 20000
2 20 70 20000
2 21 127 20000
2 22 135 20000
2 23 110 20000
2 24 78 20000
2 25 122 20000
2 26 89 20000
2 27 78 20000
2 28 59 20000
2 29 74 20000
2 30 120 20000
2 31 88 20000
2 32 47 20000
2 33 93 20000
2 34 76 20000
2 35 74 20000
2 36 61 20000
2 37 82 20000
2 38 77 20000
2 39 63 20000
2 40 44 20000
2 41 105 20000
2 42 143 20000
2 43 67 20000
2 44 50 20000
2 45 100 20000
2 46 125 20000
2 47 64 20000
2 48 72 20000
2 49 105 20000
2 50 137 20000
2 51 84 20000
3 4 35 20000
3 5 110 20000
3 6 272 20000
3 7 273 20000
3 8 146 20000
3 9 209 20000
3 10 81 20000
3 11 246 20000
3 12 199 20000
3 13 122 20000
3 14 148 20000
3 15 138 20000
3 16 102 20000
3 17 163 20000
3 18 135 20000
3 19 124 20000
3 20 81 20000
3 21 118 20000
3 22 111 20000
3 23 125 20000
3 24 109 20000
3 25 111 20000
3 26 98 20000
3 27 94 20000
3 28 83 20000
3 29 58 20000
3 30 106 20000
3 31 76 20000
3 32 87 20000
3 33 70 20000
3 34 88 20000
3 35 76 20000
3 36 87 20000
3 37 40 20000
3 38 99 20000
3 39 77 20000
3 40 68 20000
3 41 29 20000
3 42 118 20000
3 43 57 20000
3 44 53 20000
3 45 63 20000
3 46 120 20000
3 47 78 20000
3 48 67 20000
3 49 89 20000
3 50 89 20000
3 51 72 20000
4 5 42 20000
4 6 99 20000
4 7 100 20000
4 8 488 20000
4 9 127 20000
4 10 199 20000
4 11 161 20000
4 12 522 20000
4 13 72 20000
4 14 58 20000
4 15 60 20000
4 16 63 20000
4 17 133 20000
4 18 25 20000
4 19 57 20000
4 20 77 20000
4 21 83 20000
4 22 36 20000
4 23 61 20000
4 24 71 20000
4 25 76 20000
4 26 37 20000
4 27 74 20000
4 28 101 20000
4 29 113 20000
4 30 64 20000
4 31 79 20000
4 32 98 20000
4 33 88 20000
4 34 42 20000
4 35 76 20000
4 36 77 20000
4 37 98 20000
4 38 46 20000
4 39 82 20000
4 40 109 20000
4 41 144 20000
4 42 149 20000
4 43 106 20000
4 44 136 20000
4 45 132 20000
4 46 110 20000
4 47 76 20000
4 48 110 20000
4 49 121 20000
4 50 123 20000
4 51 57 20000
5 6 34 20000
5 7 66 20000
5 8 362 20000
5 9 399 20000
5 10 102 20000
5 11 170 20000
5 12 264 20000
5 13 108 20000
5 14 108 20000
5 15 63 20000
5 16 70 20000
5 17 146 20000
5 18 119 20000
5 19 27 20000
5 20 84 20000
5 21 124 20000
5 22 87 20000
5 23 77 20000
5 24 80 20000
5 25 98 20000
5 26 61 20000
5 27 57 20000
5 28 87 20000
5 29 74 20000
5 30 71 20000
5 31 51 20000
5 32 65 20000
5 33 103 20000
5 34 61 20000
5 35 47 20000
5 36 81 20000
5 37 80 20000
5 38 59 20000
5 39 50 20000
5 40 84 20000
5 41 144 20000
5 42 162 20000
5 43 46 20000
5 44 120 20000
5 45 191 20000
5 46 149 20000
5 47 64 20000
5 48 98 20000
5 49 127 20000
5 50 127 20000
5 51 47 20000
6 7 17 20000
6 8 121 20000
6 9 326 20000
6 10 347 20000
6 11 71 20000
6 12 339 20000
6 13 144 20000
6 14 117 20000
6 15 99 20000
6 16 57 20000
6 17 126 20000
6 18 155 20000
6 19 111 20000
6 20 43 20000
6 21 159 20000
6 22 126 20000
6 23 93 20000
6 24 74 20000
6 25 117 20000
6 26 85 20000
6 27 68 20000
6 28 51 20000
6 29 96 20000
6 30 106 20000
6 31 76 20000
6 32 64 20000
6 33 62 20000
6 34 100 20000
6 35 74 20000
6 36 67 20000
6 37 89 20000
6 38 86 20000
6 39 67 20000
6 40 71 20000
6 41 97 20000
6 42 130 20000
6 43 87 20000
6 44 41 20000
6 45 100 20000
6 46 158 20000
6 47 51 20000
6 48 67 20000
6 49 97 20000
6 50 158 20000
6 51 49 20000
7 8 45 20000
7 9 147 20000
7 10 320 20000
7 11 324 20000
7 12 318 20000
7 13 105 20000
7 14 124 20000
7 15 158 20000
7 16 100 20000
7 17 121 20000
7 18 165 20000
7 19 156 20000
7 20 110 20000
7 21 136 20000
7 22 156 20000
7 23 143 20000
7 24 102 20000
7 25 123 20000
7 26 114 20000
7 27 87 20000
7 28 97 20000
7 29 64 20000
7 30 106 20000
7 31 120 20000
7 32 72 20000
7 33 64 20000
7 34 117 20000
7 35 74 20000
7 36 75 20000
7 37 64 20000
7 38 93 20000
7 39 79 20000
7 40 79 20000
7 41 78 20000
7 42 94 20000
7 43 76 20000
7 44 72 20000
7 45 43 20000
7 46 113 20000
7 47 88 20000
7 48 62 20000
7 49 74 20000
7 50 108 20000
7 51 85 20000
8 9 42 20000
8 10 98 20000
8 11 102 20000
8 12 738 20000
8 13 74 20000
8 14 45 20000
8 15 44 20000
8 16 72 20000
8 17 65 20000
8 18 53 20000
8 19 57 20000
8 20 76 20000
8 21 131 20000
8 22 44 20000
8 23 75 20000
8 24 77 20000
8 25 47 20000
8 26 41 20000
8 27 60 20000
8 28 87 20000
8 29 109 20000
8 30 38 20000
8 31 75 20000
8 32 82 20000
8 33 90 20000
8 34 62 20000
8 35 60 20000
8 36 104 20000
8 37 89 20000
8 38 30 20000
8 39 77 20000
8 40 106 20000
8 41 142 20000
8 42 127 20000
8 43 82 20000
8 44 120 20000
8 45 166 20000
8 46 154 20000
8 47 146 20000
8 48 123 20000
8 49 142 20000
8 50 124 20000
8 51 84 20000
9 10 32 20000
9 11 69 20000
9 12 682 20000
9 13 112 20000
9 14 93 20000
9 15 65 20000
9 16 90 20000
9 17 111 20000
9 18 107 20000
9 19 57 20000
9 20 54 20000
9 21 119 20000
9 22 103 20000
9 23 46 20000
9 24 64 20000
9 25 108 20000
9 26 60 20000
9 27 54 20000
9 28 72 20000
9 29 66 20000
9 30 63 20000
9 31 55 20000
9 32 78 20000
9 33 88 20000
9 34 67 20000
9 35 71 20000
9 36 80 20000
9 37 103 20000
9 38 57 20000
9 39 53 20000
9 40 96 20000
9 41 128 20000
9 42 135 20000
9 43 42 20000
9 44 72 20000
9 45 131 20000
9 46 164 20000
9 47 36 20000
9 48 123 20000
9 49 145 20000
9 50 170 20000
9 51 48 20000
10 11 13 20000
10 12 293 20000
10 13 168 20000
10 14 128 20000
10 15 96 20000
10 16 68 20000
10 17 145 20000
10 18 152 20000
10 19 112 20000
10 20 70 20000
10 21 143 20000
10 22 155 20000
10 23 113 20000
10 24 40 20000
10 25 171 20000
10 26 83 20000
10 27 79 20000
10 28 71 20000
10 29 94 20000
10 30 82 20000
10 31 88 20000
10 32 60 20000
10 33 92 20000
10 34 97 20000
10 35 73 20000
10 36 70 20000
10 37 68 20000
10 38 91 20000
10 39 75 20000
10 40 56 20000
10 41 107 20000
10 42 135 20000
10 43 63 20000
10 44 68 20000
10 45 84 20000
10 46 133 20000
10 47 73 20000
10 48 50 20000
10 49 113 20000
10 50 162 20000
10 51 58 20000
11 12 42 20000
11 13 147 20000
11 14 132 20000
11 15 155 20000
11 16 93 20000
11 17 130 20000
11 18 112 20000
11 19 149 20000
11 20 115 20000
11 21 118 20000
11 22 155 20000
11 23 161 20000
11 24 128 20000
11 25 158 20000
11 26 110 20000
11 27 93 20000
11 28 93 20000
11 29 63 20000
11 30 107 20000
11 31 100 20000
11 32 97 20000
11 33 55 20000
11 34 89 20000
11 35 90 20000
11 36 70 20000
11 37 57 20000
11 38 122 20000
11 39 66 20000
11 40 59 20000
11 41 56 20000
11 42 138 20000
11 43 65 20000
11 44 72 20000
11 45 100 20000
11 46 92 20000
11 47 74 20000
11 48 63 20000
11 49 43 20000
11 50 124 20000
11 51 67 20000
12 13 116 20000
12 14 40 20000
12 15 59 20000
12 16 79 20000
12 17 82 20000
12 18 54 20000
12 19 60 20000
12 20 81 20000
12 21 71 20000
12 22 51 20000
12 23 55 20000
12 24 83 20000
12 25 189 20000
12 26 60 20000
12 27 76 20000
12 28 92 20000
12 29 111 20000
12 30 33 20000
12 31 75 20000
12 32 83 20000
12 33 112 20000
12 34 35 20000
12 35 59 20000
12 36 94 20000
12 37 115 20000
12 38 115 20000
12 39 113 20000
12 40 143 20000
12 41 150 20000
12 42 146 20000
12 43 73 20000
12 44 123 20000
12 45 149 20000
12 46 204 20000
12 47 92 20000
12 48 170 20000
12 49 167 20000
12 50 204 20000
12 51 181 20000
13 14 39 20000
13 15 74 20000
13 16 109 20000
13 17 484 20000
13 18 139 20000
13 19 194 20000
13 20 154 20000
13 21 459 20000
13 22 303 20000
13 23 184 20000
13 24 51 20000
13 25 1692 20000
13 26 118 20000
13 27 35 20000
13 28 61 20000
13 29 67 20000
13 30 83 20000
13 31 45 20000
13 32 65 20000
13 33 78 20000
13 34 74 20000
13 35 58 20000
13 36 60 20000
13 37 76 20000
13 38 107 20000
13 39 76 20000
13 40 76 20000
13 41 75 20000
13 42 96 20000
13 43 43 20000
13 44 74 20000
13 45 85 20000
13 46 100 20000
13 47 36 20000
13 48 57 20000
13 49 95 20000
13 50 98 20000
13 51 58 20000
14 15 23 20000
14 16 59 20000
14 17 327 20000
14 18 321 20000
14 19 88 20000
14 20 137 20000
14 21 174 20000
14 22 306 20000
14 23 296 20000
14 24 196 20000
14 25 43 20000
14 26 115 20000
14 27 99 20000
14 28 42 20000
14 29 76 20000
14 30 123 20000
14 31 73 20000
14 32 48 20000
14 33 72 20000
14 34 106 20000
14 35 93 20000
14 36 62 20000
14 37 56 20000
14 38 109 20000
14 39 80 20000
14 40 51 20000
14 41 55 20000
14 42 110 20000
14 43 79 20000
14 44 50 20000
14 45 75 20000
14 46 71 20000
14 47 72 20000
14 48 51 20000
14 49 85 20000
14 50 85 20000
14 51 54 20000
15 16 23 20000
15 17 125 20000
15 18 303 20000
15 19 314 20000
15 20 65 20000
15 21 202 20000
15 22 91 20000
15 23 264 20000
15 24 239 20000
15 25 123 20000
15 26 124 20000
15 27 160 20000
15 28 115 20000
15 29 39 20000
15 30 136 20000
15 31 111 20000
15 32 91 20000
15 33 75 20000
15 34 132 20000
15 35 115 20000
15 36 96 20000
15 37 76 20000
15 38 127 20000
15 39 90 20000
15 40 60 20000
15 41 63 20000
15 42 76 20000
15 43 84 20000
15 44 57 20000
15 45 67 20000
15 46 97 20000
15 47 90 20000
15 48 60 20000
15 49 45 20000
15 50 84 20000
15 51 75 20000
16 17 36 20000
16 18 125 20000
16 19 270 20000
16 20 324 20000
16 21 158 20000
16 22 183 20000
16 23 84 20000
16 24 275 20000
16 25 146 20000
16 26 130 20000
16 27 146 20000
16 28 155 20000
16 29 108 20000
16 30 132 20000
16 31 122 20000
16 32 144 20000
16 33 84 20000
16 34 120 20000
16 35 130 20000
16 36 149 20000
16 37 101 20000
16 38 109 20000
16 39 104 20000
16 40 95 20000
16 41 93 20000
16 42 54 20000
16 43 98 20000
16 44 82 20000
16 45 73 20000
16 46 73 20000
16 47 90 20000
16 48 91 20000
16 49 92 20000
16 50 57 20000
16 51 83 20000
17 18 31 20000
17 19 100 20000
17 20 126 20000
17 21 501 20000
17 22 130 20000
17 23 194 20000
17 24 148 20000
17 25 413 20000
17 26 60 20000
17 27 43 20000
17 28 57 20000
17 29 60 20000
17 30 114 20000
17 31 44 20000
17 32 62 20000
17 33 78 20000
17 34 70 20000
17 35 52 20000
17 36 59 20000
17 37 64 20000
17 38 57 20000
17 39 40 20000
17 40 58 20000
17 41 96 20000
17 42 102 20000
17 43 71 20000
17 44 68 20000
17 45 97 20000
17 46 106 20000
17 47 41 20000
17 48 59 20000
17 49 64 20000
17 50 112 20000
17 51 30 20000
18 19 22 20000
18 20 70 20000
18 21 336 20000
18 22 352 20000
18 23 86 20000
18 24 170 20000
18 25 179 20000
18 26 125 20000
18 27 85 20000
18 28 61 20000
18 29 78 20000
18 30 139 20000
18 31 125 20000
18 32 35 20000
18 33 71 20000
18 34 131 20000
18 35 89 20000
18 36 58 20000
18 37 78 20000
18 38 112 20000
18 39 72 20000
18 40 62 20000
18 41 71 20000
18 42 83 20000
18 43 72 20000
18 44 46 20000
18 45 83 20000
18 46 107 20000
18 47 80 20000
18 48 55 20000
18 49 78 20000
18 50 86 20000
18 51 66 20000
19 20 24 20000
19 21 111 20000
19 22 325 20000
19 23 322 20000
19 24 62 20000
19 25 237 20000
19 26 120 20000
19 27 120 20000
19 28 122 20000
19 29 79 20000
19 30 124 20000
19 31 150 20000
19 32 103 20000
19 33 40 20000
19 34 162 20000
19 35 131 20000
19 36 82 20000
19 37 71 20000
19 38 121 20000
19 39 78 20000
19 40 89 20000
19 41 68 20000
19 42 82 20000
19 43 88 20000
19 44 71 20000
19 45 56 20000
19 46 84 20000
19 47 91 20000
19 48 81 20000
19 49 54 20000
19 50 89 20000
19 51 74 20000
20 21 42 20000
20 22 131 20000
20 23 305 20000
20 24 362 20000
20 25 152 20000
20 26 115 20000
20 27 108 20000
20 28 158 20000
20 29 123 20000
20 30 112 20000
20 31 140 20000
20 32 156 20000
20 33 107 20000
20 34 173 20000
20 35 130 20000
20 36 126 20000
20 37 116 20000
20 38 137 20000
20 39 87 20000
20 40 93 20000
20 41 99 20000
20 42 58 20000
20 43 102 20000
20 44 90 20000
20 45 79 20000
20 46 58 20000
20 47 106 20000
20 48 96 20000
20 49 72 20000
20 50 54 20000
20 51 93 20000
21 22 34 20000
21 23 82 20000
21 24 132 20000
21 25 489 20000
21 26 63 20000
21 27 58 20000
21 28 65 20000
21 29 87 20000
21 30 81 20000
21 31 50 20000
21 32 69 20000
21 33 71 20000
21 34 114 20000
21 35 38 20000
21 36 70 20000
21 37 89 20000
21 38 49 20000
21 39 47 20000
21 40 60 20000
21 41 87 20000
21 42 110 20000
21 43 42 20000
21 44 68 20000
21 45 96 20000
21 46 116 20000
21 47 76 20000
21 48 59 20000
21 49 92 20000
21 50 107 20000
21 51 45 20000
22 23 20 20000
22 24 60 20000
22 25 320 20000
22 26 113 20000
22 27 91 20000
22 28 50 20000
22 29 76 20000
22 30 118 20000
22 31 121 20000
22 32 62 20000
22 33 69 20000
22 34 134 20000
22 35 104 20000
22 36 31 20000
22 37 74 20000
22 38 125 20000
22 39 47 20000
22 40 54 20000
22 41 63 20000
22 42 85 20000
22 43 50 20000
22 44 43 20000
22 45 78 20000
22 46 92 20000
22 47 61 20000
22 48 50 20000
22 49 78 20000
22 50 97 20000
22 51 48 20000
23 24 26 20000
23 25 126 20000
23 26 144 20000
23 27 114 20000
23 28 96 20000
23 29 73 20000
23 30 143 20000
23 31 118 20000
23 32 120 20000
23 33 66 20000
23 34 153 20000
23 35 140 20000
23 36 110 20000
23 37 43 20000
23 38 136 20000
23 39 90 20000
23 40 73 20000
23 41 45 20000
23 42 97 20000
23 43 86 20000
23 44 82 20000
23 45 64 20000
23 46 84 20000
23 47 91 20000
23 48 87 20000
23 49 58 20000
23 50 68 20000
23 51 93 20000
24 25 60 20000
24 26 142 20000
24 27 142 20000
24 28 142 20000
24 29 116 20000
24 30 123 20000
24 31 142 20000
24 32 157 20000
24 33 117 20000
24 34 127 20000
24 35 167 20000
24 36 166 20000
24 37 126 20000
24 38 161 20000
24 39 118 20000
24 40 85 20000
24 41 91 20000
24 42 54 20000
24 43 85 20000
24 44 88 20000
24 45 97 20000
24 46 67 20000
24 47 95 20000
24 48 98 20000
24 49 63 20000
24 50 68 20000
24 51 103 20000
25 26 113 20000
25 27 38 20000
25 28 42 20000
25 29 80 20000
25 30 90 20000
25 31 52 20000
25 32 69 20000
25 33 67 20000
25 34 77 20000
25 35 49 20000
25 36 57 20000
25 37 88 20000
25 38 124 20000
25 39 68 20000
25 40 48 20000
25 41 79 20000
25 42 107 20000
25 43 36 20000
25 44 62 20000
25 45 83 20000
25 46 111 20000
25 47 43 20000
25 48 71 20000
25 49 87 20000
25 50 119 20000
25 51 54 20000
26 27 35 20000
26 28 107 20000
26 29 90 20000
26 30 540 20000
26 31 129 20000
26 32 174 20000
26 33 139 20000
26 34 443 20000
26 35 304 20000
26 36 186 20000
26 37 52 20000
26 38 1650 20000
26 39 107 20000
26 40 34 20000
26 41 59 20000
26 42 64 20000
26 43 76 20000
26 44 47 20000
26 45 76 20000
26 46 78 20000
26 47 75 20000
26 48 53 20000
26 49 59 20000
26 50 77 20000
26 51 116 20000
27 28 24 20000
27 29 61 20000
27 30 353 20000
27 31 358 20000
27 32 78 20000
27 33 155 20000
27 34 185 20000
27 35 283 20000
27 36 273 20000
27 37 170 20000
27 38 38 20000
27 39 114 20000
27 40 113 20000
27 41 50 20000
27 42 81 20000
27 43 119 20000
27 44 75 20000
27 45 62 20000
27 46 76 20000
27 47 111 20000
27 48 90 20000
27 49 55 20000
27 50 65 20000
27 51 105 20000
28 29 12 20000
28 30 126 20000
28 31 347 20000
28 32 364 20000
28 33 65 20000
28 34 220 20000
28 35 120 20000
28 36 276 20000
28 37 275 20000
28 38 124 20000
28 39 145 20000
28 40 159 20000
28 41 116 20000
28 42 46 20000
28 43 158 20000
28 44 123 20000
28 45 103 20000
28 46 70 20000
28 47 124 20000
28 48 122 20000
28 49 120 20000
28 50 86 20000
28 51 142 20000
29 30 42 20000
29 31 123 20000
29 32 310 20000
29 33 317 20000
29 34 160 20000
29 35 184 20000
29 36 90 20000
29 37 286 20000
29 38 132 20000
29 39 126 20000
29 40 161 20000
29 41 154 20000
29 42 112 20000
29 43 136 20000
29 44 131 20000
29 45 148 20000
29 46 109 20000
29 47 137 20000
29 48 132 20000
29 49 154 20000
29 50 127 20000
29 51 107 20000
30 31 22 20000
30 32 104 20000
30 33 116 20000
30 34 497 20000
30 35 131 20000
30 36 195 20000
30 37 173 20000
30 38 424 20000
30 39 66 20000
30 40 74 20000
30 41 67 20000
30 42 66 20000
30 43 133 20000
30 44 51 20000
30 45 80 20000
30 46 75 20000
30 47 72 20000
30 48 59 20000
30 49 66 20000
30 50 100 20000
30 51 74 20000
31 32 25 20000
31 33 68 20000
31 34 337 20000
31 35 397 20000
31 36 91 20000
31 37 183 20000
31 38 186 20000
31 39 97 20000
31 40 112 20000
31 41 62 20000
31 42 72 20000
31 43 160 20000
31 44 121 20000
31 45 48 20000
31 46 74 20000
31 47 136 20000
31 48 95 20000
31 49 68 20000
31 50 69 20000
31 51 105 20000
32 33 19 20000
32 34 105 20000
32 35 321 20000
32 36 345 20000
32 37 81 20000
32 38 190 20000
32 39 119 20000
32 40 135 20000
32 41 133 20000
32 42 70 20000
32 43 128 20000
32 44 181 20000
32 45 121 20000
32 46 57 20000
32 47 153 20000
32 48 149 20000
32 49 88 20000
32 50 69 20000
32 51 144 20000
33 34 39 20000
33 35 105 20000
33 36 302 20000
33 37 334 20000
33 38 137 20000
33 39 111 20000
33 40 136 20000
33 41 144 20000
33 42 119 20000
33 43 131 20000
33 44 150 20000
33 45 169 20000
33 46 139 20000
33 47 131 20000
33 48 145 20000
33 49 149 20000
33 50 93 20000
33 51 148 20000
34 35 29 20000
34 36 89 20000
34 37 136 20000
34 38 500 20000
34 39 66 20000
34 40 59 20000
34 41 70 20000
34 42 78 20000
34 43 79 20000
34 44 49 20000
34 45 57 20000
34 46 84 20000
34 47 147 20000
34 48 43 20000
34 49 57 20000
34 50 68 20000
34 51 73 20000
35 36 16 20000
35 37 66 20000
35 38 327 20000
35 39 112 20000
35 40 85 20000
35 41 63 20000
35 42 69 20000
35 43 105 20000
35 44 101 20000
35 45 73 20000
35 46 64 20000
35 47 135 20000
35 48 125 20000
35 49 39 20000
35 50 84 20000
35 51 110 20000
36 37 24 20000
36 38 121 20000
36 39 143 20000
36 40 130 20000
36 41 86 20000
36 42 80 20000
36 43 118 20000
36 44 139 20000
36 45 109 20000
36 46 67 20000
36 47 152 20000
36 48 154 20000
36 49 108 20000
36 50 41 20000
36 51 138 20000
37 38 52 20000
37 39 142 20000
37 40 140 20000
37 41 156 20000
37 42 95 20000
37 43 130 20000
37 44 147 20000
37 45 144 20000
37 46 126 20000
37 47 134 20000
37 48 153 20000
37 49 162 20000
37 50 132 20000
37 51 149 20000
38 39 116 20000
38 40 30 20000
38 41 61 20000
38 42 79 20000
38 43 83 20000
38 44 71 20000
38 45 63 20000
38 46 89 20000
38 47 65 20000
38 48 42 20000
38 49 57 20000
38 50 74 20000
38 51 113 20000
39 40 37 20000
39 41 104 20000
39 42 116 20000
39 43 540 20000
39 44 136 20000
39 45 221 20000
39 46 151 20000
39 47 474 20000
39 48 311 20000
39 49 196 20000
39 50 43 20000
39 51 1744 20000
40 41 17 20000
40 42 67 20000
40 43 329 20000
40 44 346 20000
40 45 100 20000
40 46 179 20000
40 47 175 20000
40 48 337 20000
40 49 309 20000
40 50 186 20000
40 51 42 20000
41 42 28 20000
41 43 98 20000
41 44 363 20000
41 45 352 20000
41 46 70 20000
41 47 218 20000
41 48 111 20000
41 49 294 20000
41 50 232 20000
41 51 91 20000
42 43 38 20000
42 44 141 20000
42 45 316 20000
42 46 343 20000
42 47 145 20000
42 48 192 20000
42 49 88 20000
42 50 263 20000
42 51 133 20000
43 44 41 20000
43 45 91 20000
43 46 118 20000
43 47 548 20000
43 48 132 20000
43 49 178 20000
43 50 159 20000
43 51 416 20000
44 45 33 20000
44 46 75 20000
44 47 320 20000
44 48 379 20000
44 49 93 20000
44 50 151 20000
44 51 171 20000
45 46 26 20000
45 47 124 20000
45 48 343 20000
45 49 364 20000
45 50 71 20000
45 51 233 20000
46 47 53 20000
46 48 140 20000
46 49 326 20000
46 50 350 20000
46 51 147 20000
47 48 35 20000
47 49 94 20000
47 50 109 20000
47 51 495 20000
48 49 22 20000
48 50 60 20000
48 51 375 20000
49 50 14 20000
49 51 107 20000
50 51 43 20000
