0 1 1245 20000
0 2 812 20000
0 3 570 20000
0 4 446 20000
0 5 398 20000
0 6 374 20000
0 7 366 20000
0 8 372 20000
0 9 481 20000
0 10 670 20000
0 11 975 20000
0 12 2454 20000
0 13 27 20000
0 14 26 20000
0 15 50 20000
0 16 77 20000
0 17 110 20000
0 18 135 20000
0 19 160 20000
0 20 225 20000
0 21 261 20000
0 22 299 20000
0 23 340 20000
0 24 325 20000
0 25 73 20000
0 26 58 20000
0 27 75 20000
0 28 95 20000
0 29 106 20000
0 30 154 20000
0 31 163 20000
0 32 195 20000
0 33 214 20000
0 34 222 20000
0 35 221 20000
0 36 201 20000
0 37 125 20000
0 38 50 20000
0 39 43 20000
0 40 73 20000
0 41 95 20000
0 42 114 20000
0 43 146 20000
0 44 136 20000
0 45 169 20000
0 46 166 20000
0 47 135 20000
0 48 129 20000
0 49 80 20000
0 50 61 20000
0 51 54 20000
1 2 1336 20000
1 3 785 20000
1 4 533 20000
1 5 463 20000
1 6 385 20000
1 7 367 20000
1 8 408 20000
1 9 433 20000
1 10 494 20000
1 11 627 20000
1 12 1262 20000
1 13 97 20000
1 14 28 20000
1 15 26 20000
1 16 43 20000
1 17 73 20000
1 18 124 20000
1 19 142 20000
1 20 169 20000
1 21 185 20000
1 22 268 20000
1 23 305 20000
1 24 363 20000
1 25 302 20000
1 26 42 20000
1 27 52 20000
1 28 61 20000
1 29 91 20000
1 30 115 20000
1 31 150 20000
1 32 170 20000
1 33 178 20000
1 34 231 20000
1 35 231 20000
1 36 213 20000
1 37 202 20000
1 38 110 20000
1 39 50 20000
1 40 46 20000
1 41 73 20000
1 42 100 20000
1 43 123 20000
1 44 130 20000
1 45 160 20000
1 46 148 20000
1 47 158 20000
1 48 148 20000
1 49 119 20000
1 50 70 20000
1 51 49 20000
2 3 1325 20000
2 4 797 20000
2 5 575 20000
2 6 464 20000
2 7 451 20000
2 8 356 20000
2 9 361 20000
2 10 410 20000
2 11 482 20000
2 12 802 20000
2 13 311 20000
2 14 107 20000
2 15 28 20000
2 16 31 20000
2 17 59 20000
2 18 71 20000
2 19 88 20000
2 20 139 20000
2 21 172 20000
2 22 218 20000
2 23 298 20000
2 24 330 20000
2 25 352 20000
2 26 140 20000
2 27 52 20000
2 28 51 20000
2 29 67 20000
2 30 106 20000
2 31 129 20000
2 32 153 20000
2 33 154 20000
2 34 179 20000
2 35 221 20000
2 36 227 20000
2 37 236 20000
2 38 185 20000
2 39 51 20000
2 40 49 20000
2 41 36 20000
2 42 53 20000
2 43 91 20000
2 44 102 20000
2 45 144 20000
2 46 178 20000
2 47 167 20000
2 48 166 20000
2 49 163 20000
2 50 108 20000
2 51 84 20000
3 4 1335 20000
3 5 845 20000
3 6 612 20000
3 7 442 20000
3 8 367 20000
3 9 354 20000
3 10 380 20000
3 11 425 20000
3 12 567 20000
3 13 336 20000
3 14 298 20000
3 15 102 20000
3 16 17 20000
3 17 37 20000
3 18 44 20000
3 19 55 20000
3 20 95 20000
3 21 118 20000
3 22 170 20000
3 23 222 20000
3 24 282 20000
3 25 314 20000
3 26 228 20000
3 27 137 20000
3 28 46 20000
3 29 52 20000
3 30 69 20000
3 31 71 20000
3 32 107 20000
3 33 149 20000
3 34 163 20000
3 35 185 20000
3 36 202 20000
3 37 219 20000
3 38 218 20000
3 39 91 20000
3 40 44 20000
3 41 36 20000
3 42 36 20000
3 43 58 20000
3 44 99 20000
3 45 128 20000
3 46 154 20000
3 47 142 20000
3 48 168 20000
3 49 149 20000
3 50 128 20000
3 51 112 20000
4 5 1443 20000
4 6 857 20000
4 7 595 20000
4 8 442 20000
4 9 419 20000
4 10 387 20000
4 11 355 20000
4 12 472 20000
4 13 326 20000
4 14 359 20000
4 15 285 20000
4 16 104 20000
4 17 21 20000
4 18 22 20000
4 19 48 20000
4 20 73 20000
4 21 110 20000
4 22 116 20000
4 23 213 20000
4 24 224 20000
4 25 307 20000
4 26 227 20000
4 27 226 20000
4 28 122 20000
4 29 52 20000
4 30 33 20000
4 31 72 20000
4 32 89 20000
4 33 110 20000
4 34 126 20000
4 35 172 20000
4 36 180 20000
4 37 215 20000
4 38 233 20000
4 39 139 20000
4 40 91 20000
4 41 48 20000
4 42 45 20000
4 43 45 20000
4 44 60 20000
4 45 96 20000
4 46 143 20000
4 47 149 20000
4 48 143 20000
4 49 161 20000
4 50 160 20000
4 51 158 20000
5 6 1414 20000
5 7 897 20000
5 8 630 20000
5 9 554 20000
5 10 432 20000
5 11 370 20000
5 12 477 20000
5 13 284 20000
5 14 311 20000
5 15 352 20000
5 16 331 20000
5 17 85 20000
5 18 26 20000
5 19 16 20000
5 20 60 20000
5 21 75 20000
5 22 97 20000
5 23 149 20000
5 24 211 20000
5 25 220 20000
5 26 252 20000
5 27 252 20000
5 28 204 20000
5 29 140 20000
5 30 55 20000
5 31 37 20000
5 32 63 20000
5 33 103 20000
5 34 118 20000
5 35 146 20000
5 36 169 20000
5 37 208 20000
5 38 235 20000
5 39 148 20000
5 40 138 20000
5 41 96 20000
5 42 39 20000
5 43 53 20000
5 44 51 20000
5 45 69 20000
5 46 101 20000
5 47 135 20000
5 48 139 20000
5 49 188 20000
5 50 176 20000
5 51 165 20000
6 7 1430 20000
6 8 897 20000
6 9 628 20000
6 10 427 20000
6 11 404 20000
6 12 466 20000
6 13 201 20000
6 14 276 20000
6 15 347 20000
6 16 359 20000
6 17 310 20000
6 18 118 20000
6 19 20 20000
6 20 27 20000
6 21 54 20000
6 22 67 20000
6 23 107 20000
6 24 162 20000
6 25 166 20000
6 26 220 20000
6 27 232 20000
6 28 234 20000
6 29 215 20000
6 30 143 20000
6 31 61 20000
6 32 47 20000
6 33 52 20000
6 34 79 20000
6 35 104 20000
6 36 142 20000
6 37 179 20000
6 38 188 20000
6 39 173 20000
6 40 160 20000
6 41 133 20000
6 42 77 20000
6 43 41 20000
6 44 53 20000
6 45 38 20000
6 46 79 20000
6 47 86 20000
6 48 114 20000
6 49 167 20000
6 50 159 20000
6 51 188 20000
7 8 1370 20000
7 9 905 20000
7 10 686 20000
7 11 480 20000
7 12 573 20000
7 13 160 20000
7 14 218 20000
7 15 267 20000
7 16 315 20000
7 17 330 20000
7 18 301 20000
7 19 107 20000
7 20 24 20000
7 21 28 20000
7 22 46 20000
7 23 80 20000
7 24 117 20000
7 25 141 20000
7 26 188 20000
7 27 206 20000
7 28 258 20000
7 29 222 20000
7 30 232 20000
7 31 101 20000
7 32 44 20000
7 33 41 20000
7 34 62 20000
7 35 89 20000
7 36 109 20000
7 37 147 20000
7 38 171 20000
7 39 182 20000
7 40 162 20000
7 41 166 20000
7 42 139 20000
7 43 95 20000
7 44 39 20000
7 45 39 20000
7 46 43 20000
7 47 68 20000
7 48 83 20000
7 49 98 20000
7 50 135 20000
7 51 158 20000
8 9 1446 20000
8 10 941 20000
8 11 640 20000
8 12 598 20000
8 13 113 20000
8 14 177 20000
8 15 221 20000
8 16 273 20000
8 17 335 20000
8 18 377 20000
8 19 346 20000
8 20 93 20000
8 21 21 20000
8 22 36 20000
8 23 52 20000
8 24 81 20000
8 25 95 20000
8 26 154 20000
8 27 196 20000
8 28 223 20000
8 29 238 20000
8 30 236 20000
8 31 220 20000
8 32 155 20000
8 33 35 20000
8 34 42 20000
8 35 55 20000
8 36 86 20000
8 37 130 20000
8 38 128 20000
8 39 151 20000
8 40 141 20000
8 41 177 20000
8 42 136 20000
8 43 154 20000
8 44 83 20000
8 45 52 20000
8 46 38 20000
8 47 48 20000
8 48 67 20000
8 49 103 20000
8 50 106 20000
8 51 120 20000
9 10 1482 20000
9 11 880 20000
9 12 888 20000
9 13 104 20000
9 14 139 20000
9 15 189 20000
9 16 215 20000
9 17 274 20000
9 18 305 20000
9 19 339 20000
9 20 295 20000
9 21 100 20000
9 22 28 20000
9 23 38 20000
9 24 48 20000
9 25 65 20000
9 26 117 20000
9 27 139 20000
9 28 184 20000
9 29 217 20000
9 30 237 20000
9 31 266 20000
9 32 186 20000
9 33 147 20000
9 34 44 20000
9 35 54 20000
9 36 70 20000
9 37 103 20000
9 38 107 20000
9 39 142 20000
9 40 159 20000
9 41 162 20000
9 42 187 20000
9 43 146 20000
9 44 123 20000
9 45 89 20000
9 46 42 20000
9 47 34 20000
9 48 32 20000
9 49 72 20000
9 50 83 20000
9 51 131 20000
10 11 1427 20000
10 12 1439 20000
10 13 89 20000
10 14 108 20000
10 15 132 20000
10 16 165 20000
10 17 231 20000
10 18 305 20000
10 19 309 20000
10 20 358 20000
10 21 320 20000
10 22 89 20000
10 23 27 20000
10 24 28 20000
10 25 49 20000
10 26 101 20000
10 27 140 20000
10 28 183 20000
10 29 182 20000
10 30 227 20000
10 31 250 20000
10 32 260 20000
10 33 195 20000
10 34 148 20000
10 35 45 20000
10 36 54 20000
10 37 68 20000
10 38 77 20000
10 39 125 20000
10 40 143 20000
10 41 144 20000
10 42 169 20000
10 43 187 20000
10 44 153 20000
10 45 135 20000
10 46 100 20000
10 47 50 20000
10 48 48 20000
10 49 53 20000
10 50 63 20000
10 51 83 20000
11 12 2672 20000
11 13 50 20000
11 14 66 20000
11 15 95 20000
11 16 110 20000
11 17 184 20000
11 18 210 20000
11 19 252 20000
11 20 313 20000
11 21 386 20000
11 22 313 20000
11 23 103 20000
11 24 20 20000
11 25 30 20000
11 26 83 20000
11 27 97 20000
11 28 148 20000
11 29 186 20000
11 30 189 20000
11 31 247 20000
11 32 220 20000
11 33 243 20000
11 34 205 20000
11 35 141 20000
11 36 45 20000
11 37 52 20000
11 38 80 20000
11 39 85 20000
11 40 96 20000
11 41 117 20000
11 42 149 20000
11 43 172 20000
11 44 156 20000
11 45 172 20000
11 46 144 20000
11 47 74 20000
11 48 40 20000
11 49 49 20000
11 50 52 20000
11 51 72 20000
12 13 41 20000
12 14 63 20000
12 15 88 20000
12 16 137 20000
12 17 190 20000
12 18 256 20000
12 19 316 20000
12 20 434 20000
12 21 601 20000
12 22 778 20000
12 23 760 20000
12 24 271 20000
12 25 78 20000
12 26 82 20000
12 27 106 20000
12 28 150 20000
12 29 201 20000
12 30 251 20000
12 31 323 20000
12 32 350 20000
12 33 407 20000
12 34 491 20000
12 35 492 20000
12 36 326 20000
12 37 47 20000
12 38 96 20000
12 39 76 20000
12 40 123 20000
12 41 159 20000
12 42 220 20000
12 43 259 20000
12 44 307 20000
12 45 326 20000
12 46 318 20000
12 47 306 20000
12 48 226 20000
12 49 45 20000
12 50 34 20000
12 51 84 20000
13 14 1547 20000
13 15 845 20000
13 16 537 20000
13 17 361 20000
13 18 312 20000
13 19 268 20000
13 20 273 20000
13 21 300 20000
13 22 401 20000
13 23 576 20000
13 24 990 20000
13 25 1763 20000
13 26 14 20000
13 27 23 20000
13 28 23 20000
13 29 50 20000
13 30 59 20000
13 31 83 20000
13 32 99 20000
13 33 142 20000
13 34 197 20000
13 35 240 20000
13 36 314 20000
13 37 316 20000
13 38 181 20000
13 39 47 20000
13 40 46 20000
13 41 50 20000
13 42 73 20000
13 43 98 20000
13 44 146 20000
13 45 153 20000
13 46 207 20000
13 47 222 20000
13 48 218 20000
13 49 196 20000
13 50 119 20000
13 51 49 20000
14 15 1544 20000
14 16 893 20000
14 17 521 20000
14 18 396 20000
14 19 308 20000
14 20 252 20000
14 21 292 20000
14 22 300 20000
14 23 376 20000
14 24 593 20000
14 25 908 20000
14 26 233 20000
14 27 14 20000
14 28 25 20000
14 29 37 20000
14 30 31 20000
14 31 57 20000
14 32 76 20000
14 33 93 20000
14 34 140 20000
14 35 183 20000
14 36 268 20000
14 37 300 20000
14 38 319 20000
14 39 46 20000
14 40 35 20000
14 41 41 20000
14 42 70 20000
14 43 78 20000
14 44 84 20000
14 45 109 20000
14 46 159 20000
14 47 185 20000
14 48 216 20000
14 49 216 20000
14 50 230 20000
14 51 111 20000
15 16 1650 20000
15 17 874 20000
15 18 575 20000
15 19 381 20000
15 20 292 20000
15 21 269 20000
15 22 255 20000
15 23 263 20000
15 24 411 20000
15 25 575 20000
15 26 344 20000
15 27 231 20000
15 28 23 20000
15 29 20 20000
15 30 23 20000
15 31 38 20000
15 32 70 20000
15 33 75 20000
15 34 105 20000
15 35 123 20000
15 36 188 20000
15 37 248 20000
15 38 285 20000
15 39 138 20000
15 40 33 20000
15 41 49 20000
15 42 60 20000
15 43 62 20000
15 44 73 20000
15 45 94 20000
15 46 119 20000
15 47 140 20000
15 48 189 20000
15 49 171 20000
15 50 236 20000
15 51 174 20000
16 17 1551 20000
16 18 853 20000
16 19 507 20000
16 20 386 20000
16 21 309 20000
16 22 269 20000
16 23 252 20000
16 24 309 20000
16 25 395 20000
16 26 308 20000
16 27 303 20000
16 28 270 20000
16 29 22 20000
16 30 19 20000
16 31 24 20000
16 32 44 20000
16 33 66 20000
16 34 71 20000
16 35 100 20000
16 36 133 20000
16 37 194 20000
16 38 237 20000
16 39 201 20000
16 40 157 20000
16 41 49 20000
16 42 41 20000
16 43 43 20000
16 44 59 20000
16 45 65 20000
16 46 91 20000
16 47 117 20000
16 48 153 20000
16 49 182 20000
16 50 204 20000
16 51 259 20000
17 18 1577 20000
17 19 901 20000
17 20 581 20000
17 21 414 20000
17 22 303 20000
17 23 238 20000
17 24 300 20000
17 25 312 20000
17 26 240 20000
17 27 295 20000
17 28 342 20000
17 29 213 20000
17 30 22 20000
17 31 29 20000
17 32 28 20000
17 33 43 20000
17 34 51 20000
17 35 72 20000
17 36 102 20000
17 37 132 20000
17 38 186 20000
17 39 222 20000
17 40 207 20000
17 41 139 20000
17 42 45 20000
17 43 53 20000
17 44 50 20000
17 45 54 20000
17 46 80 20000
17 47 91 20000
17 48 109 20000
17 49 132 20000
17 50 179 20000
17 51 202 20000
18 19 1617 20000
18 20 867 20000
18 21 582 20000
18 22 357 20000
18 23 302 20000
18 24 277 20000
18 25 267 20000
18 26 178 20000
18 27 241 20000
18 28 312 20000
18 29 316 20000
18 30 216 20000
18 31 19 20000
18 32 19 20000
18 33 23 20000
18 34 33 20000
18 35 52 20000
18 36 89 20000
18 37 92 20000
18 38 146 20000
18 39 196 20000
18 40 221 20000
18 41 209 20000
18 42 120 20000
18 43 41 20000
18 44 40 20000
18 45 61 20000
18 46 66 20000
18 47 84 20000
18 48 115 20000
18 49 135 20000
18 50 154 20000
18 51 187 20000
19 20 1631 20000
19 21 890 20000
19 22 583 20000
19 23 359 20000
19 24 287 20000
19 25 270 20000
19 26 139 20000
19 27 174 20000
19 28 245 20000
19 29 301 20000
19 30 333 20000
19 31 215 20000
19 32 20 20000
19 33 12 20000
19 34 22 20000
19 35 36 20000
19 36 40 20000
19 37 66 20000
19 38 91 20000
19 39 201 20000
19 40 203 20000
19 41 223 20000
19 42 239 20000
19 43 122 20000
19 44 54 20000
19 45 40 20000
19 46 47 20000
19 47 39 20000
19 48 70 20000
19 49 86 20000
19 50 99 20000
19 51 156 20000
20 21 1612 20000
20 22 877 20000
20 23 548 20000
20 24 409 20000
20 25 282 20000
20 26 109 20000
20 27 125 20000
20 28 189 20000
20 29 220 20000
20 30 289 20000
20 31 311 20000
20 32 241 20000
20 33 14 20000
20 34 31 20000
20 35 40 20000
20 36 40 20000
20 37 52 20000
20 38 82 20000
20 39 130 20000
20 40 159 20000
20 41 191 20000
20 42 219 20000
20 43 218 20000
20 44 126 20000
20 45 44 20000
20 46 50 20000
20 47 47 20000
20 48 67 20000
20 49 84 20000
20 50 85 20000
20 51 95 20000
21 22 1749 20000
21 23 883 20000
21 24 611 20000
21 25 417 20000
21 26 69 20000
21 27 101 20000
21 28 154 20000
21 29 211 20000
21 30 254 20000
21 31 334 20000
21 32 360 20000
21 33 231 20000
21 34 14 20000
21 35 23 20000
21 36 36 20000
21 37 46 20000
21 38 52 20000
21 39 109 20000
21 40 123 20000
21 41 177 20000
21 42 223 20000
21 43 253 20000
21 44 202 20000
21 45 142 20000
21 46 47 20000
21 47 46 20000
21 48 44 20000
21 49 70 20000
21 50 76 20000
21 51 106 20000
22 23 1660 20000
22 24 908 20000
22 25 531 20000
22 26 55 20000
22 27 68 20000
22 28 91 20000
22 29 130 20000
22 30 203 20000
22 31 235 20000
22 32 284 20000
22 33 336 20000
22 34 229 20000
22 35 8 20000
22 36 12 20000
22 37 31 20000
22 38 42 20000
22 39 73 20000
22 40 100 20000
22 41 147 20000
22 42 183 20000
22 43 200 20000
22 44 199 20000
22 45 194 20000
22 46 139 20000
22 47 50 20000
22 48 42 20000
22 49 57 20000
22 50 49 20000
22 51 61 20000
23 24 1720 20000
23 25 902 20000
23 26 38 20000
23 27 48 20000
23 28 76 20000
23 29 108 20000
23 30 138 20000
23 31 190 20000
23 32 253 20000
23 33 303 20000
23 34 351 20000
23 35 220 20000
23 36 15 20000
23 37 24 20000
23 38 18 20000
23 39 67 20000
23 40 102 20000
23 41 104 20000
23 42 141 20000
23 43 170 20000
23 44 207 20000
23 45 225 20000
23 46 222 20000
23 47 130 20000
23 48 52 20000
23 49 45 20000
23 50 56 20000
23 51 55 20000
24 25 1650 20000
24 26 32 20000
24 27 25 20000
24 28 54 20000
24 29 71 20000
24 30 126 20000
24 31 155 20000
24 32 206 20000
24 33 260 20000
24 34 338 20000
24 35 326 20000
24 36 219 20000
24 37 19 20000
24 38 23 20000
24 39 65 20000
24 40 70 20000
24 41 102 20000
24 42 105 20000
24 43 149 20000
24 44 188 20000
24 45 218 20000
24 46 246 20000
24 47 218 20000
24 48 127 20000
24 49 43 20000
24 50 52 20000
24 51 44 20000
25 26 22 20000
25 27 25 20000
25 28 35 20000
25 29 63 20000
25 30 87 20000
25 31 115 20000
25 32 152 20000
25 33 187 20000
25 34 245 20000
25 35 283 20000
25 36 349 20000
25 37 224 20000
25 38 16 20000
25 39 53 20000
25 40 46 20000
25 41 70 20000
25 42 90 20000
25 43 108 20000
25 44 152 20000
25 45 186 20000
25 46 211 20000
25 47 244 20000
25 48 193 20000
25 49 136 20000
25 50 47 20000
25 51 39 20000
26 27 1308 20000
26 28 767 20000
26 29 476 20000
26 30 344 20000
26 31 256 20000
26 32 255 20000
26 33 247 20000
26 34 289 20000
26 35 353 20000
26 36 485 20000
26 37 768 20000
26 38 1394 20000
26 39 15 20000
26 40 20 20000
26 41 30 20000
26 42 31 20000
26 43 46 20000
26 44 78 20000
26 45 83 20000
26 46 131 20000
26 47 184 20000
26 48 230 20000
26 49 296 20000
26 50 330 20000
26 51 183 20000
27 28 1203 20000
27 29 697 20000
27 30 494 20000
27 31 340 20000
27 32 280 20000
27 33 262 20000
27 34 241 20000
27 35 275 20000
27 36 320 20000
27 37 524 20000
27 38 740 20000
27 39 244 20000
27 40 15 20000
27 41 23 20000
27 42 28 20000
27 43 41 20000
27 44 44 20000
27 45 80 20000
27 46 83 20000
27 47 131 20000
27 48 165 20000
27 49 215 20000
27 50 291 20000
27 51 318 20000
28 29 1293 20000
28 30 799 20000
28 31 506 20000
28 32 369 20000
28 33 279 20000
28 34 239 20000
28 35 260 20000
28 36 297 20000
28 37 314 20000
28 38 497 20000
28 39 319 20000
28 40 253 20000
28 41 19 20000
28 42 28 20000
28 43 38 20000
28 44 39 20000
28 45 44 20000
28 46 66 20000
28 47 96 20000
28 48 128 20000
28 49 166 20000
28 50 256 20000
28 51 299 20000
29 30 1289 20000
29 31 705 20000
29 32 485 20000
29 33 325 20000
29 34 253 20000
29 35 264 20000
29 36 242 20000
29 37 285 20000
29 38 335 20000
29 39 293 20000
29 40 344 20000
29 41 242 20000
29 42 22 20000
29 43 17 20000
29 44 31 20000
29 45 38 20000
29 46 56 20000
29 47 82 20000
29 48 88 20000
29 49 106 20000
29 50 164 20000
29 51 230 20000
30 31 1282 20000
30 32 789 20000
30 33 488 20000
30 34 388 20000
30 35 284 20000
30 36 245 20000
30 37 252 20000
30 38 254 20000
30 39 210 20000
30 40 245 20000
30 41 341 20000
30 42 236 20000
30 43 19 20000
30 44 17 20000
30 45 33 20000
30 46 38 20000
30 47 50 20000
30 48 74 20000
30 49 86 20000
30 50 104 20000
30 51 171 20000
31 32 1284 20000
31 33 752 20000
31 34 518 20000
31 35 337 20000
31 36 272 20000
31 37 267 20000
31 38 266 20000
31 39 160 20000
31 40 208 20000
31 41 287 20000
31 42 318 20000
31 43 262 20000
31 44 23 20000
31 45 27 20000
31 46 33 20000
31 47 41 20000
31 48 66 20000
31 49 64 20000
31 50 93 20000
31 51 106 20000
32 33 1265 20000
32 34 761 20000
32 35 504 20000
32 36 348 20000
32 37 290 20000
32 38 238 20000
32 39 146 20000
32 40 174 20000
32 41 227 20000
32 42 309 20000
32 43 323 20000
32 44 269 20000
32 45 13 20000
32 46 27 20000
32 47 32 20000
32 48 48 20000
32 49 46 20000
32 50 68 20000
32 51 91 20000
33 34 1278 20000
33 35 754 20000
33 36 457 20000
33 37 343 20000
33 38 268 20000
33 39 67 20000
33 40 122 20000
33 41 145 20000
33 42 239 20000
33 43 258 20000
33 44 346 20000
33 45 231 20000
33 46 19 20000
33 47 25 20000
33 48 36 20000
33 49 37 20000
33 50 58 20000
33 51 64 20000
34 35 1279 20000
34 36 715 20000
34 37 476 20000
34 38 346 20000
34 39 64 20000
34 40 68 20000
34 41 122 20000
34 42 183 20000
34 43 233 20000
34 44 302 20000
34 45 334 20000
34 46 257 20000
34 47 20 20000
34 48 26 20000
34 49 36 20000
34 50 43 20000
34 51 47 20000
35 36 1322 20000
35 37 775 20000
35 38 440 20000
35 39 36 20000
35 40 67 20000
35 41 82 20000
35 42 101 20000
35 43 167 20000
35 44 220 20000
35 45 314 20000
35 46 321 20000
35 47 205 20000
35 48 25 20000
35 49 19 20000
35 50 32 20000
35 51 29 20000
36 37 1288 20000
36 38 789 20000
36 39 33 20000
36 40 33 20000
36 41 75 20000
36 42 91 20000
36 43 116 20000
36 44 176 20000
36 45 213 20000
36 46 276 20000
36 47 340 20000
36 48 249 20000
36 49 10 20000
36 50 26 20000
36 51 32 20000
37 38 1328 20000
37 39 30 20000
37 40 32 20000
37 41 55 20000
37 42 51 20000
37 43 89 20000
37 44 122 20000
37 45 184 20000
37 46 232 20000
37 47 322 20000
37 48 324 20000
37 49 237 20000
37 50 19 20000
37 51 21 20000
38 39 18 20000
38 40 33 20000
38 41 35 20000
38 42 60 20000
38 43 79 20000
38 44 101 20000
38 45 104 20000
38 46 178 20000
38 47 230 20000
38 48 270 20000
38 49 295 20000
38 50 265 20000
38 51 13 20000
39 40 1327 20000
39 41 743 20000
39 42 504 20000
39 43 348 20000
39 44 289 20000
39 45 262 20000
39 46 257 20000
39 47 304 20000
39 48 375 20000
39 49 536 20000
39 50 818 20000
39 51 1436 20000
40 41 1297 20000
40 42 776 20000
40 43 486 20000
40 44 322 20000
40 45 295 20000
40 46 246 20000
40 47 275 20000
40 48 302 20000
40 49 365 20000
40 50 521 20000
40 51 772 20000
41 42 1262 20000
41 43 728 20000
41 44 481 20000
41 45 360 20000
41 46 285 20000
41 47 256 20000
41 48 257 20000
41 49 307 20000
41 50 370 20000
41 51 507 20000
42 43 1280 20000
42 44 759 20000
42 45 471 20000
42 46 372 20000
42 47 300 20000
42 48 276 20000
42 49 275 20000
42 50 263 20000
42 51 335 20000
43 44 1268 20000
43 45 723 20000
43 46 477 20000
43 47 362 20000
43 48 275 20000
43 49 237 20000
43 50 241 20000
43 51 299 20000
44 45 1338 20000
44 46 791 20000
44 47 480 20000
44 48 386 20000
44 49 253 20000
44 50 227 20000
44 51 236 20000
45 46 1382 20000
45 47 761 20000
45 48 499 20000
45 49 364 20000
45 50 308 20000
45 51 267 20000
46 47 1379 20000
46 48 754 20000
46 49 486 20000
46 50 365 20000
46 51 272 20000
47 48 1336 20000
47 49 764 20000
47 50 480 20000
47 51 368 20000
48 49 1340 20000
48 50 762 20000
48 51 475 20000
49 50 1327 20000
49 51 778 20000
50 51 1309 20000
