0 1 39 20000
0 2 97 20000
0 3 113 20000
0 4 164 20000
0 5 97 20000
0 6 151 20000
0 7 51 20000
0 8 106 20000
0 9 95 20000
0 10 123 20000
0 11 46 20000
0 12 282 20000
0 13 128 20000
0 14 45 20000
0 15 63 20000
0 16 73 20000
0 17 66 20000
0 18 103 20000
0 19 87 20000
0 20 89 20000
0 21 113 20000
0 22 93 20000
0 23 98 20000
0 24 125 20000
0 25 137 20000
0 26 53 20000
0 27 77 20000
0 28 91 20000
0 29 96 20000
0 30 84 20000
0 31 131 20000
0 32 88 20000
0 33 127 20000
0 34 118 20000
0 35 102 20000
0 36 123 20000
0 37 128 20000
0 38 114 20000
0 39 121 20000
0 40 149 20000
0 41 143 20000
0 42 128 20000
0 43 126 20000
0 44 133 20000
0 45 138 20000
0 46 131 20000
0 47 131 20000
0 48 112 20000
0 49 105 20000
0 50 108 20000
0 51 127 20000
1 2 18 20000
1 3 67 20000
1 4 78 20000
1 5 155 20000
1 6 94 20000
1 7 129 20000
1 8 59 20000
1 9 111 20000
1 10 80 20000
1 11 103 20000
1 12 92 20000
1 13 130 20000
1 14 85 20000
1 15 34 20000
1 16 80 20000
1 17 82 20000
1 18 76 20000
1 19 86 20000
1 20 114 20000
1 21 106 20000
1 22 128 20000
1 23 115 20000
1 24 106 20000
1 25 120 20000
1 26 67 20000
1 27 40 20000
1 28 65 20000
1 29 95 20000
1 30 128 20000
1 31 106 20000
1 32 112 20000
1 33 111 20000
1 34 116 20000
1 35 125 20000
1 36 132 20000
1 37 127 20000
1 38 121 20000
1 39 50 20000
1 40 101 20000
1 41 162 20000
1 42 163 20000
1 43 160 20000
1 44 145 20000
1 45 94 20000
1 46 133 20000
1 47 113 20000
1 48 138 20000
1 49 116 20000
1 50 124 20000
1 51 85 20000
2 3 23 20000
2 4 53 20000
2 5 94 20000
2 6 104 20000
2 7 97 20000
2 8 132 20000
2 9 59 20000
2 10 120 20000
2 11 92 20000
2 12 128 20000
2 13 135 20000
2 14 166 20000
2 15 103 20000
2 16 52 20000
2 17 73 20000
2 18 90 20000
2 19 82 20000
2 20 96 20000
2 21 114 20000
2 22 84 20000
2 23 130 20000
2 24 102 20000
2 25 103 20000
2 26 84 20000
2 27 64 20000
2 28 52 20000
2 29 75 20000
2 30 111 20000
2 31 120 20000
2 32 143 20000
2 33 126 20000
2 34 122 20000
2 35 158 20000
2 36 107 20000
2 37 107 20000
2 38 113 20000
2 39 73 20000
2 40 34 20000
2 41 92 20000
2 42 161 20000
2 43 166 20000
2 44 172 20000
2 45 140 20000
2 46 122 20000
2 47 117 20000
2 48 124 20000
2 49 103 20000
2 50 130 20000
2 51 110 20000
3 4 25 20000
3 5 66 20000
3 6 79 20000
3 7 101 20000
3 8 69 20000
3 9 139 20000
3 10 73 20000
3 11 102 20000
3 12 91 20000
3 13 146 20000
3 14 172 20000
3 15 148 20000
3 16 94 20000
3 17 50 20000
3 18 68 20000
3 19 89 20000
3 20 83 20000
3 21 92 20000
3 22 109 20000
3 23 115 20000
3 24 124 20000
3 25 101 20000
3 26 79 20000
3 27 88 20000
3 28 74 20000
3 29 46 20000
3 30 62 20000
3 31 108 20000
3 32 105 20000
3 33 100 20000
3 34 175 20000
3 35 112 20000
3 36 121 20000
3 37 96 20000
3 38 119 20000
3 39 75 20000
3 40 69 20000
3 41 30 20000
3 42 85 20000
3 43 149 20000
3 44 186 20000
3 45 174 20000
3 46 167 20000
3 47 134 20000
3 48 116 20000
3 49 119 20000
3 50 104 20000
3 51 115 20000
4 5 28 20000
4 6 48 20000
4 7 77 20000
4 8 116 20000
4 9 87 20000
4 10 115 20000
4 11 55 20000
4 12 143 20000
4 13 130 20000
4 14 179 20000
4 15 174 20000
4 16 167 20000
4 17 84 20000
4 18 45 20000
4 19 76 20000
4 20 84 20000
4 21 100 20000
4 22 81 20000
4 23 102 20000
4 24 131 20000
4 25 110 20000
4 26 102 20000
4 27 98 20000
4 28 96 20000
4 29 78 20000
4 30 55 20000
4 31 80 20000
4 32 91 20000
4 33 146 20000
4 34 124 20000
4 35 102 20000
4 36 127 20000
4 37 134 20000
4 38 114 20000
4 39 76 20000
4 40 75 20000
4 41 78 20000
4 42 42 20000
4 43 93 20000
4 44 141 20000
4 45 170 20000
4 46 144 20000
4 47 127 20000
4 48 139 20000
4 49 137 20000
4 50 122 20000
4 51 82 20000
5 6 29 20000
5 7 73 20000
5 8 66 20000
5 9 100 20000
5 10 77 20000
5 11 122 20000
5 12 49 20000
5 13 136 20000
5 14 132 20000
5 15 154 20000
5 16 187 20000
5 17 165 20000
5 18 93 20000
5 19 46 20000
5 20 62 20000
5 21 85 20000
5 22 120 20000
5 23 114 20000
5 24 90 20000
5 25 104 20000
5 26 119 20000
5 27 85 20000
5 28 119 20000
5 29 109 20000
5 30 84 20000
5 31 68 20000
5 32 89 20000
5 33 96 20000
5 34 128 20000
5 35 128 20000
5 36 136 20000
5 37 100 20000
5 38 132 20000
5 39 101 20000
5 40 108 20000
5 41 87 20000
5 42 59 20000
5 43 39 20000
5 44 92 20000
5 45 155 20000
5 46 181 20000
5 47 140 20000
5 48 171 20000
5 49 128 20000
5 50 139 20000
5 51 139 20000
6 7 35 20000
6 8 61 20000
6 9 70 20000
6 10 104 20000
6 11 67 20000
6 12 140 20000
6 13 132 20000
6 14 104 20000
6 15 163 20000
6 16 171 20000
6 17 170 20000
6 18 156 20000
6 19 105 20000
6 20 31 20000
6 21 79 20000
6 22 70 20000
6 23 70 20000
6 24 107 20000
6 25 101 20000
6 26 96 20000
6 27 103 20000
6 28 105 20000
6 29 88 20000
6 30 91 20000
6 31 68 20000
6 32 45 20000
6 33 82 20000
6 34 101 20000
6 35 122 20000
6 36 118 20000
6 37 117 20000
6 38 91 20000
6 39 79 20000
6 40 103 20000
6 41 91 20000
6 42 96 20000
6 43 55 20000
6 44 45 20000
6 45 88 20000
6 46 184 20000
6 47 159 20000
6 48 167 20000
6 49 128 20000
6 50 108 20000
6 51 108 20000
7 8 21 20000
7 9 76 20000
7 10 72 20000
7 11 129 20000
7 12 79 20000
7 13 134 20000
7 14 126 20000
7 15 116 20000
7 16 160 20000
7 17 181 20000
7 18 171 20000
7 19 163 20000
7 20 87 20000
7 21 47 20000
7 22 79 20000
7 23 103 20000
7 24 84 20000
7 25 117 20000
7 26 123 20000
7 27 87 20000
7 28 140 20000
7 29 104 20000
7 30 112 20000
7 31 104 20000
7 32 64 20000
7 33 49 20000
7 34 63 20000
7 35 111 20000
7 36 111 20000
7 37 119 20000
7 38 141 20000
7 39 102 20000
7 40 83 20000
7 41 100 20000
7 42 86 20000
7 43 101 20000
7 44 62 20000
7 45 43 20000
7 46 99 20000
7 47 160 20000
7 48 176 20000
7 49 171 20000
7 50 145 20000
7 51 132 20000
8 9 27 20000
8 10 45 20000
8 11 63 20000
8 12 132 20000
8 13 114 20000
8 14 132 20000
8 15 97 20000
8 16 137 20000
8 17 147 20000
8 18 182 20000
8 19 176 20000
8 20 181 20000
8 21 109 20000
8 22 29 20000
8 23 69 20000
8 24 80 20000
8 25 78 20000
8 26 129 20000
8 27 104 20000
8 28 87 20000
8 29 121 20000
8 30 99 20000
8 31 125 20000
8 32 101 20000
8 33 65 20000
8 34 53 20000
8 35 69 20000
8 36 89 20000
8 37 121 20000
8 38 121 20000
8 39 100 20000
8 40 106 20000
8 41 94 20000
8 42 94 20000
8 43 93 20000
8 44 94 20000
8 45 73 20000
8 46 35 20000
8 47 103 20000
8 48 178 20000
8 49 164 20000
8 50 167 20000
8 51 124 20000
9 10 21 20000
9 11 63 20000
9 12 84 20000
9 13 127 20000
9 14 103 20000
9 15 127 20000
9 16 123 20000
9 17 133 20000
9 18 133 20000
9 19 177 20000
9 20 154 20000
9 21 183 20000
9 22 101 20000
9 23 46 20000
9 24 65 20000
9 25 85 20000
9 26 101 20000
9 27 113 20000
9 28 123 20000
9 29 95 20000
9 30 112 20000
9 31 151 20000
9 32 115 20000
9 33 92 20000
9 34 74 20000
9 35 73 20000
9 36 79 20000
9 37 87 20000
9 38 102 20000
9 39 111 20000
9 40 131 20000
9 41 109 20000
9 42 114 20000
9 43 107 20000
9 44 92 20000
9 45 77 20000
9 46 68 20000
9 47 34 20000
9 48 103 20000
9 49 169 20000
9 50 165 20000
9 51 186 20000
10 11 16 20000
10 12 77 20000
10 13 141 20000
10 14 123 20000
10 15 101 20000
10 16 116 20000
10 17 146 20000
10 18 122 20000
10 19 147 20000
10 20 157 20000
10 21 175 20000
10 22 153 20000
10 23 101 20000
10 24 47 20000
10 25 76 20000
10 26 135 20000
10 27 115 20000
10 28 117 20000
10 29 126 20000
10 30 135 20000
10 31 125 20000
10 32 129 20000
10 33 124 20000
10 34 94 20000
10 35 81 20000
10 36 43 20000
10 37 56 20000
10 38 91 20000
10 39 96 20000
10 40 119 20000
10 41 106 20000
10 42 97 20000
10 43 95 20000
10 44 104 20000
10 45 86 20000
10 46 94 20000
10 47 61 20000
10 48 39 20000
10 49 86 20000
10 50 138 20000
10 51 170 20000
11 12 27 20000
11 13 97 20000
11 14 101 20000
11 15 135 20000
11 16 119 20000
11 17 92 20000
11 18 112 20000
11 19 126 20000
11 20 131 20000
11 21 172 20000
11 22 154 20000
11 23 144 20000
11 24 107 20000
11 25 46 20000
11 26 122 20000
11 27 133 20000
11 28 120 20000
11 29 94 20000
11 30 146 20000
11 31 100 20000
11 32 146 20000
11 33 118 20000
11 34 121 20000
11 35 106 20000
11 36 67 20000
11 37 41 20000
11 38 49 20000
11 39 119 20000
11 40 101 20000
11 41 114 20000
11 42 118 20000
11 43 103 20000
11 44 92 20000
11 45 119 20000
11 46 86 20000
11 47 83 20000
11 48 72 20000
11 49 28 20000
11 50 102 20000
11 51 148 20000
12 13 173 20000
12 14 136 20000
12 15 178 20000
12 16 157 20000
12 17 109 20000
12 18 180 20000
12 19 192 20000
12 20 203 20000
12 21 219 20000
12 22 226 20000
12 23 254 20000
12 24 194 20000
12 25 97 20000
12 26 142 20000
12 27 175 20000
12 28 167 20000
12 29 174 20000
12 30 154 20000
12 31 189 20000
12 32 128 20000
12 33 174 20000
12 34 146 20000
12 35 104 20000
12 36 102 20000
12 37 87 20000
12 38 68 20000
12 39 157 20000
12 40 149 20000
12 41 149 20000
12 42 143 20000
12 43 135 20000
12 44 104 20000
12 45 111 20000
12 46 127 20000
12 47 101 20000
12 48 118 20000
12 49 77 20000
12 50 44 20000
12 51 98 20000
13 14 30 20000
13 15 119 20000
13 16 117 20000
13 17 170 20000
13 18 91 20000
13 19 136 20000
13 20 54 20000
13 21 105 20000
13 22 85 20000
13 23 133 20000
13 24 42 20000
13 25 239 20000
13 26 95 20000
13 27 33 20000
13 28 63 20000
13 29 72 20000
13 30 82 20000
13 31 105 20000
13 32 110 20000
13 33 94 20000
13 34 96 20000
13 35 112 20000
13 36 96 20000
13 37 133 20000
13 38 128 20000
13 39 54 20000
13 40 63 20000
13 41 83 20000
13 42 98 20000
13 43 101 20000
13 44 128 20000
13 45 87 20000
13 46 127 20000
13 47 105 20000
13 48 135 20000
13 49 116 20000
13 50 120 20000
13 51 111 20000
14 15 25 20000
14 16 72 20000
14 17 59 20000
14 18 135 20000
14 19 103 20000
14 20 139 20000
14 21 66 20000
14 22 111 20000
14 23 76 20000
14 24 117 20000
14 25 60 20000
14 26 132 20000
14 27 82 20000
14 28 43 20000
14 29 70 20000
14 30 80 20000
14 31 83 20000
14 32 91 20000
14 33 119 20000
14 34 94 20000
14 35 106 20000
14 36 114 20000
14 37 109 20000
14 38 119 20000
14 39 72 20000
14 40 41 20000
14 41 63 20000
14 42 100 20000
14 43 108 20000
14 44 117 20000
14 45 114 20000
14 46 102 20000
14 47 123 20000
14 48 97 20000
14 49 120 20000
14 50 147 20000
14 51 128 20000
15 16 20 20000
15 17 52 20000
15 18 60 20000
15 19 117 20000
15 20 71 20000
15 21 130 20000
15 22 45 20000
15 23 99 20000
15 24 81 20000
15 25 123 20000
15 26 171 20000
15 27 147 20000
15 28 88 20000
15 29 51 20000
15 30 83 20000
15 31 74 20000
15 32 98 20000
15 33 108 20000
15 34 113 20000
15 35 107 20000
15 36 101 20000
15 37 92 20000
15 38 131 20000
15 39 71 20000
15 40 69 20000
15 41 46 20000
15 42 74 20000
15 43 101 20000
15 44 106 20000
15 45 104 20000
15 46 130 20000
15 47 86 20000
15 48 152 20000
15 49 118 20000
15 50 126 20000
15 51 128 20000
16 17 18 20000
16 18 64 20000
16 19 75 20000
16 20 105 20000
16 21 58 20000
16 22 149 20000
16 23 56 20000
16 24 118 20000
16 25 90 20000
16 26 127 20000
16 27 150 20000
16 28 142 20000
16 29 84 20000
16 30 31 20000
16 31 74 20000
16 32 78 20000
16 33 83 20000
16 34 118 20000
16 35 102 20000
16 36 104 20000
16 37 117 20000
16 38 101 20000
16 39 111 20000
16 40 103 20000
16 41 76 20000
16 42 55 20000
16 43 79 20000
16 44 96 20000
16 45 116 20000
16 46 93 20000
16 47 151 20000
16 48 103 20000
16 49 135 20000
16 50 138 20000
16 51 120 20000
17 18 18 20000
17 19 54 20000
17 20 51 20000
17 21 110 20000
17 22 78 20000
17 23 100 20000
17 24 44 20000
17 25 132 20000
17 26 101 20000
17 27 165 20000
17 28 171 20000
17 29 168 20000
17 30 88 20000
17 31 49 20000
17 32 82 20000
17 33 96 20000
17 34 76 20000
17 35 87 20000
17 36 77 20000
17 37 111 20000
17 38 120 20000
17 39 90 20000
17 40 122 20000
17 41 104 20000
17 42 76 20000
17 43 59 20000
17 44 69 20000
17 45 95 20000
17 46 115 20000
17 47 117 20000
17 48 135 20000
17 49 123 20000
17 50 149 20000
17 51 117 20000
18 19 27 20000
18 20 75 20000
18 21 76 20000
18 22 86 20000
18 23 75 20000
18 24 120 20000
18 25 41 20000
18 26 119 20000
18 27 132 20000
18 28 179 20000
18 29 170 20000
18 30 175 20000
18 31 93 20000
18 32 39 20000
18 33 69 20000
18 34 82 20000
18 35 95 20000
18 36 105 20000
18 37 94 20000
18 38 95 20000
18 39 125 20000
18 40 114 20000
18 41 101 20000
18 42 106 20000
18 43 64 20000
18 44 54 20000
18 45 72 20000
18 46 94 20000
18 47 110 20000
18 48 130 20000
18 49 125 20000
18 50 103 20000
18 51 141 20000
19 20 30 20000
19 21 69 20000
19 22 80 20000
19 23 100 20000
19 24 62 20000
19 25 152 20000
19 26 137 20000
19 27 117 20000
19 28 156 20000
19 29 165 20000
19 30 157 20000
19 31 160 20000
19 32 91 20000
19 33 37 20000
19 34 70 20000
19 35 69 20000
19 36 84 20000
19 37 130 20000
19 38 105 20000
19 39 104 20000
19 40 132 20000
19 41 133 20000
19 42 119 20000
19 43 86 20000
19 44 77 20000
19 45 67 20000
19 46 71 20000
19 47 103 20000
19 48 136 20000
19 49 123 20000
19 50 129 20000
19 51 118 20000
20 21 21 20000
20 22 61 20000
20 23 73 20000
20 24 118 20000
20 25 80 20000
20 26 140 20000
20 27 127 20000
20 28 131 20000
20 29 149 20000
20 30 149 20000
20 31 172 20000
20 32 167 20000
20 33 88 20000
20 34 36 20000
20 35 81 20000
20 36 73 20000
20 37 66 20000
20 38 111 20000
20 39 126 20000
20 40 98 20000
20 41 136 20000
20 42 115 20000
20 43 113 20000
20 44 98 20000
20 45 50 20000
20 46 59 20000
20 47 64 20000
20 48 87 20000
20 49 116 20000
20 50 119 20000
20 51 135 20000
21 22 25 20000
21 23 61 20000
21 24 70 20000
21 25 120 20000
21 26 128 20000
21 27 119 20000
21 28 129 20000
21 29 145 20000
21 30 148 20000
21 31 168 20000
21 32 184 20000
21 33 143 20000
21 34 100 20000
21 35 44 20000
21 36 71 20000
21 37 87 20000
21 38 78 20000
21 39 87 20000
21 40 115 20000
21 41 116 20000
21 42 137 20000
21 43 104 20000
21 44 106 20000
21 45 102 20000
21 46 60 20000
21 47 50 20000
21 48 73 20000
21 49 81 20000
21 50 90 20000
21 51 110 20000
22 23 26 20000
22 24 63 20000
22 25 71 20000
22 26 131 20000
22 27 124 20000
22 28 132 20000
22 29 104 20000
22 30 129 20000
22 31 155 20000
22 32 166 20000
22 33 162 20000
22 34 135 20000
22 35 114 20000
22 36 42 20000
22 37 88 20000
22 38 80 20000
22 39 131 20000
22 40 121 20000
22 41 146 20000
22 42 93 20000
22 43 125 20000
22 44 130 20000
22 45 128 20000
22 46 103 20000
22 47 59 20000
22 48 53 20000
22 49 62 20000
22 50 106 20000
22 51 96 20000
23 24 32 20000
23 25 70 20000
23 26 119 20000
23 27 121 20000
23 28 102 20000
23 29 120 20000
23 30 150 20000
23 31 126 20000
23 32 146 20000
23 33 151 20000
23 34 165 20000
23 35 149 20000
23 36 91 20000
23 37 39 20000
23 38 71 20000
23 39 128 20000
23 40 124 20000
23 41 98 20000
23 42 132 20000
23 43 119 20000
23 44 128 20000
23 45 106 20000
23 46 116 20000
23 47 87 20000
23 48 69 20000
23 49 50 20000
23 50 77 20000
23 51 94 20000
24 25 20 20000
24 26 94 20000
24 27 110 20000
24 28 117 20000
24 29 122 20000
24 30 121 20000
24 31 133 20000
24 32 136 20000
24 33 142 20000
24 34 173 20000
24 35 176 20000
24 36 139 20000
24 37 82 20000
24 38 38 20000
24 39 127 20000
24 40 137 20000
24 41 112 20000
24 42 124 20000
24 43 136 20000
24 44 114 20000
24 45 148 20000
24 46 109 20000
24 47 97 20000
24 48 86 20000
24 49 76 20000
24 50 46 20000
24 51 64 20000
25 26 137 20000
25 27 64 20000
25 28 123 20000
25 29 131 20000
25 30 101 20000
25 31 134 20000
25 32 108 20000
25 33 131 20000
25 34 171 20000
25 35 184 20000
25 36 163 20000
25 37 134 20000
25 38 92 20000
25 39 112 20000
25 40 145 20000
25 41 120 20000
25 42 124 20000
25 43 113 20000
25 44 160 20000
25 45 94 20000
25 46 145 20000
25 47 115 20000
25 48 110 20000
25 49 87 20000
25 50 86 20000
25 51 53 20000
26 27 34 20000
26 28 110 20000
26 29 111 20000
26 30 143 20000
26 31 110 20000
26 32 138 20000
26 33 51 20000
26 34 97 20000
26 35 101 20000
26 36 95 20000
26 37 36 20000
26 38 222 20000
26 39 93 20000
26 40 42 20000
26 41 61 20000
26 42 84 20000
26 43 88 20000
26 44 99 20000
26 45 69 20000
26 46 106 20000
26 47 92 20000
26 48 90 20000
26 49 98 20000
26 50 126 20000
26 51 121 20000
27 28 17 20000
27 29 69 20000
27 30 72 20000
27 31 132 20000
27 32 100 20000
27 33 136 20000
27 34 58 20000
27 35 107 20000
27 36 80 20000
27 37 102 20000
27 38 43 20000
27 39 127 20000
27 40 89 20000
27 41 41 20000
27 42 71 20000
27 43 96 20000
27 44 87 20000
27 45 95 20000
27 46 89 20000
27 47 78 20000
27 48 108 20000
27 49 94 20000
27 50 103 20000
27 51 120 20000
28 29 24 20000
28 30 64 20000
28 31 72 20000
28 32 102 20000
28 33 78 20000
28 34 140 20000
28 35 59 20000
28 36 112 20000
28 37 80 20000
28 38 128 20000
28 39 136 20000
28 40 165 20000
28 41 91 20000
28 42 52 20000
28 43 73 20000
28 44 79 20000
28 45 95 20000
28 46 90 20000
28 47 87 20000
28 48 82 20000
28 49 111 20000
28 50 102 20000
28 51 100 20000
29 30 30 20000
29 31 50 20000
29 32 59 20000
29 33 105 20000
29 34 66 20000
29 35 137 20000
29 36 52 20000
29 37 138 20000
29 38 89 20000
29 39 116 20000
29 40 174 20000
29 41 123 20000
29 42 90 20000
29 43 34 20000
29 44 77 20000
29 45 103 20000
29 46 91 20000
29 47 83 20000
29 48 96 20000
29 49 108 20000
29 50 94 20000
29 51 121 20000
30 31 32 20000
30 32 55 20000
30 33 81 20000
30 34 107 20000
30 35 62 20000
30 36 128 20000
30 37 34 20000
30 38 98 20000
30 39 135 20000
30 40 163 20000
30 41 179 20000
30 42 165 20000
30 43 96 20000
30 44 47 20000
30 45 79 20000
30 46 86 20000
30 47 93 20000
30 48 104 20000
30 49 104 20000
30 50 144 20000
30 51 139 20000
31 32 24 20000
31 33 69 20000
31 34 81 20000
31 35 95 20000
31 36 82 20000
31 37 143 20000
31 38 53 20000
31 39 156 20000
31 40 131 20000
31 41 142 20000
31 42 161 20000
31 43 163 20000
31 44 92 20000
31 45 37 20000
31 46 76 20000
31 47 68 20000
31 48 117 20000
31 49 116 20000
31 50 86 20000
31 51 107 20000
32 33 45 20000
32 34 61 20000
32 35 91 20000
32 36 142 20000
32 37 79 20000
32 38 144 20000
32 39 139 20000
32 40 110 20000
32 41 155 20000
32 42 178 20000
32 43 156 20000
32 44 156 20000
32 45 104 20000
32 46 38 20000
32 47 85 20000
32 48 78 20000
32 49 83 20000
32 50 126 20000
32 51 110 20000
33 34 29 20000
33 35 69 20000
33 36 72 20000
33 37 116 20000
33 38 67 20000
33 39 151 20000
33 40 140 20000
33 41 119 20000
33 42 164 20000
33 43 163 20000
33 44 191 20000
33 45 156 20000
33 46 95 20000
33 47 44 20000
33 48 67 20000
33 49 91 20000
33 50 69 20000
33 51 110 20000
34 35 21 20000
34 36 62 20000
34 37 70 20000
34 38 110 20000
34 39 109 20000
34 40 118 20000
34 41 122 20000
34 42 147 20000
34 43 143 20000
34 44 144 20000
34 45 164 20000
34 46 157 20000
34 47 103 20000
34 48 50 20000
34 49 77 20000
34 50 95 20000
34 51 85 20000
35 36 20 20000
35 37 66 20000
35 38 77 20000
35 39 104 20000
35 40 122 20000
35 41 138 20000
35 42 125 20000
35 43 117 20000
35 44 145 20000
35 45 147 20000
35 46 194 20000
35 47 145 20000
35 48 109 20000
35 49 44 20000
35 50 80 20000
35 51 86 20000
36 37 20 20000
36 38 70 20000
36 39 107 20000
36 40 101 20000
36 41 98 20000
36 42 127 20000
36 43 142 20000
36 44 110 20000
36 45 138 20000
36 46 151 20000
36 47 171 20000
36 48 160 20000
36 49 90 20000
36 50 39 20000
36 51 66 20000
37 38 24 20000
37 39 87 20000
37 40 115 20000
37 41 118 20000
37 42 104 20000
37 43 122 20000
37 44 123 20000
37 45 121 20000
37 46 159 20000
37 47 169 20000
37 48 157 20000
37 49 158 20000
37 50 83 20000
37 51 31 20000
38 39 132 20000
38 40 113 20000
38 41 115 20000
38 42 109 20000
38 43 97 20000
38 44 129 20000
38 45 109 20000
38 46 139 20000
38 47 138 20000
38 48 162 20000
38 49 162 20000
38 50 138 20000
38 51 96 20000
39 40 37 20000
39 41 82 20000
39 42 126 20000
39 43 165 20000
39 44 107 20000
39 45 139 20000
39 46 49 20000
39 47 97 20000
39 48 96 20000
39 49 106 20000
39 50 42 20000
39 51 241 20000
40 41 21 20000
40 42 69 20000
40 43 69 20000
40 44 143 20000
40 45 102 20000
40 46 135 20000
40 47 61 20000
40 48 121 20000
40 49 85 20000
40 50 98 20000
40 51 72 20000
41 42 22 20000
41 43 66 20000
41 44 66 20000
41 45 117 20000
41 46 91 20000
41 47 151 20000
41 48 69 20000
41 49 110 20000
41 50 89 20000
41 51 112 20000
42 43 22 20000
42 44 64 20000
42 45 75 20000
42 46 124 20000
42 47 65 20000
42 48 150 20000
42 49 74 20000
42 50 130 20000
42 51 89 20000
43 44 25 20000
43 45 65 20000
43 46 71 20000
43 47 110 20000
43 48 81 20000
43 49 100 20000
43 50 61 20000
43 51 116 20000
44 45 25 20000
44 46 64 20000
44 47 69 20000
44 48 109 20000
44 49 94 20000
44 50 159 20000
44 51 51 20000
45 46 37 20000
45 47 63 20000
45 48 66 20000
45 49 117 20000
45 50 65 20000
45 51 140 20000
46 47 22 20000
46 48 70 20000
46 49 59 20000
46 50 126 20000
46 51 70 20000
47 48 27 20000
47 49 64 20000
47 50 64 20000
47 51 95 20000
48 49 25 20000
48 50 55 20000
48 51 74 20000
49 50 30 20000
49 51 65 20000
50 51 14 20000
