0 1 35 20000
0 2 104 20000
0 3 127 20000
0 4 157 20000
0 5 84 20000
0 6 111 20000
0 7 56 20000
0 8 120 20000
0 9 97 20000
0 10 117 20000
0 11 51 20000
0 12 270 20000
0 13 121 20000
0 14 30 20000
0 15 64 20000
0 16 66 20000
0 17 81 20000
0 18 94 20000
0 19 74 20000
0 20 81 20000
0 21 105 20000
0 22 108 20000
0 23 89 20000
0 24 129 20000
0 25 126 20000
0 26 59 20000
0 27 61 20000
0 28 78 20000
0 29 104 20000
0 30 88 20000
0 31 129 20000
0 32 99 20000
0 33 128 20000
0 34 114 20000
0 35 131 20000
0 36 138 20000
0 37 127 20000
0 38 93 20000
0 39 90 20000
0 40 121 20000
0 41 147 20000
0 42 128 20000
0 43 138 20000
0 44 150 20000
0 45 129 20000
0 46 142 20000
0 47 113 20000
0 48 128 20000
0 49 121 20000
0 50 91 20000
0 51 125 20000
1 2 22 20000
1 3 60 20000
1 4 76 20000
1 5 118 20000
1 6 96 20000
1 7 123 20000
1 8 65 20000
1 9 115 20000
1 10 96 20000
1 11 98 20000
1 12 68 20000
1 13 161 20000
1 14 91 20000
1 15 37 20000
1 16 68 20000
1 17 94 20000
1 18 85 20000
1 19 114 20000
1 20 96 20000
1 21 111 20000
1 22 100 20000
1 23 118 20000
1 24 96 20000
1 25 116 20000
1 26 78 20000
1 27 46 20000
1 28 62 20000
1 29 92 20000
1 30 110 20000
1 31 132 20000
1 32 113 20000
1 33 121 20000
1 34 134 20000
1 35 110 20000
1 36 116 20000
1 37 128 20000
1 38 114 20000
1 39 34 20000
1 40 68 20000
1 41 174 20000
1 42 152 20000
1 43 149 20000
1 44 151 20000
1 45 116 20000
1 46 148 20000
1 47 153 20000
1 48 141 20000
1 49 149 20000
1 50 116 20000
1 51 94 20000
2 3 22 20000
2 4 37 20000
2 5 70 20000
2 6 111 20000
2 7 86 20000
2 8 132 20000
2 9 58 20000
2 10 119 20000
2 11 78 20000
2 12 124 20000
2 13 138 20000
2 14 151 20000
2 15 87 20000
2 16 31 20000
2 17 56 20000
2 18 95 20000
2 19 95 20000
2 20 79 20000
2 21 110 20000
2 22 89 20000
2 23 124 20000
2 24 107 20000
2 25 116 20000
2 26 85 20000
2 27 78 20000
2 28 35 20000
2 29 79 20000
2 30 78 20000
2 31 113 20000
2 32 114 20000
2 33 102 20000
2 34 105 20000
2 35 137 20000
2 36 110 20000
2 37 103 20000
2 38 115 20000
2 39 64 20000
2 40 29 20000
2 41 68 20000
2 42 129 20000
2 43 143 20000
2 44 171 20000
2 45 142 20000
2 46 122 20000
2 47 97 20000
2 48 134 20000
2 49 92 20000
2 50 124 20000
2 51 122 20000
3 4 30 20000
3 5 61 20000
3 6 80 20000
3 7 95 20000
3 8 52 20000
3 9 146 20000
3 10 69 20000
3 11 101 20000
3 12 100 20000
3 13 139 20000
3 14 151 20000
3 15 172 20000
3 16 87 20000
3 17 43 20000
3 18 75 20000
3 19 77 20000
3 20 78 20000
3 21 128 20000
3 22 109 20000
3 23 112 20000
3 24 121 20000
3 25 104 20000
3 26 110 20000
3 27 92 20000
3 28 66 20000
3 29 54 20000
3 30 71 20000
3 31 109 20000
3 32 102 20000
3 33 113 20000
3 34 115 20000
3 35 107 20000
3 36 164 20000
3 37 109 20000
3 38 142 20000
3 39 80 20000
3 40 74 20000
3 41 40 20000
3 42 95 20000
3 43 143 20000
3 44 190 20000
3 45 144 20000
3 46 141 20000
3 47 142 20000
3 48 107 20000
3 49 98 20000
3 50 136 20000
3 51 122 20000
4 5 21 20000
4 6 59 20000
4 7 68 20000
4 8 141 20000
4 9 87 20000
4 10 116 20000
4 11 51 20000
4 12 136 20000
4 13 129 20000
4 14 149 20000
4 15 156 20000
4 16 159 20000
4 17 107 20000
4 18 38 20000
4 19 76 20000
4 20 102 20000
4 21 106 20000
4 22 90 20000
4 23 93 20000
4 24 120 20000
4 25 137 20000
4 26 98 20000
4 27 110 20000
4 28 90 20000
4 29 85 20000
4 30 51 20000
4 31 72 20000
4 32 101 20000
4 33 128 20000
4 34 120 20000
4 35 128 20000
4 36 119 20000
4 37 137 20000
4 38 112 20000
4 39 87 20000
4 40 77 20000
4 41 88 20000
4 42 48 20000
4 43 85 20000
4 44 156 20000
4 45 169 20000
4 46 139 20000
4 47 161 20000
4 48 128 20000
4 49 154 20000
4 50 110 20000
4 51 97 20000
5 6 22 20000
5 7 67 20000
5 8 75 20000
5 9 69 20000
5 10 87 20000
5 11 145 20000
5 12 60 20000
5 13 121 20000
5 14 127 20000
5 15 186 20000
5 16 173 20000
5 17 143 20000
5 18 85 20000
5 19 46 20000
5 20 65 20000
5 21 76 20000
5 22 108 20000
5 23 95 20000
5 24 76 20000
5 25 86 20000
5 26 100 20000
5 27 100 20000
5 28 110 20000
5 29 113 20000
5 30 75 20000
5 31 47 20000
5 32 69 20000
5 33 92 20000
5 34 128 20000
5 35 143 20000
5 36 100 20000
5 37 91 20000
5 38 135 20000
5 39 84 20000
5 40 73 20000
5 41 77 20000
5 42 74 20000
5 43 39 20000
5 44 73 20000
5 45 129 20000
5 46 159 20000
5 47 144 20000
5 48 161 20000
5 49 121 20000
5 50 114 20000
5 51 145 20000
6 7 28 20000
6 8 61 20000
6 9 87 20000
6 10 109 20000
6 11 61 20000
6 12 136 20000
6 13 141 20000
6 14 132 20000
6 15 145 20000
6 16 175 20000
6 17 182 20000
6 18 164 20000
6 19 92 20000
6 20 30 20000
6 21 70 20000
6 22 72 20000
6 23 85 20000
6 24 128 20000
6 25 109 20000
6 26 104 20000
6 27 128 20000
6 28 130 20000
6 29 90 20000
6 30 80 20000
6 31 70 20000
6 32 53 20000
6 33 89 20000
6 34 75 20000
6 35 129 20000
6 36 126 20000
6 37 113 20000
6 38 106 20000
6 39 83 20000
6 40 70 20000
6 41 110 20000
6 42 101 20000
6 43 79 20000
6 44 45 20000
6 45 94 20000
6 46 156 20000
6 47 191 20000
6 48 168 20000
6 49 128 20000
6 50 117 20000
6 51 120 20000
7 8 24 20000
7 9 66 20000
7 10 62 20000
7 11 112 20000
7 12 84 20000
7 13 140 20000
7 14 129 20000
7 15 114 20000
7 16 149 20000
7 17 150 20000
7 18 192 20000
7 19 142 20000
7 20 82 20000
7 21 46 20000
7 22 71 20000
7 23 77 20000
7 24 78 20000
7 25 100 20000
7 26 146 20000
7 27 107 20000
7 28 128 20000
7 29 116 20000
7 30 126 20000
7 31 91 20000
7 32 68 20000
7 33 53 20000
7 34 54 20000
7 35 86 20000
7 36 126 20000
7 37 115 20000
7 38 135 20000
7 39 85 20000
7 40 112 20000
7 41 96 20000
7 42 74 20000
7 43 76 20000
7 44 65 20000
7 45 50 20000
7 46 92 20000
7 47 155 20000
7 48 176 20000
7 49 181 20000
7 50 136 20000
7 51 141 20000
8 9 25 20000
8 10 67 20000
8 11 69 20000
8 12 167 20000
8 13 126 20000
8 14 128 20000
8 15 114 20000
8 16 159 20000
8 17 159 20000
8 18 155 20000
8 19 190 20000
8 20 156 20000
8 21 99 20000
8 22 35 20000
8 23 82 20000
8 24 95 20000
8 25 96 20000
8 26 121 20000
8 27 133 20000
8 28 119 20000
8 29 142 20000
8 30 105 20000
8 31 132 20000
8 32 91 20000
8 33 67 20000
8 34 53 20000
8 35 60 20000
8 36 104 20000
8 37 111 20000
8 38 135 20000
8 39 85 20000
8 40 118 20000
8 41 88 20000
8 42 100 20000
8 43 85 20000
8 44 87 20000
8 45 69 20000
8 46 37 20000
8 47 93 20000
8 48 156 20000
8 49 169 20000
8 50 170 20000
8 51 176 20000
9 10 24 20000
9 11 76 20000
9 12 89 20000
9 13 129 20000
9 14 130 20000
9 15 130 20000
9 16 118 20000
9 17 122 20000
9 18 161 20000
9 19 173 20000
9 20 184 20000
9 21 162 20000
9 22 87 20000
9 23 44 20000
9 24 82 20000
9 25 86 20000
9 26 124 20000
9 27 126 20000
9 28 135 20000
9 29 117 20000
9 30 114 20000
9 31 116 20000
9 32 119 20000
9 33 101 20000
9 34 68 20000
9 35 55 20000
9 36 67 20000
9 37 88 20000
9 38 107 20000
9 39 114 20000
9 40 89 20000
9 41 96 20000
9 42 80 20000
9 43 109 20000
9 44 98 20000
9 45 80 20000
9 46 76 20000
9 47 38 20000
9 48 95 20000
9 49 135 20000
9 50 189 20000
9 51 163 20000
10 11 29 20000
10 12 63 20000
10 13 137 20000
10 14 130 20000
10 15 103 20000
10 16 90 20000
10 17 139 20000
10 18 120 20000
10 19 156 20000
10 20 179 20000
10 21 166 20000
10 22 149 20000
10 23 96 20000
10 24 46 20000
10 25 63 20000
10 26 117 20000
10 27 135 20000
10 28 129 20000
10 29 115 20000
10 30 114 20000
10 31 116 20000
10 32 119 20000
10 33 121 20000
10 34 93 20000
10 35 82 20000
10 36 49 20000
10 37 64 20000
10 38 103 20000
10 39 109 20000
10 40 130 20000
10 41 87 20000
10 42 107 20000
10 43 91 20000
10 44 115 20000
10 45 91 20000
10 46 94 20000
10 47 77 20000
10 48 45 20000
10 49 93 20000
10 50 147 20000
10 51 163 20000
11 12 16 20000
11 13 98 20000
11 14 108 20000
11 15 125 20000
11 16 116 20000
11 17 96 20000
11 18 131 20000
11 19 126 20000
11 20 131 20000
11 21 185 20000
11 22 178 20000
11 23 150 20000
11 24 67 20000
11 25 45 20000
11 26 151 20000
11 27 134 20000
11 28 125 20000
11 29 106 20000
11 30 140 20000
11 31 90 20000
11 32 152 20000
11 33 110 20000
11 34 116 20000
11 35 97 20000
11 36 79 20000
11 37 53 20000
11 38 57 20000
11 39 138 20000
11 40 102 20000
11 41 109 20000
11 42 127 20000
11 43 96 20000
11 44 99 20000
11 45 104 20000
11 46 67 20000
11 47 91 20000
11 48 84 20000
11 49 36 20000
11 50 105 20000
11 51 158 20000
12 13 142 20000
12 14 132 20000
12 15 162 20000
12 16 178 20000
12 17 117 20000
12 18 193 20000
12 19 187 20000
12 20 202 20000
12 21 208 20000
12 22 214 20000
12 23 212 20000
12 24 176 20000
12 25 116 20000
12 26 132 20000
12 27 168 20000
12 28 172 20000
12 29 169 20000
12 30 134 20000
12 31 179 20000
12 32 121 20000
12 33 180 20000
12 34 131 20000
12 35 111 20000
12 36 92 20000
12 37 78 20000
12 38 56 20000
12 39 161 20000
12 40 148 20000
12 41 133 20000
12 42 136 20000
12 43 158 20000
12 44 112 20000
12 45 128 20000
12 46 86 20000
12 47 82 20000
12 48 102 20000
12 49 102 20000
12 50 38 20000
12 51 104 20000
13 14 25 20000
13 15 85 20000
13 16 140 20000
13 17 178 20000
13 18 92 20000
13 19 135 20000
13 20 63 20000
13 21 109 20000
13 22 111 20000
13 23 97 20000
13 24 53 20000
13 25 238 20000
13 26 75 20000
13 27 36 20000
13 28 78 20000
13 29 76 20000
13 30 79 20000
13 31 109 20000
13 32 77 20000
13 33 117 20000
13 34 97 20000
13 35 100 20000
13 36 106 20000
13 37 143 20000
13 38 122 20000
13 39 46 20000
13 40 56 20000
13 41 78 20000
13 42 93 20000
13 43 94 20000
13 44 128 20000
13 45 114 20000
13 46 145 20000
13 47 113 20000
13 48 110 20000
13 49 136 20000
13 50 146 20000
13 51 108 20000
14 15 29 20000
14 16 61 20000
14 17 61 20000
14 18 126 20000
14 19 83 20000
14 20 109 20000
14 21 58 20000
14 22 98 20000
14 23 90 20000
14 24 101 20000
14 25 53 20000
14 26 144 20000
14 27 78 20000
14 28 35 20000
14 29 65 20000
14 30 105 20000
14 31 90 20000
14 32 93 20000
14 33 96 20000
14 34 90 20000
14 35 100 20000
14 36 108 20000
14 37 89 20000
14 38 120 20000
14 39 67 20000
14 40 40 20000
14 41 66 20000
14 42 91 20000
14 43 113 20000
14 44 101 20000
14 45 120 20000
14 46 102 20000
14 47 116 20000
14 48 92 20000
14 49 121 20000
14 50 126 20000
14 51 103 20000
15 16 23 20000
15 17 77 20000
15 18 62 20000
15 19 114 20000
15 20 93 20000
15 21 124 20000
15 22 49 20000
15 23 106 20000
15 24 97 20000
15 25 86 20000
15 26 155 20000
15 27 160 20000
15 28 102 20000
15 29 44 20000
15 30 67 20000
15 31 87 20000
15 32 73 20000
15 33 91 20000
15 34 97 20000
15 35 91 20000
15 36 124 20000
15 37 100 20000
15 38 100 20000
15 39 85 20000
15 40 60 20000
15 41 48 20000
15 42 77 20000
15 43 92 20000
15 44 112 20000
15 45 132 20000
15 46 140 20000
15 47 112 20000
15 48 150 20000
15 49 114 20000
15 50 120 20000
15 51 119 20000
16 17 26 20000
16 18 61 20000
16 19 75 20000
16 20 122 20000
16 21 69 20000
16 22 137 20000
16 23 53 20000
16 24 111 20000
16 25 65 20000
16 26 123 20000
16 27 157 20000
16 28 142 20000
16 29 97 20000
16 30 36 20000
16 31 67 20000
16 32 84 20000
16 33 87 20000
16 34 107 20000
16 35 124 20000
16 36 117 20000
16 37 98 20000
16 38 101 20000
16 39 100 20000
16 40 90 20000
16 41 70 20000
16 42 55 20000
16 43 65 20000
16 44 106 20000
16 45 102 20000
16 46 114 20000
16 47 154 20000
16 48 111 20000
16 49 132 20000
16 50 120 20000
16 51 123 20000
17 18 25 20000
17 19 66 20000
17 20 64 20000
17 21 114 20000
17 22 77 20000
17 23 98 20000
17 24 34 20000
17 25 125 20000
17 26 124 20000
17 27 161 20000
17 28 193 20000
17 29 169 20000
17 30 112 20000
17 31 40 20000
17 32 69 20000
17 33 88 20000
17 34 94 20000
17 35 82 20000
17 36 117 20000
17 37 106 20000
17 38 129 20000
17 39 93 20000
17 40 107 20000
17 41 88 20000
17 42 54 20000
17 43 49 20000
17 44 78 20000
17 45 100 20000
17 46 121 20000
17 47 105 20000
17 48 110 20000
17 49 114 20000
17 50 134 20000
17 51 113 20000
18 19 29 20000
18 20 62 20000
18 21 60 20000
18 22 89 20000
18 23 76 20000
18 24 136 20000
18 25 40 20000
18 26 132 20000
18 27 152 20000
18 28 156 20000
18 29 175 20000
18 30 170 20000
18 31 93 20000
18 32 39 20000
18 33 68 20000
18 34 81 20000
18 35 107 20000
18 36 100 20000
18 37 94 20000
18 38 96 20000
18 39 131 20000
18 40 123 20000
18 41 106 20000
18 42 101 20000
18 43 69 20000
18 44 45 20000
18 45 55 20000
18 46 96 20000
18 47 120 20000
18 48 111 20000
18 49 104 20000
18 50 91 20000
18 51 145 20000
19 20 25 20000
19 21 53 20000
19 22 65 20000
19 23 113 20000
19 24 57 20000
19 25 149 20000
19 26 125 20000
19 27 92 20000
19 28 159 20000
19 29 153 20000
19 30 161 20000
19 31 168 20000
19 32 103 20000
19 33 50 20000
19 34 79 20000
19 35 65 20000
19 36 74 20000
19 37 108 20000
19 38 100 20000
19 39 93 20000
19 40 134 20000
19 41 117 20000
19 42 102 20000
19 43 99 20000
19 44 65 20000
19 45 46 20000
19 46 65 20000
19 47 100 20000
19 48 130 20000
19 49 124 20000
19 50 137 20000
19 51 119 20000
20 21 26 20000
20 22 66 20000
20 23 66 20000
20 24 114 20000
20 25 63 20000
20 26 137 20000
20 27 156 20000
20 28 134 20000
20 29 162 20000
20 30 150 20000
20 31 163 20000
20 32 199 20000
20 33 108 20000
20 34 48 20000
20 35 83 20000
20 36 89 20000
20 37 82 20000
20 38 92 20000
20 39 121 20000
20 40 105 20000
20 41 130 20000
20 42 100 20000
20 43 114 20000
20 44 108 20000
20 45 70 20000
20 46 51 20000
20 47 63 20000
20 48 90 20000
20 49 101 20000
20 50 130 20000
20 51 167 20000
21 22 26 20000
21 23 60 20000
21 24 82 20000
21 25 108 20000
21 26 121 20000
21 27 128 20000
21 28 110 20000
21 29 122 20000
21 30 132 20000
21 31 150 20000
21 32 174 20000
21 33 182 20000
21 34 97 20000
21 35 50 20000
21 36 69 20000
21 37 83 20000
21 38 78 20000
21 39 103 20000
21 40 135 20000
21 41 128 20000
21 42 147 20000
21 43 114 20000
21 44 138 20000
21 45 92 20000
21 46 64 20000
21 47 54 20000
21 48 68 20000
21 49 106 20000
21 50 107 20000
21 51 108 20000
22 23 26 20000
22 24 56 20000
22 25 78 20000
22 26 118 20000
22 27 122 20000
22 28 137 20000
22 29 106 20000
22 30 103 20000
22 31 147 20000
22 32 189 20000
22 33 163 20000
22 34 178 20000
22 35 85 20000
22 36 44 20000
22 37 76 20000
22 38 84 20000
22 39 119 20000
22 40 114 20000
22 41 140 20000
22 42 99 20000
22 43 106 20000
22 44 131 20000
22 45 121 20000
22 46 80 20000
22 47 71 20000
22 48 52 20000
22 49 60 20000
22 50 106 20000
22 51 114 20000
23 24 24 20000
23 25 54 20000
23 26 126 20000
23 27 152 20000
23 28 128 20000
23 29 108 20000
23 30 175 20000
23 31 119 20000
23 32 135 20000
23 33 154 20000
23 34 183 20000
23 35 161 20000
23 36 91 20000
23 37 47 20000
23 38 78 20000
23 39 132 20000
23 40 109 20000
23 41 107 20000
23 42 125 20000
23 43 119 20000
23 44 109 20000
23 45 125 20000
23 46 113 20000
23 47 95 20000
23 48 73 20000
23 49 55 20000
23 50 68 20000
23 51 104 20000
24 25 18 20000
24 26 79 20000
24 27 138 20000
24 28 120 20000
24 29 92 20000
24 30 102 20000
24 31 121 20000
24 32 123 20000
24 33 146 20000
24 34 181 20000
24 35 188 20000
24 36 149 20000
24 37 81 20000
24 38 26 20000
24 39 140 20000
24 40 119 20000
24 41 98 20000
24 42 112 20000
24 43 125 20000
24 44 128 20000
24 45 116 20000
24 46 116 20000
24 47 111 20000
24 48 109 20000
24 49 70 20000
24 50 39 20000
24 51 66 20000
25 26 102 20000
25 27 87 20000
25 28 121 20000
25 29 130 20000
25 30 89 20000
25 31 146 20000
25 32 132 20000
25 33 129 20000
25 34 130 20000
25 35 152 20000
25 36 173 20000
25 37 144 20000
25 38 83 20000
25 39 122 20000
25 40 137 20000
25 41 121 20000
25 42 137 20000
25 43 104 20000
25 44 160 20000
25 45 105 20000
25 46 145 20000
25 47 120 20000
25 48 106 20000
25 49 97 20000
25 50 61 20000
25 51 41 20000
26 27 33 20000
26 28 95 20000
26 29 105 20000
26 30 165 20000
26 31 113 20000
26 32 120 20000
26 33 57 20000
26 34 103 20000
26 35 90 20000
26 36 115 20000
26 37 45 20000
26 38 232 20000
26 39 121 20000
26 40 35 20000
26 41 44 20000
26 42 68 20000
26 43 72 20000
26 44 73 20000
26 45 100 20000
26 46 92 20000
26 47 121 20000
26 48 117 20000
26 49 92 20000
26 50 122 20000
26 51 127 20000
27 28 27 20000
27 29 50 20000
27 30 90 20000
27 31 116 20000
27 32 96 20000
27 33 141 20000
27 34 72 20000
27 35 117 20000
27 36 96 20000
27 37 110 20000
27 38 55 20000
27 39 138 20000
27 40 77 20000
27 41 40 20000
27 42 69 20000
27 43 84 20000
27 44 95 20000
27 45 96 20000
27 46 96 20000
27 47 110 20000
27 48 111 20000
27 49 128 20000
27 50 99 20000
27 51 135 20000
28 29 22 20000
28 30 60 20000
28 31 76 20000
28 32 109 20000
28 33 85 20000
28 34 137 20000
28 35 62 20000
28 36 118 20000
28 37 106 20000
28 38 114 20000
28 39 161 20000
28 40 158 20000
28 41 97 20000
28 42 36 20000
28 43 86 20000
28 44 76 20000
28 45 99 20000
28 46 86 20000
28 47 110 20000
28 48 105 20000
28 49 112 20000
28 50 101 20000
28 51 128 20000
29 30 26 20000
29 31 53 20000
29 32 61 20000
29 33 115 20000
29 34 74 20000
29 35 112 20000
29 36 67 20000
29 37 108 20000
29 38 81 20000
29 39 131 20000
29 40 149 20000
29 41 163 20000
29 42 112 20000
29 43 29 20000
29 44 76 20000
29 45 73 20000
29 46 93 20000
29 47 99 20000
29 48 99 20000
29 49 98 20000
29 50 117 20000
29 51 98 20000
30 31 23 20000
30 32 68 20000
30 33 48 20000
30 34 142 20000
30 35 64 20000
30 36 114 20000
30 37 47 20000
30 38 119 20000
30 39 128 20000
30 40 169 20000
30 41 170 20000
30 42 142 20000
30 43 84 20000
30 44 27 20000
30 45 72 20000
30 46 101 20000
30 47 77 20000
30 48 103 20000
30 49 92 20000
30 50 118 20000
30 51 136 20000
31 32 18 20000
31 33 63 20000
31 34 77 20000
31 35 105 20000
31 36 80 20000
31 37 139 20000
31 38 36 20000
31 39 123 20000
31 40 135 20000
31 41 162 20000
31 42 165 20000
31 43 153 20000
31 44 104 20000
31 45 35 20000
31 46 65 20000
31 47 67 20000
31 48 108 20000
31 49 99 20000
31 50 101 20000
31 51 107 20000
32 33 19 20000
32 34 53 20000
32 35 83 20000
32 36 132 20000
32 37 64 20000
32 38 142 20000
32 39 129 20000
32 40 138 20000
32 41 144 20000
32 42 133 20000
32 43 177 20000
32 44 158 20000
32 45 88 20000
32 46 47 20000
32 47 72 20000
32 48 91 20000
32 49 82 20000
32 50 121 20000
32 51 105 20000
33 34 31 20000
33 35 57 20000
33 36 71 20000
33 37 119 20000
33 38 64 20000
33 39 132 20000
33 40 115 20000
33 41 123 20000
33 42 159 20000
33 43 179 20000
33 44 162 20000
33 45 166 20000
33 46 102 20000
33 47 54 20000
33 48 90 20000
33 49 104 20000
33 50 85 20000
33 51 87 20000
34 35 26 20000
34 36 62 20000
34 37 72 20000
34 38 122 20000
34 39 114 20000
34 40 127 20000
34 41 108 20000
34 42 148 20000
34 43 132 20000
34 44 145 20000
34 45 170 20000
34 46 147 20000
34 47 88 20000
34 48 51 20000
34 49 54 20000
34 50 87 20000
34 51 87 20000
35 36 28 20000
35 37 70 20000
35 38 70 20000
35 39 128 20000
35 40 115 20000
35 41 116 20000
35 42 116 20000
35 43 118 20000
35 44 149 20000
35 45 164 20000
35 46 164 20000
35 47 152 20000
35 48 88 20000
35 49 42 20000
35 50 62 20000
35 51 91 20000
36 37 29 20000
36 38 72 20000
36 39 138 20000
36 40 152 20000
36 41 103 20000
36 42 103 20000
36 43 132 20000
36 44 140 20000
36 45 137 20000
36 46 169 20000
36 47 185 20000
36 48 160 20000
36 49 90 20000
36 50 48 20000
36 51 75 20000
37 38 19 20000
37 39 86 20000
37 40 125 20000
37 41 112 20000
37 42 114 20000
37 43 103 20000
37 44 127 20000
37 45 127 20000
37 46 164 20000
37 47 183 20000
37 48 174 20000
37 49 139 20000
37 50 92 20000
37 51 39 20000
38 39 100 20000
38 40 83 20000
38 41 122 20000
38 42 114 20000
38 43 94 20000
38 44 134 20000
38 45 117 20000
38 46 138 20000
38 47 147 20000
38 48 169 20000
38 49 195 20000
38 50 143 20000
38 51 97 20000
39 40 21 20000
39 41 94 20000
39 42 123 20000
39 43 159 20000
39 44 93 20000
39 45 123 20000
39 46 57 20000
39 47 135 20000
39 48 91 20000
39 49 99 20000
39 50 38 20000
39 51 223 20000
40 41 25 20000
40 42 61 20000
40 43 68 20000
40 44 147 20000
40 45 100 20000
40 46 141 20000
40 47 59 20000
40 48 117 20000
40 49 113 20000
40 50 113 20000
40 51 51 20000
41 42 28 20000
41 43 66 20000
41 44 76 20000
41 45 121 20000
41 46 80 20000
41 47 137 20000
41 48 46 20000
41 49 114 20000
41 50 100 20000
41 51 100 20000
42 43 21 20000
42 44 64 20000
42 45 85 20000
42 46 107 20000
42 47 52 20000
42 48 147 20000
42 49 57 20000
42 50 122 20000
42 51 73 20000
43 44 22 20000
43 45 78 20000
43 46 50 20000
43 47 129 20000
43 48 68 20000
43 49 112 20000
43 50 57 20000
43 51 111 20000
44 45 25 20000
44 46 74 20000
44 47 73 20000
44 48 91 20000
44 49 80 20000
44 50 124 20000
44 51 36 20000
45 46 20 20000
45 47 50 20000
45 48 73 20000
45 49 119 20000
45 50 59 20000
45 51 139 20000
46 47 18 20000
46 48 65 20000
46 49 67 20000
46 50 126 20000
46 51 77 20000
47 48 30 20000
47 49 70 20000
47 50 80 20000
47 51 113 20000
48 49 16 20000
48 50 75 20000
48 51 86 20000
49 50 25 20000
49 51 61 20000
50 51 22 20000
