0 1 25 20000
0 2 105 20000
0 3 131 20000
0 4 168 20000
0 5 99 20000
0 6 136 20000
0 7 55 20000
0 8 128 20000
0 9 108 20000
0 10 114 20000
0 11 55 20000
0 12 287 20000
0 13 116 20000
0 14 35 20000
0 15 62 20000
0 16 76 20000
0 17 84 20000
0 18 106 20000
0 19 91 20000
0 20 86 20000
0 21 111 20000
0 22 108 20000
0 23 112 20000
0 24 135 20000
0 25 121 20000
0 26 55 20000
0 27 48 20000
0 28 92 20000
0 29 105 20000
0 30 97 20000
0 31 131 20000
0 32 108 20000
0 33 111 20000
0 34 102 20000
0 35 107 20000
0 36 115 20000
0 37 99 20000
0 38 115 20000
0 39 119 20000
0 40 120 20000
0 41 135 20000
0 42 126 20000
0 43 149 20000
0 44 114 20000
0 45 146 20000
0 46 139 20000
0 47 117 20000
0 48 134 20000
0 49 109 20000
0 50 99 20000
0 51 121 20000
1 2 24 20000
1 3 69 20000
1 4 86 20000
1 5 130 20000
1 6 87 20000
1 7 133 20000
1 8 63 20000
1 9 108 20000
1 10 68 20000
1 11 105 20000
1 12 68 20000
1 13 142 20000
1 14 76 20000
1 15 37 20000
1 16 70 20000
1 17 94 20000
1 18 88 20000
1 19 95 20000
1 20 80 20000
1 21 114 20000
1 22 108 20000
1 23 128 20000
1 24 110 20000
1 25 124 20000
1 26 50 20000
1 27 61 20000
1 28 66 20000
1 29 92 20000
1 30 92 20000
1 31 115 20000
1 32 116 20000
1 33 106 20000
1 34 133 20000
1 35 113 20000
1 36 125 20000
1 37 133 20000
1 38 116 20000
1 39 39 20000
1 40 99 20000
1 41 185 20000
1 42 169 20000
1 43 157 20000
1 44 140 20000
1 45 98 20000
1 46 141 20000
1 47 122 20000
1 48 107 20000
1 49 140 20000
1 50 119 20000
1 51 85 20000
2 3 26 20000
2 4 59 20000
2 5 83 20000
2 6 102 20000
2 7 85 20000
2 8 158 20000
2 9 58 20000
2 10 125 20000
2 11 79 20000
2 12 118 20000
2 13 142 20000
2 14 151 20000
2 15 113 20000
2 16 42 20000
2 17 91 20000
2 18 85 20000
2 19 84 20000
2 20 103 20000
2 21 115 20000
2 22 112 20000
2 23 133 20000
2 24 127 20000
2 25 121 20000
2 26 67 20000
2 27 74 20000
2 28 54 20000
2 29 58 20000
2 30 110 20000
2 31 111 20000
2 32 121 20000
2 33 112 20000
2 34 107 20000
2 35 141 20000
2 36 109 20000
2 37 114 20000
2 38 147 20000
2 39 79 20000
2 40 49 20000
2 41 87 20000
2 42 159 20000
2 43 158 20000
2 44 159 20000
2 45 151 20000
2 46 118 20000
2 47 112 20000
2 48 129 20000
2 49 123 20000
2 50 129 20000
2 51 121 20000
3 4 19 20000
3 5 66 20000
3 6 60 20000
3 7 97 20000
3 8 67 20000
3 9 153 20000
3 10 68 20000
3 11 106 20000
3 12 87 20000
3 13 118 20000
3 14 165 20000
3 15 144 20000
3 16 84 20000
3 17 51 20000
3 18 71 20000
3 19 79 20000
3 20 70 20000
3 21 104 20000
3 22 92 20000
3 23 102 20000
3 24 128 20000
3 25 108 20000
3 26 77 20000
3 27 99 20000
3 28 67 20000
3 29 45 20000
3 30 54 20000
3 31 105 20000
3 32 91 20000
3 33 99 20000
3 34 129 20000
3 35 104 20000
3 36 138 20000
3 37 116 20000
3 38 133 20000
3 39 71 20000
3 40 69 20000
3 41 43 20000
3 42 96 20000
3 43 153 20000
3 44 164 20000
3 45 191 20000
3 46 158 20000
3 47 145 20000
3 48 113 20000
3 49 130 20000
3 50 119 20000
3 51 104 20000
4 5 27 20000
4 6 66 20000
4 7 54 20000
4 8 111 20000
4 9 75 20000
4 10 103 20000
4 11 62 20000
4 12 137 20000
4 13 141 20000
4 14 164 20000
4 15 184 20000
4 16 127 20000
4 17 80 20000
4 18 30 20000
4 19 59 20000
4 20 84 20000
4 21 94 20000
4 22 94 20000
4 23 96 20000
4 24 107 20000
4 25 124 20000
4 26 104 20000
4 27 118 20000
4 28 104 20000
4 29 72 20000
4 30 41 20000
4 31 60 20000
4 32 106 20000
4 33 112 20000
4 34 95 20000
4 35 109 20000
4 36 131 20000
4 37 144 20000
4 38 98 20000
4 39 86 20000
4 40 75 20000
4 41 71 20000
4 42 39 20000
4 43 84 20000
4 44 165 20000
4 45 179 20000
4 46 156 20000
4 47 157 20000
4 48 139 20000
4 49 131 20000
4 50 95 20000
4 51 77 20000
5 6 38 20000
5 7 68 20000
5 8 88 20000
5 9 117 20000
5 10 86 20000
5 11 141 20000
5 12 69 20000
5 13 148 20000
5 14 157 20000
5 15 161 20000
5 16 185 20000
5 17 142 20000
5 18 85 20000
5 19 25 20000
5 20 66 20000
5 21 87 20000
5 22 120 20000
5 23 113 20000
5 24 85 20000
5 25 110 20000
5 26 124 20000
5 27 101 20000
5 28 125 20000
5 29 100 20000
5 30 82 20000
5 31 50 20000
5 32 60 20000
5 33 115 20000
5 34 103 20000
5 35 115 20000
5 36 121 20000
5 37 116 20000
5 38 149 20000
5 39 100 20000
5 40 73 20000
5 41 67 20000
5 42 79 20000
5 43 42 20000
5 44 93 20000
5 45 157 20000
5 46 154 20000
5 47 156 20000
5 48 153 20000
5 49 126 20000
5 50 125 20000
5 51 142 20000
6 7 31 20000
6 8 68 20000
6 9 73 20000
6 10 113 20000
6 11 71 20000
6 12 161 20000
6 13 149 20000
6 14 116 20000
6 15 150 20000
6 16 177 20000
6 17 181 20000
6 18 180 20000
6 19 95 20000
6 20 38 20000
6 21 78 20000
6 22 79 20000
6 23 88 20000
6 24 128 20000
6 25 97 20000
6 26 93 20000
6 27 121 20000
6 28 116 20000
6 29 108 20000
6 30 119 20000
6 31 74 20000
6 32 53 20000
6 33 65 20000
6 34 110 20000
6 35 114 20000
6 36 117 20000
6 37 134 20000
6 38 101 20000
6 39 93 20000
6 40 101 20000
6 41 116 20000
6 42 74 20000
6 43 65 20000
6 44 44 20000
6 45 78 20000
6 46 163 20000
6 47 192 20000
6 48 135 20000
6 49 124 20000
6 50 153 20000
6 51 97 20000
7 8 28 20000
7 9 80 20000
7 10 76 20000
7 11 108 20000
7 12 76 20000
7 13 141 20000
7 14 126 20000
7 15 156 20000
7 16 141 20000
7 17 159 20000
7 18 159 20000
7 19 145 20000
7 20 89 20000
7 21 41 20000
7 22 78 20000
7 23 96 20000
7 24 83 20000
7 25 104 20000
7 26 133 20000
7 27 95 20000
7 28 141 20000
7 29 104 20000
7 30 143 20000
7 31 83 20000
7 32 68 20000
7 33 47 20000
7 34 70 20000
7 35 90 20000
7 36 112 20000
7 37 125 20000
7 38 116 20000
7 39 99 20000
7 40 97 20000
7 41 89 20000
7 42 97 20000
7 43 110 20000
7 44 61 20000
7 45 44 20000
7 46 93 20000
7 47 179 20000
7 48 142 20000
7 49 151 20000
7 50 129 20000
7 51 147 20000
8 9 27 20000
8 10 58 20000
8 11 74 20000
8 12 146 20000
8 13 98 20000
8 14 116 20000
8 15 111 20000
8 16 159 20000
8 17 154 20000
8 18 139 20000
8 19 186 20000
8 20 157 20000
8 21 96 20000
8 22 41 20000
8 23 68 20000
8 24 102 20000
8 25 69 20000
8 26 94 20000
8 27 110 20000
8 28 102 20000
8 29 137 20000
8 30 92 20000
8 31 120 20000
8 32 111 20000
8 33 64 20000
8 34 46 20000
8 35 65 20000
8 36 101 20000
8 37 117 20000
8 38 118 20000
8 39 122 20000
8 40 91 20000
8 41 117 20000
8 42 90 20000
8 43 79 20000
8 44 82 20000
8 45 72 20000
8 46 39 20000
8 47 105 20000
8 48 148 20000
8 49 150 20000
8 50 183 20000
8 51 118 20000
9 10 36 20000
9 11 58 20000
9 12 88 20000
9 13 125 20000
9 14 125 20000
9 15 120 20000
9 16 127 20000
9 17 124 20000
9 18 177 20000
9 19 175 20000
9 20 163 20000
9 21 157 20000
9 22 89 20000
9 23 43 20000
9 24 56 20000
9 25 86 20000
9 26 97 20000
9 27 124 20000
9 28 120 20000
9 29 96 20000
9 30 130 20000
9 31 117 20000
9 32 106 20000
9 33 97 20000
9 34 76 20000
9 35 47 20000
9 36 61 20000
9 37 100 20000
9 38 108 20000
9 39 115 20000
9 40 92 20000
9 41 99 20000
9 42 111 20000
9 43 98 20000
9 44 96 20000
9 45 88 20000
9 46 77 20000
9 47 38 20000
9 48 92 20000
9 49 153 20000
9 50 175 20000
9 51 139 20000
10 11 18 20000
10 12 69 20000
10 13 164 20000
10 14 134 20000
10 15 101 20000
10 16 111 20000
10 17 152 20000
10 18 158 20000
10 19 144 20000
10 20 196 20000
10 21 194 20000
10 22 165 20000
10 23 96 20000
10 24 46 20000
10 25 78 20000
10 26 133 20000
10 27 117 20000
10 28 105 20000
10 29 148 20000
10 30 133 20000
10 31 124 20000
10 32 114 20000
10 33 126 20000
10 34 123 20000
10 35 67 20000
10 36 48 20000
10 37 65 20000
10 38 93 20000
10 39 117 20000
10 40 116 20000
10 41 112 20000
10 42 104 20000
10 43 108 20000
10 44 110 20000
10 45 89 20000
10 46 86 20000
10 47 62 20000
10 48 46 20000
10 49 92 20000
10 50 136 20000
10 51 182 20000
11 12 14 20000
11 13 86 20000
11 14 104 20000
11 15 127 20000
11 16 117 20000
11 17 103 20000
11 18 129 20000
11 19 133 20000
11 20 151 20000
11 21 177 20000
11 22 168 20000
11 23 156 20000
11 24 104 20000
11 25 35 20000
11 26 128 20000
11 27 113 20000
11 28 122 20000
11 29 100 20000
11 30 143 20000
11 31 113 20000
11 32 124 20000
11 33 126 20000
11 34 112 20000
11 35 95 20000
11 36 52 20000
11 37 50 20000
11 38 85 20000
11 39 145 20000
11 40 111 20000
11 41 92 20000
11 42 114 20000
11 43 114 20000
11 44 94 20000
11 45 124 20000
11 46 68 20000
11 47 101 20000
11 48 62 20000
11 49 40 20000
11 50 103 20000
11 51 148 20000
12 13 144 20000
12 14 147 20000
12 15 182 20000
12 16 191 20000
12 17 133 20000
12 18 185 20000
12 19 173 20000
12 20 213 20000
12 21 208 20000
12 22 207 20000
12 23 192 20000
12 24 207 20000
12 25 113 20000
12 26 158 20000
12 27 149 20000
12 28 147 20000
12 29 158 20000
12 30 167 20000
12 31 210 20000
12 32 123 20000
12 33 159 20000
12 34 138 20000
12 35 132 20000
12 36 108 20000
12 37 72 20000
12 38 58 20000
12 39 138 20000
12 40 147 20000
12 41 141 20000
12 42 135 20000
12 43 114 20000
12 44 127 20000
12 45 123 20000
12 46 125 20000
12 47 87 20000
12 48 105 20000
12 49 72 20000
12 50 35 20000
12 51 98 20000
13 14 31 20000
13 15 101 20000
13 16 116 20000
13 17 145 20000
13 18 110 20000
13 19 147 20000
13 20 45 20000
13 21 103 20000
13 22 90 20000
13 23 139 20000
13 24 43 20000
13 25 227 20000
13 26 88 20000
13 27 35 20000
13 28 64 20000
13 29 68 20000
13 30 83 20000
13 31 95 20000
13 32 94 20000
13 33 118 20000
13 34 108 20000
13 35 108 20000
13 36 82 20000
13 37 139 20000
13 38 118 20000
13 39 59 20000
13 40 63 20000
13 41 87 20000
13 42 98 20000
13 43 93 20000
13 44 135 20000
13 45 114 20000
13 46 143 20000
13 47 113 20000
13 48 103 20000
13 49 145 20000
13 50 139 20000
13 51 118 20000
14 15 23 20000
14 16 62 20000
14 17 74 20000
14 18 152 20000
14 19 91 20000
14 20 121 20000
14 21 63 20000
14 22 114 20000
14 23 86 20000
14 24 112 20000
14 25 68 20000
14 26 120 20000
14 27 76 20000
14 28 38 20000
14 29 82 20000
14 30 101 20000
14 31 66 20000
14 32 92 20000
14 33 80 20000
14 34 81 20000
14 35 123 20000
14 36 118 20000
14 37 82 20000
14 38 112 20000
14 39 75 20000
14 40 36 20000
14 41 55 20000
14 42 103 20000
14 43 111 20000
14 44 103 20000
14 45 121 20000
14 46 91 20000
14 47 119 20000
14 48 121 20000
14 49 129 20000
14 50 126 20000
14 51 102 20000
15 16 22 20000
15 17 62 20000
15 18 64 20000
15 19 88 20000
15 20 102 20000
15 21 133 20000
15 22 44 20000
15 23 105 20000
15 24 94 20000
15 25 113 20000
15 26 168 20000
15 27 167 20000
15 28 86 20000
15 29 41 20000
15 30 78 20000
15 31 94 20000
15 32 101 20000
15 33 103 20000
15 34 98 20000
15 35 80 20000
15 36 96 20000
15 37 106 20000
15 38 111 20000
15 39 94 20000
15 40 63 20000
15 41 40 20000
15 42 81 20000
15 43 100 20000
15 44 110 20000
15 45 121 20000
15 46 131 20000
15 47 110 20000
15 48 129 20000
15 49 92 20000
15 50 117 20000
15 51 128 20000
16 17 18 20000
16 18 74 20000
16 19 60 20000
16 20 97 20000
16 21 79 20000
16 22 154 20000
16 23 44 20000
16 24 132 20000
16 25 79 20000
16 26 126 20000
16 27 177 20000
16 28 149 20000
16 29 87 20000
16 30 36 20000
16 31 81 20000
16 32 89 20000
16 33 86 20000
16 34 90 20000
16 35 88 20000
16 36 100 20000
16 37 117 20000
16 38 113 20000
16 39 92 20000
16 40 101 20000
16 41 81 20000
16 42 45 20000
16 43 55 20000
16 44 100 20000
16 45 104 20000
16 46 109 20000
16 47 145 20000
16 48 110 20000
16 49 131 20000
16 50 103 20000
16 51 118 20000
17 18 22 20000
17 19 71 20000
17 20 65 20000
17 21 127 20000
17 22 78 20000
17 23 99 20000
17 24 59 20000
17 25 108 20000
17 26 129 20000
17 27 135 20000
17 28 175 20000
17 29 141 20000
17 30 84 20000
17 31 56 20000
17 32 78 20000
17 33 101 20000
17 34 96 20000
17 35 86 20000
17 36 86 20000
17 37 101 20000
17 38 89 20000
17 39 99 20000
17 40 125 20000
17 41 90 20000
17 42 76 20000
17 43 53 20000
17 44 66 20000
17 45 107 20000
17 46 142 20000
17 47 102 20000
17 48 105 20000
17 49 108 20000
17 50 122 20000
17 51 112 20000
18 19 24 20000
18 20 67 20000
18 21 92 20000
18 22 96 20000
18 23 79 20000
18 24 150 20000
18 25 57 20000
18 26 119 20000
18 27 145 20000
18 28 152 20000
18 29 182 20000
18 30 164 20000
18 31 95 20000
18 32 32 20000
18 33 62 20000
18 34 72 20000
18 35 111 20000
18 36 97 20000
18 37 82 20000
18 38 116 20000
18 39 123 20000
18 40 108 20000
18 41 118 20000
18 42 109 20000
18 43 72 20000
18 44 47 20000
18 45 71 20000
18 46 103 20000
18 47 119 20000
18 48 134 20000
18 49 140 20000
18 50 103 20000
18 51 143 20000
19 20 24 20000
19 21 54 20000
19 22 84 20000
19 23 111 20000
19 24 65 20000
19 25 136 20000
19 26 122 20000
19 27 110 20000
19 28 175 20000
19 29 186 20000
19 30 194 20000
19 31 165 20000
19 32 92 20000
19 33 35 20000
19 34 74 20000
19 35 60 20000
19 36 72 20000
19 37 111 20000
19 38 80 20000
19 39 90 20000
19 40 121 20000
19 41 127 20000
19 42 116 20000
19 43 83 20000
19 44 88 20000
19 45 46 20000
19 46 71 20000
19 47 101 20000
19 48 122 20000
19 49 99 20000
19 50 128 20000
19 51 103 20000
20 21 19 20000
20 22 63 20000
20 23 70 20000
20 24 125 20000
20 25 53 20000
20 26 126 20000
20 27 123 20000
20 28 127 20000
20 29 158 20000
20 30 140 20000
20 31 161 20000
20 32 157 20000
20 33 76 20000
20 34 52 20000
20 35 57 20000
20 36 82 20000
20 37 89 20000
20 38 93 20000
20 39 111 20000
20 40 114 20000
20 41 139 20000
20 42 114 20000
20 43 136 20000
20 44 81 20000
20 45 76 20000
20 46 53 20000
20 47 61 20000
20 48 98 20000
20 49 115 20000
20 50 96 20000
20 51 121 20000
21 22 26 20000
21 23 68 20000
21 24 69 20000
21 25 118 20000
21 26 112 20000
21 27 136 20000
21 28 118 20000
21 29 175 20000
21 30 151 20000
21 31 167 20000
21 32 168 20000
21 33 153 20000
21 34 106 20000
21 35 43 20000
21 36 76 20000
21 37 87 20000
21 38 75 20000
21 39 113 20000
21 40 115 20000
21 41 110 20000
21 42 148 20000
21 43 102 20000
21 44 121 20000
21 45 96 20000
21 46 82 20000
21 47 62 20000
21 48 70 20000
21 49 106 20000
21 50 147 20000
21 51 134 20000
22 23 18 20000
22 24 70 20000
22 25 63 20000
22 26 119 20000
22 27 112 20000
22 28 117 20000
22 29 112 20000
22 30 132 20000
22 31 114 20000
22 32 180 20000
22 33 164 20000
22 34 148 20000
22 35 88 20000
22 36 40 20000
22 37 77 20000
22 38 76 20000
22 39 119 20000
22 40 114 20000
22 41 147 20000
22 42 97 20000
22 43 105 20000
22 44 101 20000
22 45 126 20000
22 46 97 20000
22 47 78 20000
22 48 48 20000
22 49 75 20000
22 50 86 20000
22 51 103 20000
23 24 35 20000
23 25 67 20000
23 26 121 20000
23 27 116 20000
23 28 101 20000
23 29 109 20000
23 30 142 20000
23 31 133 20000
23 32 142 20000
23 33 148 20000
23 34 163 20000
23 35 150 20000
23 36 94 20000
23 37 44 20000
23 38 55 20000
23 39 126 20000
23 40 118 20000
23 41 99 20000
23 42 138 20000
23 43 121 20000
23 44 113 20000
23 45 118 20000
23 46 118 20000
23 47 90 20000
23 48 74 20000
23 49 39 20000
23 50 62 20000
23 51 96 20000
24 25 29 20000
24 26 89 20000
24 27 106 20000
24 28 138 20000
24 29 107 20000
24 30 116 20000
24 31 114 20000
24 32 132 20000
24 33 131 20000
24 34 194 20000
24 35 204 20000
24 36 172 20000
24 37 106 20000
24 38 43 20000
24 39 162 20000
24 40 116 20000
24 41 137 20000
24 42 129 20000
24 43 155 20000
24 44 116 20000
24 45 146 20000
24 46 126 20000
24 47 118 20000
24 48 103 20000
24 49 63 20000
24 50 52 20000
24 51 76 20000
25 26 100 20000
25 27 79 20000
25 28 130 20000
25 29 131 20000
25 30 94 20000
25 31 145 20000
25 32 101 20000
25 33 139 20000
25 34 157 20000
25 35 138 20000
25 36 162 20000
25 37 158 20000
25 38 98 20000
25 39 111 20000
25 40 105 20000
25 41 136 20000
25 42 132 20000
25 43 125 20000
25 44 157 20000
25 45 107 20000
25 46 134 20000
25 47 124 20000
25 48 96 20000
25 49 95 20000
25 50 68 20000
25 51 45 20000
26 27 33 20000
26 28 99 20000
26 29 107 20000
26 30 170 20000
26 31 95 20000
26 32 155 20000
26 33 57 20000
26 34 108 20000
26 35 90 20000
26 36 106 20000
26 37 52 20000
26 38 226 20000
26 39 90 20000
26 40 32 20000
26 41 66 20000
26 42 74 20000
26 43 85 20000
26 44 97 20000
26 45 98 20000
26 46 107 20000
26 47 93 20000
26 48 108 20000
26 49 93 20000
26 50 126 20000
26 51 116 20000
27 28 20 20000
27 29 68 20000
27 30 83 20000
27 31 137 20000
27 32 90 20000
27 33 126 20000
27 34 51 20000
27 35 93 20000
27 36 80 20000
27 37 97 20000
27 38 57 20000
27 39 128 20000
27 40 88 20000
27 41 46 20000
27 42 70 20000
27 43 77 20000
27 44 75 20000
27 45 75 20000
27 46 105 20000
27 47 90 20000
27 48 96 20000
27 49 106 20000
27 50 85 20000
27 51 119 20000
28 29 12 20000
28 30 59 20000
28 31 70 20000
28 32 136 20000
28 33 95 20000
28 34 131 20000
28 35 69 20000
28 36 125 20000
28 37 93 20000
28 38 132 20000
28 39 157 20000
28 40 170 20000
28 41 91 20000
28 42 44 20000
28 43 76 20000
28 44 93 20000
28 45 83 20000
28 46 99 20000
28 47 106 20000
28 48 102 20000
28 49 111 20000
28 50 113 20000
28 51 106 20000
29 30 26 20000
29 31 56 20000
29 32 67 20000
29 33 104 20000
29 34 60 20000
29 35 139 20000
29 36 56 20000
29 37 124 20000
29 38 77 20000
29 39 143 20000
29 40 172 20000
29 41 147 20000
29 42 84 20000
29 43 34 20000
29 44 69 20000
29 45 84 20000
29 46 100 20000
29 47 101 20000
29 48 97 20000
29 49 84 20000
29 50 103 20000
29 51 93 20000
30 31 22 20000
30 32 73 20000
30 33 72 20000
30 34 116 20000
30 35 87 20000
30 36 115 20000
30 37 59 20000
30 38 110 20000
30 39 124 20000
30 40 148 20000
30 41 174 20000
30 42 147 20000
30 43 84 20000
30 44 39 20000
30 45 73 20000
30 46 98 20000
30 47 84 20000
30 48 108 20000
30 49 112 20000
30 50 125 20000
30 51 118 20000
31 32 25 20000
31 33 66 20000
31 34 79 20000
31 35 104 20000
31 36 68 20000
31 37 154 20000
31 38 49 20000
31 39 121 20000
31 40 137 20000
31 41 156 20000
31 42 166 20000
31 43 155 20000
31 44 101 20000
31 45 48 20000
31 46 67 20000
31 47 94 20000
31 48 111 20000
31 49 98 20000
31 50 93 20000
31 51 91 20000
32 33 32 20000
32 34 51 20000
32 35 72 20000
32 36 96 20000
32 37 71 20000
32 38 101 20000
32 39 157 20000
32 40 121 20000
32 41 165 20000
32 42 151 20000
32 43 166 20000
32 44 155 20000
32 45 99 20000
32 46 56 20000
32 47 75 20000
32 48 88 20000
32 49 80 20000
32 50 122 20000
32 51 103 20000
33 34 21 20000
33 35 64 20000
33 36 51 20000
33 37 97 20000
33 38 73 20000
33 39 126 20000
33 40 155 20000
33 41 112 20000
33 42 149 20000
33 43 149 20000
33 44 183 20000
33 45 161 20000
33 46 99 20000
33 47 40 20000
33 48 68 20000
33 49 75 20000
33 50 78 20000
33 51 95 20000
34 35 24 20000
34 36 56 20000
34 37 73 20000
34 38 108 20000
34 39 114 20000
34 40 131 20000
34 41 115 20000
34 42 150 20000
34 43 136 20000
34 44 173 20000
34 45 177 20000
34 46 165 20000
34 47 108 20000
34 48 48 20000
34 49 72 20000
34 50 91 20000
34 51 87 20000
35 36 26 20000
35 37 73 20000
35 38 53 20000
35 39 131 20000
35 40 102 20000
35 41 135 20000
35 42 110 20000
35 43 142 20000
35 44 138 20000
35 45 153 20000
35 46 197 20000
35 47 134 20000
35 48 112 20000
35 49 31 20000
35 50 85 20000
35 51 77 20000
36 37 27 20000
36 38 70 20000
36 39 125 20000
36 40 127 20000
36 41 118 20000
36 42 98 20000
36 43 125 20000
36 44 119 20000
36 45 158 20000
36 46 145 20000
36 47 184 20000
36 48 153 20000
36 49 66 20000
36 50 27 20000
36 51 65 20000
37 38 27 20000
37 39 99 20000
37 40 106 20000
37 41 142 20000
37 42 112 20000
37 43 109 20000
37 44 115 20000
37 45 135 20000
37 46 148 20000
37 47 175 20000
37 48 161 20000
37 49 140 20000
37 50 89 20000
37 51 49 20000
38 39 132 20000
38 40 79 20000
38 41 119 20000
38 42 137 20000
38 43 107 20000
38 44 129 20000
38 45 106 20000
38 46 136 20000
38 47 112 20000
38 48 152 20000
38 49 163 20000
38 50 158 20000
38 51 103 20000
39 40 32 20000
39 41 103 20000
39 42 131 20000
39 43 172 20000
39 44 81 20000
39 45 146 20000
39 46 55 20000
39 47 103 20000
39 48 86 20000
39 49 120 20000
39 50 36 20000
39 51 224 20000
40 41 17 20000
40 42 59 20000
40 43 75 20000
40 44 127 20000
40 45 95 20000
40 46 125 20000
40 47 71 20000
40 48 125 20000
40 49 97 20000
40 50 92 20000
40 51 44 20000
41 42 22 20000
41 43 53 20000
41 44 68 20000
41 45 91 20000
41 46 88 20000
41 47 137 20000
41 48 74 20000
41 49 111 20000
41 50 85 20000
41 51 101 20000
42 43 27 20000
42 44 62 20000
42 45 58 20000
42 46 115 20000
42 47 57 20000
42 48 149 20000
42 49 67 20000
42 50 101 20000
42 51 85 20000
43 44 31 20000
43 45 57 20000
43 46 65 20000
43 47 121 20000
43 48 80 20000
43 49 85 20000
43 50 47 20000
43 51 126 20000
44 45 33 20000
44 46 78 20000
44 47 86 20000
44 48 101 20000
44 49 56 20000
44 50 135 20000
44 51 39 20000
45 46 28 20000
45 47 62 20000
45 48 64 20000
45 49 122 20000
45 50 66 20000
45 51 137 20000
46 47 29 20000
46 48 61 20000
46 49 66 20000
46 50 120 20000
46 51 60 20000
47 48 21 20000
47 49 66 20000
47 50 67 20000
47 51 108 20000
48 49 29 20000
48 50 70 20000
48 51 71 20000
49 50 23 20000
49 51 51 20000
50 51 25 20000
