0 1 38 20000
0 2 91 20000
0 3 124 20000
0 4 153 20000
0 5 113 20000
0 6 137 20000
0 7 48 20000
0 8 119 20000
0 9 81 20000
0 10 130 20000
0 11 40 20000
0 12 255 20000
0 13 104 20000
0 14 39 20000
0 15 55 20000
0 16 70 20000
0 17 81 20000
0 18 101 20000
0 19 94 20000
0 20 111 20000
0 21 99 20000
0 22 135 20000
0 23 91 20000
0 24 123 20000
0 25 133 20000
0 26 68 20000
0 27 63 20000
0 28 77 20000
0 29 99 20000
0 30 90 20000
0 31 105 20000
0 32 100 20000
0 33 117 20000
0 34 130 20000
0 35 132 20000
0 36 123 20000
0 37 155 20000
0 38 112 20000
0 39 95 20000
0 40 152 20000
0 41 155 20000
0 42 125 20000
0 43 117 20000
0 44 125 20000
0 45 122 20000
0 46 145 20000
0 47 118 20000
0 48 101 20000
0 49 124 20000
0 50 91 20000
0 51 122 20000
1 2 24 20000
1 3 64 20000
1 4 89 20000
1 5 136 20000
1 6 99 20000
1 7 139 20000
1 8 65 20000
1 9 128 20000
1 10 86 20000
1 11 112 20000
1 12 64 20000
1 13 147 20000
1 14 85 20000
1 15 25 20000
1 16 78 20000
1 17 94 20000
1 18 81 20000
1 19 86 20000
1 20 93 20000
1 21 106 20000
1 22 103 20000
1 23 91 20000
1 24 99 20000
1 25 118 20000
1 26 70 20000
1 27 38 20000
1 28 68 20000
1 29 89 20000
1 30 116 20000
1 31 128 20000
1 32 120 20000
1 33 108 20000
1 34 114 20000
1 35 105 20000
1 36 108 20000
1 37 137 20000
1 38 110 20000
1 39 53 20000
1 40 86 20000
1 41 138 20000
1 42 186 20000
1 43 142 20000
1 44 140 20000
1 45 119 20000
1 46 132 20000
1 47 132 20000
1 48 130 20000
1 49 139 20000
1 50 120 20000
1 51 89 20000
2 3 29 20000
2 4 72 20000
2 5 62 20000
2 6 84 20000
2 7 87 20000
2 8 137 20000
2 9 67 20000
2 10 119 20000
2 11 103 20000
2 12 127 20000
2 13 159 20000
2 14 135 20000
2 15 102 20000
2 16 40 20000
2 17 66 20000
2 18 91 20000
2 19 93 20000
2 20 92 20000
2 21 98 20000
2 22 98 20000
2 23 116 20000
2 24 97 20000
2 25 113 20000
2 26 83 20000
2 27 77 20000
2 28 43 20000
2 29 64 20000
2 30 99 20000
2 31 106 20000
2 32 121 20000
2 33 130 20000
2 34 113 20000
2 35 161 20000
2 36 112 20000
2 37 139 20000
2 38 128 20000
2 39 59 20000
2 40 52 20000
2 41 82 20000
2 42 146 20000
2 43 175 20000
2 44 169 20000
2 45 158 20000
2 46 114 20000
2 47 118 20000
2 48 121 20000
2 49 122 20000
2 50 130 20000
2 51 111 20000
3 4 20 20000
3 5 63 20000
3 6 73 20000
3 7 97 20000
3 8 52 20000
3 9 133 20000
3 10 56 20000
3 11 125 20000
3 12 111 20000
3 13 124 20000
3 14 188 20000
3 15 147 20000
3 16 99 20000
3 17 43 20000
3 18 89 20000
3 19 90 20000
3 20 85 20000
3 21 104 20000
3 22 86 20000
3 23 119 20000
3 24 115 20000
3 25 93 20000
3 26 99 20000
3 27 111 20000
3 28 83 20000
3 29 62 20000
3 30 60 20000
3 31 85 20000
3 32 97 20000
3 33 110 20000
3 34 155 20000
3 35 115 20000
3 36 121 20000
3 37 99 20000
3 38 128 20000
3 39 84 20000
3 40 67 20000
3 41 49 20000
3 42 102 20000
3 43 151 20000
3 44 173 20000
3 45 168 20000
3 46 141 20000
3 47 178 20000
3 48 100 20000
3 49 103 20000
3 50 127 20000
3 51 121 20000
4 5 33 20000
4 6 59 20000
4 7 47 20000
4 8 120 20000
4 9 75 20000
4 10 119 20000
4 11 50 20000
4 12 126 20000
4 13 141 20000
4 14 149 20000
4 15 149 20000
4 16 138 20000
4 17 81 20000
4 18 36 20000
4 19 59 20000
4 20 85 20000
4 21 72 20000
4 22 90 20000
4 23 116 20000
4 24 117 20000
4 25 114 20000
4 26 86 20000
4 27 110 20000
4 28 110 20000
4 29 68 20000
4 30 43 20000
4 31 63 20000
4 32 85 20000
4 33 110 20000
4 34 110 20000
4 35 121 20000
4 36 120 20000
4 37 139 20000
4 38 111 20000
4 39 72 20000
4 40 83 20000
4 41 62 20000
4 42 42 20000
4 43 75 20000
4 44 150 20000
4 45 159 20000
4 46 151 20000
4 47 153 20000
4 48 129 20000
4 49 125 20000
4 50 106 20000
4 51 95 20000
5 6 24 20000
5 7 59 20000
5 8 88 20000
5 9 88 20000
5 10 75 20000
5 11 124 20000
5 12 44 20000
5 13 119 20000
5 14 154 20000
5 15 139 20000
5 16 152 20000
5 17 178 20000
5 18 85 20000
5 19 33 20000
5 20 79 20000
5 21 84 20000
5 22 109 20000
5 23 90 20000
5 24 80 20000
5 25 97 20000
5 26 121 20000
5 27 102 20000
5 28 107 20000
5 29 95 20000
5 30 63 20000
5 31 51 20000
5 32 65 20000
5 33 113 20000
5 34 111 20000
5 35 112 20000
5 36 129 20000
5 37 100 20000
5 38 129 20000
5 39 78 20000
5 40 70 20000
5 41 83 20000
5 42 72 20000
5 43 37 20000
5 44 87 20000
5 45 171 20000
5 46 182 20000
5 47 152 20000
5 48 143 20000
5 49 110 20000
5 50 135 20000
5 51 121 20000
6 7 19 20000
6 8 73 20000
6 9 65 20000
6 10 130 20000
6 11 65 20000
6 12 152 20000
6 13 142 20000
6 14 137 20000
6 15 171 20000
6 16 126 20000
6 17 187 20000
6 18 160 20000
6 19 106 20000
6 20 38 20000
6 21 69 20000
6 22 92 20000
6 23 81 20000
6 24 112 20000
6 25 90 20000
6 26 96 20000
6 27 98 20000
6 28 133 20000
6 29 100 20000
6 30 106 20000
6 31 73 20000
6 32 57 20000
6 33 72 20000
6 34 109 20000
6 35 119 20000
6 36 123 20000
6 37 148 20000
6 38 93 20000
6 39 91 20000
6 40 88 20000
6 41 101 20000
6 42 104 20000
6 43 80 20000
6 44 39 20000
6 45 109 20000
6 46 145 20000
6 47 179 20000
6 48 191 20000
6 49 147 20000
6 50 151 20000
6 51 105 20000
7 8 24 20000
7 9 67 20000
7 10 61 20000
7 11 117 20000
7 12 85 20000
7 13 136 20000
7 14 103 20000
7 15 117 20000
7 16 142 20000
7 17 178 20000
7 18 183 20000
7 19 155 20000
7 20 85 20000
7 21 31 20000
7 22 66 20000
7 23 75 20000
7 24 83 20000
7 25 99 20000
7 26 107 20000
7 27 95 20000
7 28 115 20000
7 29 115 20000
7 30 122 20000
7 31 97 20000
7 32 57 20000
7 33 41 20000
7 34 56 20000
7 35 88 20000
7 36 102 20000
7 37 106 20000
7 38 134 20000
7 39 101 20000
7 40 77 20000
7 41 90 20000
7 42 88 20000
7 43 106 20000
7 44 58 20000
7 45 35 20000
7 46 96 20000
7 47 150 20000
7 48 170 20000
7 49 162 20000
7 50 138 20000
7 51 114 20000
8 9 30 20000
8 10 60 20000
8 11 69 20000
8 12 150 20000
8 13 121 20000
8 14 139 20000
8 15 96 20000
8 16 151 20000
8 17 158 20000
8 18 154 20000
8 19 173 20000
8 20 164 20000
8 21 103 20000
8 22 37 20000
8 23 80 20000
8 24 98 20000
8 25 89 20000
8 26 117 20000
8 27 130 20000
8 28 89 20000
8 29 133 20000
8 30 109 20000
8 31 92 20000
8 32 89 20000
8 33 66 20000
8 34 64 20000
8 35 69 20000
8 36 95 20000
8 37 125 20000
8 38 129 20000
8 39 130 20000
8 40 108 20000
8 41 122 20000
8 42 105 20000
8 43 80 20000
8 44 93 20000
8 45 69 20000
8 46 42 20000
8 47 88 20000
8 48 162 20000
8 49 182 20000
8 50 154 20000
8 51 151 20000
9 10 18 20000
9 11 67 20000
9 12 73 20000
9 13 104 20000
9 14 119 20000
9 15 144 20000
9 16 126 20000
9 17 131 20000
9 18 143 20000
9 19 159 20000
9 20 172 20000
9 21 170 20000
9 22 100 20000
9 23 43 20000
9 24 75 20000
9 25 81 20000
9 26 116 20000
9 27 110 20000
9 28 122 20000
9 29 94 20000
9 30 117 20000
9 31 119 20000
9 32 128 20000
9 33 106 20000
9 34 74 20000
9 35 53 20000
9 36 70 20000
9 37 101 20000
9 38 110 20000
9 39 95 20000
9 40 105 20000
9 41 118 20000
9 42 117 20000
9 43 112 20000
9 44 101 20000
9 45 77 20000
9 46 56 20000
9 47 56 20000
9 48 99 20000
9 49 159 20000
9 50 167 20000
9 51 166 20000
10 11 27 20000
10 12 61 20000
10 13 124 20000
10 14 129 20000
10 15 109 20000
10 16 90 20000
10 17 142 20000
10 18 131 20000
10 19 155 20000
10 20 169 20000
10 21 184 20000
10 22 162 20000
10 23 90 20000
10 24 41 20000
10 25 72 20000
10 26 129 20000
10 27 99 20000
10 28 105 20000
10 29 112 20000
10 30 107 20000
10 31 112 20000
10 32 116 20000
10 33 123 20000
10 34 113 20000
10 35 81 20000
10 36 37 20000
10 37 73 20000
10 38 85 20000
10 39 86 20000
10 40 107 20000
10 41 131 20000
10 42 94 20000
10 43 93 20000
10 44 86 20000
10 45 89 20000
10 46 76 20000
10 47 74 20000
10 48 43 20000
10 49 88 20000
10 50 142 20000
10 51 168 20000
11 12 23 20000
11 13 95 20000
11 14 139 20000
11 15 124 20000
11 16 106 20000
11 17 129 20000
11 18 137 20000
11 19 141 20000
11 20 145 20000
11 21 167 20000
11 22 200 20000
11 23 154 20000
11 24 81 20000
11 25 41 20000
11 26 157 20000
11 27 137 20000
11 28 118 20000
11 29 105 20000
11 30 148 20000
11 31 119 20000
11 32 127 20000
11 33 128 20000
11 34 103 20000
11 35 121 20000
11 36 64 20000
11 37 60 20000
11 38 85 20000
11 39 134 20000
11 40 107 20000
11 41 91 20000
11 42 125 20000
11 43 127 20000
11 44 89 20000
11 45 132 20000
11 46 83 20000
11 47 78 20000
11 48 59 20000
11 49 42 20000
11 50 99 20000
11 51 160 20000
12 13 176 20000
12 14 126 20000
12 15 166 20000
12 16 168 20000
12 17 116 20000
12 18 206 20000
12 19 185 20000
12 20 191 20000
12 21 215 20000
12 22 204 20000
12 23 204 20000
12 24 181 20000
12 25 105 20000
12 26 139 20000
12 27 154 20000
12 28 176 20000
12 29 142 20000
12 30 147 20000
12 31 184 20000
12 32 135 20000
12 33 171 20000
12 34 152 20000
12 35 124 20000
12 36 108 20000
12 37 74 20000
12 38 63 20000
12 39 150 20000
12 40 154 20000
12 41 143 20000
12 42 116 20000
12 43 161 20000
12 44 120 20000
12 45 134 20000
12 46 80 20000
12 47 94 20000
12 48 83 20000
12 49 78 20000
12 50 37 20000
12 51 77 20000
13 14 38 20000
13 15 102 20000
13 16 136 20000
13 17 169 20000
13 18 91 20000
13 19 125 20000
13 20 50 20000
13 21 91 20000
13 22 68 20000
13 23 111 20000
13 24 49 20000
13 25 240 20000
13 26 85 20000
13 27 33 20000
13 28 64 20000
13 29 79 20000
13 30 63 20000
13 31 83 20000
13 32 82 20000
13 33 111 20000
13 34 114 20000
13 35 98 20000
13 36 111 20000
13 37 141 20000
13 38 121 20000
13 39 43 20000
13 40 70 20000
13 41 98 20000
13 42 125 20000
13 43 105 20000
13 44 109 20000
13 45 91 20000
13 46 120 20000
13 47 120 20000
13 48 124 20000
13 49 141 20000
13 50 142 20000
13 51 118 20000
14 15 24 20000
14 16 62 20000
14 17 62 20000
14 18 138 20000
14 19 95 20000
14 20 122 20000
14 21 52 20000
14 22 108 20000
14 23 79 20000
14 24 115 20000
14 25 65 20000
14 26 140 20000
14 27 87 20000
14 28 55 20000
14 29 60 20000
14 30 95 20000
14 31 89 20000
14 32 98 20000
14 33 100 20000
14 34 112 20000
14 35 113 20000
14 36 128 20000
14 37 94 20000
14 38 137 20000
14 39 61 20000
14 40 53 20000
14 41 77 20000
14 42 102 20000
14 43 125 20000
14 44 103 20000
14 45 118 20000
14 46 139 20000
14 47 115 20000
14 48 132 20000
14 49 113 20000
14 50 117 20000
14 51 121 20000
15 16 19 20000
15 17 67 20000
15 18 63 20000
15 19 110 20000
15 20 83 20000
15 21 148 20000
15 22 58 20000
15 23 108 20000
15 24 97 20000
15 25 108 20000
15 26 127 20000
15 27 152 20000
15 28 92 20000
15 29 48 20000
15 30 71 20000
15 31 91 20000
15 32 84 20000
15 33 109 20000
15 34 108 20000
15 35 99 20000
15 36 108 20000
15 37 119 20000
15 38 114 20000
15 39 94 20000
15 40 68 20000
15 41 55 20000
15 42 79 20000
15 43 92 20000
15 44 102 20000
15 45 97 20000
15 46 148 20000
15 47 101 20000
15 48 165 20000
15 49 114 20000
15 50 113 20000
15 51 135 20000
16 17 22 20000
16 18 54 20000
16 19 68 20000
16 20 95 20000
16 21 60 20000
16 22 134 20000
16 23 62 20000
16 24 112 20000
16 25 91 20000
16 26 145 20000
16 27 155 20000
16 28 146 20000
16 29 104 20000
16 30 35 20000
16 31 73 20000
16 32 91 20000
16 33 98 20000
16 34 101 20000
16 35 99 20000
16 36 96 20000
16 37 127 20000
16 38 107 20000
16 39 99 20000
16 40 93 20000
16 41 71 20000
16 42 42 20000
16 43 65 20000
16 44 110 20000
16 45 110 20000
16 46 113 20000
16 47 138 20000
16 48 103 20000
16 49 112 20000
16 50 102 20000
16 51 144 20000
17 18 35 20000
17 19 52 20000
17 20 62 20000
17 21 121 20000
17 22 90 20000
17 23 108 20000
17 24 45 20000
17 25 117 20000
17 26 131 20000
17 27 157 20000
17 28 170 20000
17 29 163 20000
17 30 112 20000
17 31 39 20000
17 32 73 20000
17 33 96 20000
17 34 93 20000
17 35 104 20000
17 36 90 20000
17 37 124 20000
17 38 108 20000
17 39 100 20000
17 40 121 20000
17 41 80 20000
17 42 85 20000
17 43 40 20000
17 44 66 20000
17 45 103 20000
17 46 122 20000
17 47 103 20000
17 48 127 20000
17 49 131 20000
17 50 148 20000
17 51 103 20000
18 19 27 20000
18 20 68 20000
18 21 79 20000
18 22 91 20000
18 23 75 20000
18 24 155 20000
18 25 53 20000
18 26 144 20000
18 27 142 20000
18 28 171 20000
18 29 159 20000
18 30 159 20000
18 31 100 20000
18 32 41 20000
18 33 62 20000
18 34 84 20000
18 35 120 20000
18 36 120 20000
18 37 86 20000
18 38 110 20000
18 39 125 20000
18 40 106 20000
18 41 111 20000
18 42 119 20000
18 43 83 20000
18 44 43 20000
18 45 83 20000
18 46 79 20000
18 47 125 20000
18 48 114 20000
18 49 111 20000
18 50 95 20000
18 51 136 20000
19 20 25 20000
19 21 73 20000
19 22 77 20000
19 23 119 20000
19 24 58 20000
19 25 121 20000
19 26 136 20000
19 27 136 20000
19 28 140 20000
19 29 150 20000
19 30 170 20000
19 31 170 20000
19 32 84 20000
19 33 51 20000
19 34 64 20000
19 35 64 20000
19 36 92 20000
19 37 127 20000
19 38 111 20000
19 39 110 20000
19 40 116 20000
19 41 132 20000
19 42 94 20000
19 43 89 20000
19 44 62 20000
19 45 46 20000
19 46 67 20000
19 47 98 20000
19 48 123 20000
19 49 114 20000
19 50 134 20000
19 51 99 20000
20 21 29 20000
20 22 68 20000
20 23 60 20000
20 24 124 20000
20 25 66 20000
20 26 115 20000
20 27 142 20000
20 28 127 20000
20 29 122 20000
20 30 159 20000
20 31 140 20000
20 32 154 20000
20 33 80 20000
20 34 47 20000
20 35 68 20000
20 36 77 20000
20 37 78 20000
20 38 94 20000
20 39 110 20000
20 40 135 20000
20 41 124 20000
20 42 116 20000
20 43 117 20000
20 44 93 20000
20 45 68 20000
20 46 43 20000
20 47 63 20000
20 48 97 20000
20 49 117 20000
20 50 106 20000
20 51 151 20000
21 22 24 20000
21 23 79 20000
21 24 76 20000
21 25 115 20000
21 26 136 20000
21 27 113 20000
21 28 120 20000
21 29 170 20000
21 30 159 20000
21 31 137 20000
21 32 182 20000
21 33 157 20000
21 34 99 20000
21 35 40 20000
21 36 54 20000
21 37 93 20000
21 38 71 20000
21 39 101 20000
21 40 119 20000
21 41 109 20000
21 42 149 20000
21 43 115 20000
21 44 107 20000
21 45 94 20000
21 46 64 20000
21 47 58 20000
21 48 64 20000
21 49 106 20000
21 50 124 20000
21 51 114 20000
22 23 23 20000
22 24 71 20000
22 25 67 20000
22 26 108 20000
22 27 118 20000
22 28 130 20000
22 29 98 20000
22 30 117 20000
22 31 139 20000
22 32 160 20000
22 33 189 20000
22 34 157 20000
22 35 83 20000
22 36 48 20000
22 37 64 20000
22 38 83 20000
22 39 113 20000
22 40 119 20000
22 41 118 20000
22 42 103 20000
22 43 145 20000
22 44 110 20000
22 45 108 20000
22 46 99 20000
22 47 70 20000
22 48 31 20000
22 49 80 20000
22 50 112 20000
22 51 118 20000
23 24 26 20000
23 25 63 20000
23 26 113 20000
23 27 106 20000
23 28 100 20000
23 29 97 20000
23 30 153 20000
23 31 89 20000
23 32 140 20000
23 33 178 20000
23 34 168 20000
23 35 153 20000
23 36 84 20000
23 37 41 20000
23 38 83 20000
23 39 93 20000
23 40 106 20000
23 41 112 20000
23 42 133 20000
23 43 111 20000
23 44 111 20000
23 45 102 20000
23 46 129 20000
23 47 108 20000
23 48 48 20000
23 49 49 20000
23 50 61 20000
23 51 84 20000
24 25 23 20000
24 26 90 20000
24 27 127 20000
24 28 125 20000
24 29 112 20000
24 30 120 20000
24 31 132 20000
24 32 139 20000
24 33 144 20000
24 34 172 20000
24 35 167 20000
24 36 158 20000
24 37 87 20000
24 38 31 20000
24 39 110 20000
24 40 105 20000
24 41 111 20000
24 42 113 20000
24 43 134 20000
24 44 111 20000
24 45 114 20000
24 46 120 20000
24 47 105 20000
24 48 113 20000
24 49 76 20000
24 50 50 20000
24 51 79 20000
25 26 133 20000
25 27 92 20000
25 28 126 20000
25 29 133 20000
25 30 85 20000
25 31 148 20000
25 32 105 20000
25 33 112 20000
25 34 150 20000
25 35 142 20000
25 36 184 20000
25 37 158 20000
25 38 95 20000
25 39 95 20000
25 40 131 20000
25 41 132 20000
25 42 120 20000
25 43 133 20000
25 44 132 20000
25 45 95 20000
25 46 147 20000
25 47 118 20000
25 48 107 20000
25 49 92 20000
25 50 76 20000
25 51 51 20000
26 27 36 20000
26 28 110 20000
26 29 110 20000
26 30 176 20000
26 31 91 20000
26 32 140 20000
26 33 61 20000
26 34 99 20000
26 35 77 20000
26 36 124 20000
26 37 37 20000
26 38 253 20000
26 39 103 20000
26 40 35 20000
26 41 60 20000
26 42 90 20000
26 43 72 20000
26 44 93 20000
26 45 103 20000
26 46 106 20000
26 47 99 20000
26 48 121 20000
26 49 85 20000
26 50 115 20000
26 51 128 20000
27 28 15 20000
27 29 68 20000
27 30 78 20000
27 31 150 20000
27 32 81 20000
27 33 142 20000
27 34 49 20000
27 35 100 20000
27 36 93 20000
27 37 130 20000
27 38 56 20000
27 39 135 20000
27 40 73 20000
27 41 42 20000
27 42 62 20000
27 43 94 20000
27 44 70 20000
27 45 112 20000
27 46 108 20000
27 47 117 20000
27 48 101 20000
27 49 95 20000
27 50 85 20000
27 51 120 20000
28 29 23 20000
28 30 72 20000
28 31 69 20000
28 32 104 20000
28 33 96 20000
28 34 148 20000
28 35 60 20000
28 36 119 20000
28 37 110 20000
28 38 101 20000
28 39 153 20000
28 40 144 20000
28 41 93 20000
28 42 44 20000
28 43 71 20000
28 44 76 20000
28 45 98 20000
28 46 117 20000
28 47 90 20000
28 48 100 20000
28 49 112 20000
28 50 107 20000
28 51 125 20000
29 30 20 20000
29 31 55 20000
29 32 87 20000
29 33 130 20000
29 34 57 20000
29 35 123 20000
29 36 67 20000
29 37 122 20000
29 38 87 20000
29 39 144 20000
29 40 196 20000
29 41 157 20000
29 42 113 20000
29 43 44 20000
29 44 78 20000
29 45 86 20000
29 46 77 20000
29 47 108 20000
29 48 108 20000
29 49 109 20000
29 50 122 20000
29 51 95 20000
30 31 27 20000
30 32 69 20000
30 33 53 20000
30 34 100 20000
30 35 91 20000
30 36 111 20000
30 37 55 20000
30 38 113 20000
30 39 107 20000
30 40 142 20000
30 41 176 20000
30 42 154 20000
30 43 105 20000
30 44 44 20000
30 45 61 20000
30 46 79 20000
30 47 99 20000
30 48 98 20000
30 49 92 20000
30 50 117 20000
30 51 110 20000
31 32 19 20000
31 33 76 20000
31 34 81 20000
31 35 92 20000
31 36 66 20000
31 37 163 20000
31 38 46 20000
31 39 132 20000
31 40 152 20000
31 41 157 20000
31 42 160 20000
31 43 160 20000
31 44 90 20000
31 45 32 20000
31 46 58 20000
31 47 93 20000
31 48 96 20000
31 49 99 20000
31 50 88 20000
31 51 95 20000
32 33 35 20000
32 34 57 20000
32 35 79 20000
32 36 124 20000
32 37 67 20000
32 38 151 20000
32 39 131 20000
32 40 134 20000
32 41 142 20000
32 42 167 20000
32 43 192 20000
32 44 151 20000
32 45 106 20000
32 46 49 20000
32 47 72 20000
32 48 71 20000
32 49 102 20000
32 50 110 20000
32 51 99 20000
33 34 25 20000
33 35 67 20000
33 36 78 20000
33 37 156 20000
33 38 75 20000
33 39 129 20000
33 40 147 20000
33 41 127 20000
33 42 156 20000
33 43 168 20000
33 44 199 20000
33 45 157 20000
33 46 92 20000
33 47 52 20000
33 48 70 20000
33 49 86 20000
33 50 88 20000
33 51 120 20000
34 35 16 20000
34 36 61 20000
34 37 73 20000
34 38 114 20000
34 39 112 20000
34 40 133 20000
34 41 114 20000
34 42 154 20000
34 43 158 20000
34 44 142 20000
34 45 163 20000
34 46 166 20000
34 47 105 20000
34 48 43 20000
34 49 70 20000
34 50 89 20000
34 51 87 20000
35 36 19 20000
35 37 69 20000
35 38 77 20000
35 39 129 20000
35 40 119 20000
35 41 135 20000
35 42 136 20000
35 43 150 20000
35 44 145 20000
35 45 167 20000
35 46 172 20000
35 47 161 20000
35 48 113 20000
35 49 46 20000
35 50 86 20000
35 51 108 20000
36 37 28 20000
36 38 58 20000
36 39 131 20000
36 40 128 20000
36 41 116 20000
36 42 112 20000
36 43 128 20000
36 44 104 20000
36 45 130 20000
36 46 146 20000
36 47 166 20000
36 48 160 20000
36 49 100 20000
36 50 36 20000
36 51 62 20000
37 38 30 20000
37 39 103 20000
37 40 115 20000
37 41 154 20000
37 42 111 20000
37 43 140 20000
37 44 133 20000
37 45 142 20000
37 46 139 20000
37 47 171 20000
37 48 199 20000
37 49 148 20000
37 50 96 20000
37 51 38 20000
38 39 106 20000
38 40 103 20000
38 41 107 20000
38 42 134 20000
38 43 101 20000
38 44 157 20000
38 45 123 20000
38 46 120 20000
38 47 155 20000
38 48 153 20000
38 49 162 20000
38 50 176 20000
38 51 91 20000
39 40 31 20000
39 41 88 20000
39 42 114 20000
39 43 160 20000
39 44 98 20000
39 45 136 20000
39 46 47 20000
39 47 101 20000
39 48 90 20000
39 49 98 20000
39 50 38 20000
39 51 207 20000
40 41 24 20000
40 42 68 20000
40 43 99 20000
40 44 154 20000
40 45 96 20000
40 46 137 20000
40 47 72 20000
40 48 126 20000
40 49 92 20000
40 50 116 20000
40 51 53 20000
41 42 24 20000
41 43 56 20000
41 44 57 20000
41 45 107 20000
41 46 96 20000
41 47 147 20000
41 48 63 20000
41 49 124 20000
41 50 74 20000
41 51 100 20000
42 43 18 20000
42 44 47 20000
42 45 71 20000
42 46 118 20000
42 47 70 20000
42 48 136 20000
42 49 70 20000
42 50 117 20000
42 51 64 20000
43 44 20 20000
43 45 59 20000
43 46 75 20000
43 47 114 20000
43 48 79 20000
43 49 119 20000
43 50 57 20000
43 51 123 20000
44 45 25 20000
44 46 54 20000
44 47 73 20000
44 48 91 20000
44 49 100 20000
44 50 155 20000
44 51 34 20000
45 46 38 20000
45 47 76 20000
45 48 84 20000
45 49 113 20000
45 50 68 20000
45 51 141 20000
46 47 26 20000
46 48 64 20000
46 49 63 20000
46 50 128 20000
46 51 73 20000
47 48 19 20000
47 49 70 20000
47 50 70 20000
47 51 117 20000
48 49 19 20000
48 50 59 20000
48 51 70 20000
49 50 33 20000
49 51 74 20000
50 51 22 20000
