0 1 48 20000
0 2 109 20000
0 3 132 20000
0 4 149 20000
0 5 411 20000
0 6 154 20000
0 7 217 20000
0 8 140 20000
0 9 100 20000
0 10 751 20000
0 11 260 20000
0 12 47 20000
0 13 121 20000
0 14 28 20000
0 15 62 20000
0 16 71 20000
0 17 71 20000
0 18 68 20000
0 19 48 20000
0 20 63 20000
0 21 69 20000
0 22 78 20000
0 23 78 20000
0 24 43 20000
0 25 52 20000
0 26 65 20000
0 27 77 20000
0 28 77 20000
0 29 96 20000
0 30 111 20000
0 31 41 20000
0 32 53 20000
0 33 79 20000
0 34 115 20000
0 35 99 20000
0 36 43 20000
0 37 75 20000
0 38 101 20000
0 39 117 20000
0 40 131 20000
0 41 136 20000
0 42 131 20000
0 43 135 20000
0 44 64 20000
0 45 130 20000
0 46 152 20000
0 47 122 20000
0 48 139 20000
0 49 74 20000
0 50 151 20000
0 51 180 20000
1 2 19 20000
1 3 64 20000
1 4 72 20000
1 5 283 20000
1 6 311 20000
1 7 110 20000
1 8 215 20000
1 9 136 20000
1 10 109 20000
1 11 527 20000
1 12 799 20000
1 13 149 20000
1 14 97 20000
1 15 39 20000
1 16 84 20000
1 17 78 20000
1 18 114 20000
1 19 90 20000
1 20 80 20000
1 21 74 20000
1 22 75 20000
1 23 109 20000
1 24 105 20000
1 25 47 20000
1 26 83 20000
1 27 52 20000
1 28 67 20000
1 29 102 20000
1 30 123 20000
1 31 67 20000
1 32 49 20000
1 33 83 20000
1 34 86 20000
1 35 96 20000
1 36 55 20000
1 37 46 20000
1 38 61 20000
1 39 31 20000
1 40 116 20000
1 41 164 20000
1 42 144 20000
1 43 122 20000
1 44 51 20000
1 45 89 20000
1 46 137 20000
1 47 129 20000
1 48 160 20000
1 49 49 20000
1 50 87 20000
1 51 147 20000
2 3 26 20000
2 4 45 20000
2 5 201 20000
2 6 256 20000
2 7 227 20000
2 8 90 20000
2 9 158 20000
2 10 162 20000
2 11 60 20000
2 12 689 20000
2 13 133 20000
2 14 149 20000
2 15 104 20000
2 16 36 20000
2 17 72 20000
2 18 154 20000
2 19 128 20000
2 20 93 20000
2 21 78 20000
2 22 79 20000
2 23 114 20000
2 24 152 20000
2 25 117 20000
2 26 77 20000
2 27 84 20000
2 28 40 20000
2 29 73 20000
2 30 84 20000
2 31 85 20000
2 32 75 20000
2 33 52 20000
2 34 80 20000
2 35 93 20000
2 36 61 20000
2 37 91 20000
2 38 51 20000
2 39 63 20000
2 40 34 20000
2 41 87 20000
2 42 142 20000
2 43 160 20000
2 44 49 20000
2 45 59 20000
2 46 92 20000
2 47 145 20000
2 48 110 20000
2 49 67 20000
2 50 56 20000
2 51 78 20000
3 4 29 20000
3 5 46 20000
3 6 184 20000
3 7 220 20000
3 8 282 20000
3 9 99 20000
3 10 189 20000
3 11 106 20000
3 12 50 20000
3 13 123 20000
3 14 139 20000
3 15 178 20000
3 16 101 20000
3 17 47 20000
3 18 141 20000
3 19 125 20000
3 20 123 20000
3 21 97 20000
3 22 94 20000
3 23 133 20000
3 24 133 20000
3 25 146 20000
3 26 107 20000
3 27 100 20000
3 28 72 20000
3 29 65 20000
3 30 73 20000
3 31 99 20000
3 32 87 20000
3 33 90 20000
3 34 53 20000
3 35 107 20000
3 36 121 20000
3 37 93 20000
3 38 106 20000
3 39 90 20000
3 40 69 20000
3 41 45 20000
3 42 100 20000
3 43 148 20000
3 44 73 20000
3 45 61 20000
3 46 70 20000
3 47 109 20000
3 48 141 20000
3 49 77 20000
3 50 71 20000
3 51 68 20000
4 5 89 20000
4 6 44 20000
4 7 196 20000
4 8 214 20000
4 9 250 20000
4 10 169 20000
4 11 144 20000
4 12 140 20000
4 13 139 20000
4 14 127 20000
4 15 140 20000
4 16 163 20000
4 17 107 20000
4 18 157 20000
4 19 138 20000
4 20 122 20000
4 21 146 20000
4 22 96 20000
4 23 130 20000
4 24 128 20000
4 25 156 20000
4 26 91 20000
4 27 117 20000
4 28 103 20000
4 29 77 20000
4 30 53 20000
4 31 99 20000
4 32 115 20000
4 33 95 20000
4 34 99 20000
4 35 76 20000
4 36 94 20000
4 37 100 20000
4 38 97 20000
4 39 84 20000
4 40 83 20000
4 41 88 20000
4 42 46 20000
4 43 89 20000
4 44 91 20000
4 45 72 20000
4 46 60 20000
4 47 79 20000
4 48 118 20000
4 49 81 20000
4 50 73 20000
4 51 88 20000
5 6 45 20000
5 7 93 20000
5 8 108 20000
5 9 159 20000
5 10 414 20000
5 11 146 20000
5 12 332 20000
5 13 67 20000
5 14 41 20000
5 15 79 20000
5 16 81 20000
5 17 79 20000
5 18 104 20000
5 19 50 20000
5 20 59 20000
5 21 83 20000
5 22 89 20000
5 23 56 20000
5 24 45 20000
5 25 61 20000
5 26 24 20000
5 27 45 20000
5 28 84 20000
5 29 101 20000
5 30 115 20000
5 31 54 20000
5 32 59 20000
5 33 85 20000
5 34 111 20000
5 35 98 20000
5 36 32 20000
5 37 57 20000
5 38 64 20000
5 39 64 20000
5 40 122 20000
5 41 130 20000
5 42 142 20000
5 43 152 20000
5 44 118 20000
5 45 143 20000
5 46 138 20000
5 47 117 20000
5 48 118 20000
5 49 59 20000
5 50 112 20000
5 51 116 20000
6 7 28 20000
6 8 65 20000
6 9 78 20000
6 10 332 20000
6 11 319 20000
6 12 161 20000
6 13 112 20000
6 14 93 20000
6 15 63 20000
6 16 65 20000
6 17 81 20000
6 18 175 20000
6 19 95 20000
6 20 34 20000
6 21 65 20000
6 22 82 20000
6 23 125 20000
6 24 84 20000
6 25 60 20000
6 26 66 20000
6 27 58 20000
6 28 83 20000
6 29 69 20000
6 30 104 20000
6 31 70 20000
6 32 56 20000
6 33 70 20000
6 34 89 20000
6 35 121 20000
6 36 55 20000
6 37 61 20000
6 38 88 20000
6 39 46 20000
6 40 72 20000
6 41 151 20000
6 42 139 20000
6 43 148 20000
6 44 41 20000
6 45 109 20000
6 46 191 20000
6 47 176 20000
6 48 133 20000
6 49 51 20000
6 50 94 20000
6 51 131 20000
7 8 20 20000
7 9 58 20000
7 10 192 20000
7 11 253 20000
7 12 362 20000
7 13 132 20000
7 14 141 20000
7 15 93 20000
7 16 70 20000
7 17 64 20000
7 18 132 20000
7 19 158 20000
7 20 97 20000
7 21 47 20000
7 22 81 20000
7 23 152 20000
7 24 124 20000
7 25 77 20000
7 26 82 20000
7 27 78 20000
7 28 67 20000
7 29 85 20000
7 30 79 20000
7 31 64 20000
7 32 74 20000
7 33 64 20000
7 34 73 20000
7 35 102 20000
7 36 85 20000
7 37 53 20000
7 38 65 20000
7 39 55 20000
7 40 69 20000
7 41 87 20000
7 42 112 20000
7 43 129 20000
7 44 69 20000
7 45 48 20000
7 46 99 20000
7 47 157 20000
7 48 177 20000
7 49 61 20000
7 50 63 20000
7 51 98 20000
8 9 24 20000
8 10 44 20000
8 11 216 20000
8 12 427 20000
8 13 124 20000
8 14 124 20000
8 15 140 20000
8 16 118 20000
8 17 82 20000
8 18 121 20000
8 19 168 20000
8 20 146 20000
8 21 119 20000
8 22 41 20000
8 23 138 20000
8 24 157 20000
8 25 128 20000
8 26 101 20000
8 27 77 20000
8 28 94 20000
8 29 53 20000
8 30 68 20000
8 31 114 20000
8 32 96 20000
8 33 71 20000
8 34 54 20000
8 35 52 20000
8 36 99 20000
8 37 76 20000
8 38 97 20000
8 39 62 20000
8 40 82 20000
8 41 77 20000
8 42 97 20000
8 43 132 20000
8 44 79 20000
8 45 66 20000
8 46 50 20000
8 47 126 20000
8 48 155 20000
8 49 65 20000
8 50 67 20000
8 51 96 20000
9 10 83 20000
9 11 62 20000
9 12 488 20000
9 13 128 20000
9 14 122 20000
9 15 130 20000
9 16 172 20000
9 17 102 20000
9 18 126 20000
9 19 121 20000
9 20 169 20000
9 21 158 20000
9 22 98 20000
9 23 158 20000
9 24 154 20000
9 25 140 20000
9 26 87 20000
9 27 100 20000
9 28 96 20000
9 29 71 20000
9 30 61 20000
9 31 92 20000
9 32 121 20000
9 33 106 20000
9 34 80 20000
9 35 61 20000
9 36 117 20000
9 37 101 20000
9 38 104 20000
9 39 94 20000
9 40 89 20000
9 41 70 20000
9 42 71 20000
9 43 98 20000
9 44 82 20000
9 45 87 20000
9 46 76 20000
9 47 47 20000
9 48 112 20000
9 49 88 20000
9 50 70 20000
9 51 78 20000
10 11 40 20000
10 12 120 20000
10 13 71 20000
10 14 39 20000
10 15 59 20000
10 16 64 20000
10 17 68 20000
10 18 68 20000
10 19 49 20000
10 20 69 20000
10 21 65 20000
10 22 83 20000
10 23 130 20000
10 24 43 20000
10 25 53 20000
10 26 37 20000
10 27 59 20000
10 28 97 20000
10 29 113 20000
10 30 102 20000
10 31 43 20000
10 32 79 20000
10 33 81 20000
10 34 113 20000
10 35 123 20000
10 36 64 20000
10 37 66 20000
10 38 89 20000
10 39 91 20000
10 40 120 20000
10 41 127 20000
10 42 148 20000
10 43 157 20000
10 44 63 20000
10 45 128 20000
10 46 168 20000
10 47 166 20000
10 48 178 20000
10 49 112 20000
10 50 149 20000
10 51 114 20000
11 12 22 20000
11 13 151 20000
11 14 80 20000
11 15 57 20000
11 16 67 20000
11 17 86 20000
11 18 96 20000
11 19 107 20000
11 20 65 20000
11 21 70 20000
11 22 74 20000
11 23 148 20000
11 24 98 20000
11 25 49 20000
11 26 81 20000
11 27 57 20000
11 28 74 20000
11 29 83 20000
11 30 112 20000
11 31 57 20000
11 32 60 20000
11 33 73 20000
11 34 98 20000
11 35 104 20000
11 36 66 20000
11 37 52 20000
11 38 71 20000
11 39 49 20000
11 40 95 20000
11 41 143 20000
11 42 117 20000
11 43 131 20000
11 44 54 20000
11 45 82 20000
11 46 117 20000
11 47 157 20000
11 48 154 20000
11 49 30 20000
11 50 108 20000
11 51 172 20000
12 13 181 20000
12 14 172 20000
12 15 84 20000
12 16 72 20000
12 17 100 20000
12 18 144 20000
12 19 152 20000
12 20 105 20000
12 21 82 20000
12 22 67 20000
12 23 156 20000
12 24 212 20000
12 25 122 20000
12 26 108 20000
12 27 116 20000
12 28 61 20000
12 29 78 20000
12 30 103 20000
12 31 86 20000
12 32 78 20000
12 33 61 20000
12 34 88 20000
12 35 92 20000
12 36 107 20000
12 37 84 20000
12 38 40 20000
12 39 51 20000
12 40 59 20000
12 41 120 20000
12 42 185 20000
12 43 177 20000
12 44 67 20000
12 45 78 20000
12 46 93 20000
12 47 194 20000
12 48 152 20000
12 49 81 20000
12 50 37 20000
12 51 116 20000
13 14 30 20000
13 15 90 20000
13 16 122 20000
13 17 164 20000
13 18 449 20000
13 19 170 20000
13 20 227 20000
13 21 141 20000
13 22 101 20000
13 23 680 20000
13 24 319 20000
13 25 57 20000
13 26 97 20000
13 27 30 20000
13 28 80 20000
13 29 75 20000
13 30 68 20000
13 31 65 20000
13 32 51 20000
13 33 79 20000
13 34 77 20000
13 35 80 20000
13 36 70 20000
13 37 47 20000
13 38 64 20000
13 39 51 20000
13 40 56 20000
13 41 83 20000
13 42 96 20000
13 43 117 20000
13 44 39 20000
13 45 60 20000
13 46 82 20000
13 47 116 20000
13 48 87 20000
13 49 50 20000
13 50 81 20000
13 51 96 20000
14 15 26 20000
14 16 55 20000
14 17 79 20000
14 18 307 20000
14 19 249 20000
14 20 112 20000
14 21 180 20000
14 22 118 20000
14 23 92 20000
14 24 600 20000
14 25 319 20000
14 26 154 20000
14 27 96 20000
14 28 35 20000
14 29 81 20000
14 30 100 20000
14 31 111 20000
14 32 86 20000
14 33 75 20000
14 34 77 20000
14 35 73 20000
14 36 106 20000
14 37 94 20000
14 38 52 20000
14 39 71 20000
14 40 41 20000
14 41 78 20000
14 42 98 20000
14 43 99 20000
14 44 60 20000
14 45 46 20000
14 46 74 20000
14 47 83 20000
14 48 111 20000
14 49 61 20000
14 50 50 20000
14 51 65 20000
15 16 27 20000
15 17 74 20000
15 18 187 20000
15 19 293 20000
15 20 254 20000
15 21 105 20000
15 22 161 20000
15 23 179 20000
15 24 52 20000
15 25 500 20000
15 26 119 20000
15 27 166 20000
15 28 94 20000
15 29 49 20000
15 30 80 20000
15 31 149 20000
15 32 119 20000
15 33 86 20000
15 34 75 20000
15 35 86 20000
15 36 120 20000
15 37 138 20000
15 38 120 20000
15 39 94 20000
15 40 77 20000
15 41 58 20000
15 42 79 20000
15 43 83 20000
15 44 79 20000
15 45 79 20000
15 46 42 20000
15 47 91 20000
15 48 92 20000
15 49 75 20000
15 50 85 20000
15 51 58 20000
16 17 31 20000
16 18 46 20000
16 19 204 20000
16 20 199 20000
16 21 245 20000
16 22 102 20000
16 23 129 20000
16 24 126 20000
16 25 45 20000
16 26 103 20000
16 27 157 20000
16 28 174 20000
16 29 112 20000
16 30 41 20000
16 31 131 20000
16 32 133 20000
16 33 154 20000
16 34 100 20000
16 35 103 20000
16 36 127 20000
16 37 116 20000
16 38 139 20000
16 39 103 20000
16 40 103 20000
16 41 70 20000
16 42 64 20000
16 43 72 20000
16 44 109 20000
16 45 93 20000
16 46 99 20000
16 47 54 20000
16 48 89 20000
16 49 101 20000
16 50 109 20000
16 51 89 20000
17 18 96 20000
17 19 39 20000
17 20 203 20000
17 21 194 20000
17 22 271 20000
17 23 144 20000
17 24 125 20000
17 25 105 20000
17 26 127 20000
17 27 150 20000
17 28 174 20000
17 29 182 20000
17 30 117 20000
17 31 150 20000
17 32 150 20000
17 33 157 20000
17 34 149 20000
17 35 96 20000
17 36 154 20000
17 37 127 20000
17 38 148 20000
17 39 94 20000
17 40 104 20000
17 41 93 20000
17 42 61 20000
17 43 52 20000
17 44 133 20000
17 45 101 20000
17 46 89 20000
17 47 101 20000
17 48 51 20000
17 49 87 20000
17 50 104 20000
17 51 88 20000
18 19 37 20000
18 20 102 20000
18 21 88 20000
18 22 153 20000
18 23 406 20000
18 24 165 20000
18 25 233 20000
18 26 83 20000
18 27 48 20000
18 28 50 20000
18 29 71 20000
18 30 89 20000
18 31 113 20000
18 32 43 20000
18 33 68 20000
18 34 78 20000
18 35 74 20000
18 36 60 20000
18 37 54 20000
18 38 71 20000
18 39 56 20000
18 40 60 20000
18 41 78 20000
18 42 109 20000
18 43 105 20000
18 44 50 20000
18 45 63 20000
18 46 96 20000
18 47 108 20000
18 48 101 20000
18 49 32 20000
18 50 57 20000
18 51 96 20000
19 20 21 20000
19 21 58 20000
19 22 65 20000
19 23 287 20000
19 24 272 20000
19 25 109 20000
19 26 108 20000
19 27 85 20000
19 28 60 20000
19 29 64 20000
19 30 83 20000
19 31 144 20000
19 32 96 20000
19 33 46 20000
19 34 77 20000
19 35 96 20000
19 36 125 20000
19 37 96 20000
19 38 66 20000
19 39 60 20000
19 40 68 20000
19 41 70 20000
19 42 84 20000
19 43 115 20000
19 44 83 20000
19 45 48 20000
19 46 69 20000
19 47 113 20000
19 48 135 20000
19 49 57 20000
19 50 56 20000
19 51 74 20000
20 21 31 20000
20 22 64 20000
20 23 171 20000
20 24 258 20000
20 25 265 20000
20 26 113 20000
20 27 130 20000
20 28 112 20000
20 29 62 20000
20 30 79 20000
20 31 136 20000
20 32 180 20000
20 33 128 20000
20 34 46 20000
20 35 72 20000
20 36 160 20000
20 37 140 20000
20 38 100 20000
20 39 67 20000
20 40 75 20000
20 41 62 20000
20 42 71 20000
20 43 87 20000
20 44 93 20000
20 45 81 20000
20 46 45 20000
20 47 81 20000
20 48 115 20000
20 49 90 20000
20 50 75 20000
20 51 55 20000
21 22 19 20000
21 23 49 20000
21 24 198 20000
21 25 229 20000
21 26 145 20000
21 27 127 20000
21 28 175 20000
21 29 83 20000
21 30 65 20000
21 31 131 20000
21 32 190 20000
21 33 151 20000
21 34 111 20000
21 35 41 20000
21 36 167 20000
21 37 140 20000
21 38 140 20000
21 39 98 20000
21 40 91 20000
21 41 100 20000
21 42 59 20000
21 43 80 20000
21 44 105 20000
21 45 97 20000
21 46 77 20000
21 47 71 20000
21 48 68 20000
21 49 119 20000
21 50 104 20000
21 51 67 20000
22 23 87 20000
22 24 35 20000
22 25 201 20000
22 26 151 20000
22 27 131 20000
22 28 114 20000
22 29 154 20000
22 30 86 20000
22 31 131 20000
22 32 146 20000
22 33 167 20000
22 34 175 20000
22 35 103 20000
22 36 149 20000
22 37 139 20000
22 38 114 20000
22 39 92 20000
22 40 109 20000
22 41 102 20000
22 42 86 20000
22 43 67 20000
22 44 104 20000
22 45 103 20000
22 46 79 20000
22 47 86 20000
22 48 49 20000
22 49 117 20000
22 50 111 20000
22 51 94 20000
23 24 29 20000
23 25 81 20000
23 26 79 20000
23 27 57 20000
23 28 77 20000
23 29 77 20000
23 30 77 20000
23 31 60 20000
23 32 49 20000
23 33 67 20000
23 34 68 20000
23 35 96 20000
23 36 121 20000
23 37 39 20000
23 38 71 20000
23 39 42 20000
23 40 63 20000
23 41 67 20000
23 42 104 20000
23 43 78 20000
23 44 29 20000
23 45 66 20000
23 46 80 20000
23 47 112 20000
23 48 104 20000
23 49 68 20000
23 50 72 20000
23 51 86 20000
24 25 21 20000
24 26 139 20000
24 27 94 20000
24 28 69 20000
24 29 83 20000
24 30 82 20000
24 31 126 20000
24 32 99 20000
24 33 68 20000
24 34 82 20000
24 35 88 20000
24 36 145 20000
24 37 83 20000
24 38 38 20000
24 39 64 20000
24 40 56 20000
24 41 75 20000
24 42 86 20000
24 43 91 20000
24 44 70 20000
24 45 48 20000
24 46 73 20000
24 47 79 20000
24 48 123 20000
24 49 77 20000
24 50 49 20000
24 51 70 20000
25 26 156 20000
25 27 151 20000
25 28 91 20000
25 29 68 20000
25 30 68 20000
25 31 140 20000
25 32 149 20000
25 33 111 20000
25 34 75 20000
25 35 67 20000
25 36 137 20000
25 37 166 20000
25 38 92 20000
25 39 96 20000
25 40 75 20000
25 41 66 20000
25 42 100 20000
25 43 83 20000
25 44 98 20000
25 45 68 20000
25 46 59 20000
25 47 95 20000
25 48 94 20000
25 49 95 20000
25 50 75 20000
25 51 43 20000
26 27 33 20000
26 28 85 20000
26 29 113 20000
26 30 159 20000
26 31 472 20000
26 32 160 20000
26 33 219 20000
26 34 137 20000
26 35 97 20000
26 36 732 20000
26 37 314 20000
26 38 42 20000
26 39 123 20000
26 40 40 20000
26 41 54 20000
26 42 64 20000
26 43 77 20000
26 44 63 20000
26 45 57 20000
26 46 57 20000
26 47 76 20000
26 48 86 20000
26 49 77 20000
26 50 51 20000
26 51 54 20000
27 28 23 20000
27 29 58 20000
27 30 102 20000
27 31 294 20000
27 32 304 20000
27 33 133 20000
27 34 205 20000
27 35 141 20000
27 36 86 20000
27 37 565 20000
27 38 322 20000
27 39 145 20000
27 40 102 20000
27 41 30 20000
27 42 70 20000
27 43 97 20000
27 44 158 20000
27 45 81 20000
27 46 66 20000
27 47 65 20000
27 48 85 20000
27 49 123 20000
27 50 115 20000
27 51 42 20000
28 29 20 20000
28 30 61 20000
28 31 192 20000
28 32 305 20000
28 33 257 20000
28 34 101 20000
28 35 169 20000
28 36 195 20000
28 37 67 20000
28 38 541 20000
28 39 138 20000
28 40 172 20000
28 41 104 20000
28 42 43 20000
28 43 94 20000
28 44 178 20000
28 45 120 20000
28 46 108 20000
28 47 64 20000
28 48 78 20000
28 49 125 20000
28 50 142 20000
28 51 123 20000
29 30 31 20000
29 31 49 20000
29 32 198 20000
29 33 241 20000
29 34 263 20000
29 35 82 20000
29 36 166 20000
29 37 147 20000
29 38 36 20000
29 39 110 20000
29 40 157 20000
29 41 165 20000
29 42 125 20000
29 43 31 20000
29 44 141 20000
29 45 124 20000
29 46 142 20000
29 47 104 20000
29 48 79 20000
29 49 131 20000
29 50 144 20000
29 51 166 20000
30 31 84 20000
30 32 39 20000
30 33 178 20000
30 34 210 20000
30 35 258 20000
30 36 154 20000
30 37 126 20000
30 38 102 20000
30 39 118 20000
30 40 139 20000
30 41 157 20000
30 42 167 20000
30 43 111 20000
30 44 166 20000
30 45 142 20000
30 46 134 20000
30 47 161 20000
30 48 98 20000
30 49 137 20000
30 50 129 20000
30 51 149 20000
31 32 36 20000
31 33 85 20000
31 34 122 20000
31 35 173 20000
31 36 410 20000
31 37 164 20000
31 38 207 20000
31 39 77 20000
31 40 55 20000
31 41 59 20000
31 42 81 20000
31 43 80 20000
31 44 123 20000
31 45 48 20000
31 46 69 20000
31 47 63 20000
31 48 60 20000
31 49 65 20000
31 50 41 20000
31 51 74 20000
32 33 17 20000
32 34 65 20000
32 35 70 20000
32 36 297 20000
32 37 295 20000
32 38 122 20000
32 39 117 20000
32 40 97 20000
32 41 63 20000
32 42 67 20000
32 43 68 20000
32 44 161 20000
32 45 102 20000
32 46 55 20000
32 47 76 20000
32 48 95 20000
32 49 119 20000
32 50 96 20000
32 51 75 20000
33 34 33 20000
33 35 65 20000
33 36 187 20000
33 37 294 20000
33 38 236 20000
33 39 136 20000
33 40 135 20000
33 41 91 20000
33 42 86 20000
33 43 65 20000
33 44 143 20000
33 45 168 20000
33 46 112 20000
33 47 46 20000
33 48 88 20000
33 49 150 20000
33 50 136 20000
33 51 90 20000
34 35 20 20000
34 36 40 20000
34 37 183 20000
34 38 237 20000
34 39 154 20000
34 40 135 20000
34 41 154 20000
34 42 92 20000
34 43 69 20000
34 44 138 20000
34 45 163 20000
34 46 148 20000
34 47 97 20000
34 48 41 20000
34 49 157 20000
34 50 165 20000
34 51 153 20000
35 36 87 20000
35 37 48 20000
35 38 210 20000
35 39 138 20000
35 40 149 20000
35 41 139 20000
35 42 160 20000
35 43 112 20000
35 44 131 20000
35 45 144 20000
35 46 146 20000
35 47 157 20000
35 48 116 20000
35 49 160 20000
35 50 140 20000
35 51 145 20000
36 37 35 20000
36 38 87 20000
36 39 77 20000
36 40 43 20000
36 41 66 20000
36 42 87 20000
36 43 76 20000
36 44 74 20000
36 45 70 20000
36 46 58 20000
36 47 60 20000
36 48 71 20000
36 49 109 20000
36 50 48 20000
36 51 81 20000
37 38 19 20000
37 39 142 20000
37 40 82 20000
37 41 48 20000
37 42 84 20000
37 43 72 20000
37 44 118 20000
37 45 96 20000
37 46 66 20000
37 47 62 20000
37 48 80 20000
37 49 158 20000
37 50 97 20000
37 51 38 20000
38 39 195 20000
38 40 129 20000
38 41 88 20000
38 42 73 20000
38 43 82 20000
38 44 138 20000
38 45 135 20000
38 46 110 20000
38 47 71 20000
38 48 61 20000
38 49 170 20000
38 50 175 20000
38 51 97 20000
39 40 25 20000
39 41 94 20000
39 42 112 20000
39 43 170 20000
39 44 457 20000
39 45 180 20000
39 46 213 20000
39 47 159 20000
39 48 120 20000
39 49 713 20000
39 50 328 20000
39 51 35 20000
40 41 33 20000
40 42 60 20000
40 43 98 20000
40 44 344 20000
40 45 322 20000
40 46 124 20000
40 47 197 20000
40 48 161 20000
40 49 105 20000
40 50 607 20000
40 51 353 20000
41 42 27 20000
41 43 56 20000
41 44 216 20000
41 45 269 20000
41 46 274 20000
41 47 98 20000
41 48 142 20000
41 49 150 20000
41 50 64 20000
41 51 531 20000
42 43 19 20000
42 44 36 20000
42 45 205 20000
42 46 232 20000
42 47 273 20000
42 48 94 20000
42 49 168 20000
42 50 132 20000
42 51 46 20000
43 44 86 20000
43 45 59 20000
43 46 187 20000
43 47 212 20000
43 48 293 20000
43 49 152 20000
43 50 128 20000
43 51 93 20000
44 45 42 20000
44 46 100 20000
44 47 98 20000
44 48 166 20000
44 49 466 20000
44 50 191 20000
44 51 218 20000
45 46 19 20000
45 47 49 20000
45 48 89 20000
45 49 335 20000
45 50 334 20000
45 51 127 20000
46 47 13 20000
46 48 63 20000
46 49 189 20000
46 50 284 20000
46 51 284 20000
47 48 25 20000
47 49 45 20000
47 50 192 20000
47 51 235 20000
48 49 83 20000
48 50 62 20000
48 51 205 20000
49 50 32 20000
49 51 87 20000
50 51 23 20000
