0 1 38 20000
0 2 101 20000
0 3 111 20000
0 4 181 20000
0 5 413 20000
0 6 191 20000
0 7 212 20000
0 8 143 20000
0 9 119 20000
0 10 734 20000
0 11 218 20000
0 12 41 20000
0 13 108 20000
0 14 38 20000
0 15 55 20000
0 16 70 20000
0 17 58 20000
0 18 68 20000
0 19 40 20000
0 20 58 20000
0 21 74 20000
0 22 75 20000
0 23 74 20000
0 24 45 20000
0 25 62 20000
0 26 64 20000
0 27 63 20000
0 28 88 20000
0 29 97 20000
0 30 111 20000
0 31 42 20000
0 32 52 20000
0 33 92 20000
0 34 89 20000
0 35 119 20000
0 36 34 20000
0 37 80 20000
0 38 89 20000
0 39 113 20000
0 40 150 20000
0 41 151 20000
0 42 126 20000
0 43 130 20000
0 44 68 20000
0 45 114 20000
0 46 140 20000
0 47 121 20000
0 48 121 20000
0 49 81 20000
0 50 162 20000
0 51 159 20000
1 2 17 20000
1 3 70 20000
1 4 75 20000
1 5 301 20000
1 6 275 20000
1 7 111 20000
1 8 209 20000
1 9 144 20000
1 10 90 20000
1 11 570 20000
1 12 779 20000
1 13 132 20000
1 14 83 20000
1 15 27 20000
1 16 69 20000
1 17 85 20000
1 18 118 20000
1 19 64 20000
1 20 71 20000
1 21 78 20000
1 22 82 20000
1 23 110 20000
1 24 101 20000
1 25 50 20000
1 26 66 20000
1 27 43 20000
1 28 75 20000
1 29 84 20000
1 30 111 20000
1 31 62 20000
1 32 47 20000
1 33 74 20000
1 34 75 20000
1 35 102 20000
1 36 69 20000
1 37 63 20000
1 38 49 20000
1 39 38 20000
1 40 114 20000
1 41 159 20000
1 42 162 20000
1 43 144 20000
1 44 59 20000
1 45 81 20000
1 46 136 20000
1 47 133 20000
1 48 137 20000
1 49 43 20000
1 50 80 20000
1 51 147 20000
2 3 22 20000
2 4 52 20000
2 5 198 20000
2 6 262 20000
2 7 280 20000
2 8 75 20000
2 9 152 20000
2 10 159 20000
2 11 58 20000
2 12 686 20000
2 13 142 20000
2 14 176 20000
2 15 100 20000
2 16 39 20000
2 17 66 20000
2 18 143 20000
2 19 122 20000
2 20 81 20000
2 21 82 20000
2 22 70 20000
2 23 126 20000
2 24 163 20000
2 25 98 20000
2 26 88 20000
2 27 71 20000
2 28 54 20000
2 29 87 20000
2 30 114 20000
2 31 98 20000
2 32 74 20000
2 33 56 20000
2 34 84 20000
2 35 105 20000
2 36 84 20000
2 37 84 20000
2 38 53 20000
2 39 76 20000
2 40 30 20000
2 41 111 20000
2 42 158 20000
2 43 168 20000
2 44 61 20000
2 45 62 20000
2 46 105 20000
2 47 149 20000
2 48 124 20000
2 49 68 20000
2 50 59 20000
2 51 76 20000
3 4 20 20000
3 5 43 20000
3 6 180 20000
3 7 202 20000
3 8 257 20000
3 9 90 20000
3 10 187 20000
3 11 117 20000
3 12 57 20000
3 13 117 20000
3 14 154 20000
3 15 148 20000
3 16 102 20000
3 17 42 20000
3 18 139 20000
3 19 138 20000
3 20 143 20000
3 21 96 20000
3 22 70 20000
3 23 112 20000
3 24 149 20000
3 25 143 20000
3 26 83 20000
3 27 107 20000
3 28 75 20000
3 29 50 20000
3 30 67 20000
3 31 97 20000
3 32 75 20000
3 33 92 20000
3 34 54 20000
3 35 104 20000
3 36 99 20000
3 37 90 20000
3 38 77 20000
3 39 80 20000
3 40 72 20000
3 41 43 20000
3 42 110 20000
3 43 166 20000
3 44 74 20000
3 45 70 20000
3 46 78 20000
3 47 114 20000
3 48 169 20000
3 49 72 20000
3 50 64 20000
3 51 65 20000
4 5 97 20000
4 6 47 20000
4 7 222 20000
4 8 190 20000
4 9 291 20000
4 10 151 20000
4 11 140 20000
4 12 123 20000
4 13 142 20000
4 14 135 20000
4 15 156 20000
4 16 155 20000
4 17 93 20000
4 18 161 20000
4 19 170 20000
4 20 138 20000
4 21 139 20000
4 22 96 20000
4 23 133 20000
4 24 137 20000
4 25 132 20000
4 26 92 20000
4 27 95 20000
4 28 90 20000
4 29 79 20000
4 30 48 20000
4 31 113 20000
4 32 112 20000
4 33 79 20000
4 34 91 20000
4 35 47 20000
4 36 91 20000
4 37 96 20000
4 38 80 20000
4 39 83 20000
4 40 107 20000
4 41 72 20000
4 42 45 20000
4 43 118 20000
4 44 83 20000
4 45 79 20000
4 46 60 20000
4 47 69 20000
4 48 112 20000
4 49 76 20000
4 50 91 20000
4 51 74 20000
5 6 60 20000
5 7 112 20000
5 8 112 20000
5 9 163 20000
5 10 424 20000
5 11 190 20000
5 12 340 20000
5 13 62 20000
5 14 54 20000
5 15 56 20000
5 16 71 20000
5 17 92 20000
5 18 100 20000
5 19 35 20000
5 20 61 20000
5 21 85 20000
5 22 85 20000
5 23 61 20000
5 24 48 20000
5 25 62 20000
5 26 30 20000
5 27 56 20000
5 28 75 20000
5 29 109 20000
5 30 126 20000
5 31 86 20000
5 32 77 20000
5 33 98 20000
5 34 96 20000
5 35 96 20000
5 36 54 20000
5 37 59 20000
5 38 94 20000
5 39 67 20000
5 40 135 20000
5 41 163 20000
5 42 146 20000
5 43 155 20000
5 44 131 20000
5 45 134 20000
5 46 131 20000
5 47 111 20000
5 48 143 20000
5 49 64 20000
5 50 112 20000
5 51 127 20000
6 7 23 20000
6 8 64 20000
6 9 68 20000
6 10 342 20000
6 11 290 20000
6 12 151 20000
6 13 104 20000
6 14 101 20000
6 15 56 20000
6 16 68 20000
6 17 81 20000
6 18 153 20000
6 19 100 20000
6 20 42 20000
6 21 74 20000
6 22 82 20000
6 23 97 20000
6 24 73 20000
6 25 79 20000
6 26 47 20000
6 27 36 20000
6 28 72 20000
6 29 80 20000
6 30 106 20000
6 31 65 20000
6 32 47 20000
6 33 92 20000
6 34 106 20000
6 35 99 20000
6 36 72 20000
6 37 47 20000
6 38 70 20000
6 39 31 20000
6 40 91 20000
6 41 135 20000
6 42 161 20000
6 43 149 20000
6 44 44 20000
6 45 93 20000
6 46 177 20000
6 47 160 20000
6 48 133 20000
6 49 54 20000
6 50 73 20000
6 51 120 20000
7 8 23 20000
7 9 73 20000
7 10 211 20000
7 11 275 20000
7 12 343 20000
7 13 121 20000
7 14 132 20000
7 15 94 20000
7 16 71 20000
7 17 67 20000
7 18 138 20000
7 19 172 20000
7 20 110 20000
7 21 49 20000
7 22 83 20000
7 23 139 20000
7 24 129 20000
7 25 97 20000
7 26 81 20000
7 27 69 20000
7 28 64 20000
7 29 82 20000
7 30 93 20000
7 31 97 20000
7 32 73 20000
7 33 60 20000
7 34 73 20000
7 35 109 20000
7 36 66 20000
7 37 69 20000
7 38 60 20000
7 39 75 20000
7 40 70 20000
7 41 78 20000
7 42 154 20000
7 43 166 20000
7 44 73 20000
7 45 44 20000
7 46 107 20000
7 47 170 20000
7 48 185 20000
7 49 61 20000
7 50 68 20000
7 51 89 20000
8 9 25 20000
8 10 37 20000
8 11 200 20000
8 12 414 20000
8 13 143 20000
8 14 123 20000
8 15 143 20000
8 16 114 20000
8 17 60 20000
8 18 139 20000
8 19 158 20000
8 20 172 20000
8 21 106 20000
8 22 46 20000
8 23 144 20000
8 24 136 20000
8 25 139 20000
8 26 110 20000
8 27 68 20000
8 28 104 20000
8 29 47 20000
8 30 83 20000
8 31 105 20000
8 32 93 20000
8 33 66 20000
8 34 61 20000
8 35 70 20000
8 36 103 20000
8 37 78 20000
8 38 77 20000
8 39 71 20000
8 40 86 20000
8 41 80 20000
8 42 88 20000
8 43 154 20000
8 44 86 20000
8 45 68 20000
8 46 39 20000
8 47 95 20000
8 48 180 20000
8 49 84 20000
8 50 62 20000
8 51 55 20000
9 10 75 20000
9 11 49 20000
9 12 482 20000
9 13 153 20000
9 14 139 20000
9 15 131 20000
9 16 161 20000
9 17 111 20000
9 18 150 20000
9 19 171 20000
9 20 160 20000
9 21 191 20000
9 22 111 20000
9 23 168 20000
9 24 134 20000
9 25 134 20000
9 26 104 20000
9 27 117 20000
9 28 83 20000
9 29 96 20000
9 30 74 20000
9 31 110 20000
9 32 104 20000
9 33 86 20000
9 34 65 20000
9 35 72 20000
9 36 101 20000
9 37 95 20000
9 38 99 20000
9 39 85 20000
9 40 93 20000
9 41 78 20000
9 42 72 20000
9 43 110 20000
9 44 75 20000
9 45 95 20000
9 46 92 20000
9 47 38 20000
9 48 119 20000
9 49 89 20000
9 50 88 20000
9 51 67 20000
10 11 25 20000
10 12 103 20000
10 13 81 20000
10 14 39 20000
10 15 59 20000
10 16 75 20000
10 17 75 20000
10 18 68 20000
10 19 60 20000
10 20 51 20000
10 21 73 20000
10 22 87 20000
10 23 122 20000
10 24 37 20000
10 25 56 20000
10 26 40 20000
10 27 65 20000
10 28 81 20000
10 29 93 20000
10 30 114 20000
10 31 31 20000
10 32 71 20000
10 33 87 20000
10 34 116 20000
10 35 118 20000
10 36 61 20000
10 37 55 20000
10 38 90 20000
10 39 66 20000
10 40 114 20000
10 41 137 20000
10 42 120 20000
10 43 142 20000
10 44 56 20000
10 45 122 20000
10 46 161 20000
10 47 128 20000
10 48 167 20000
10 49 118 20000
10 50 143 20000
10 51 148 20000
11 12 29 20000
11 13 139 20000
11 14 72 20000
11 15 49 20000
11 16 86 20000
11 17 80 20000
11 18 103 20000
11 19 100 20000
11 20 60 20000
11 21 52 20000
11 22 77 20000
11 23 165 20000
11 24 102 20000
11 25 32 20000
11 26 68 20000
11 27 48 20000
11 28 76 20000
11 29 104 20000
11 30 111 20000
11 31 63 20000
11 32 43 20000
11 33 75 20000
11 34 92 20000
11 35 98 20000
11 36 64 20000
11 37 36 20000
11 38 58 20000
11 39 36 20000
11 40 95 20000
11 41 149 20000
11 42 151 20000
11 43 133 20000
11 44 40 20000
11 45 87 20000
11 46 125 20000
11 47 132 20000
11 48 168 20000
11 49 37 20000
11 50 93 20000
11 51 151 20000
12 13 183 20000
12 14 198 20000
12 15 115 20000
12 16 59 20000
12 17 86 20000
12 18 146 20000
12 19 147 20000
12 20 123 20000
12 21 81 20000
12 22 74 20000
12 23 165 20000
12 24 187 20000
12 25 111 20000
12 26 95 20000
12 27 128 20000
12 28 58 20000
12 29 99 20000
12 30 110 20000
12 31 86 20000
12 32 85 20000
12 33 51 20000
12 34 87 20000
12 35 95 20000
12 36 103 20000
12 37 92 20000
12 38 72 20000
12 39 59 20000
12 40 78 20000
12 41 143 20000
12 42 221 20000
12 43 198 20000
12 44 75 20000
12 45 84 20000
12 46 108 20000
12 47 178 20000
12 48 166 20000
12 49 64 20000
12 50 42 20000
12 51 102 20000
13 14 32 20000
13 15 93 20000
13 16 135 20000
13 17 151 20000
13 18 404 20000
13 19 149 20000
13 20 211 20000
13 21 136 20000
13 22 102 20000
13 23 687 20000
13 24 306 20000
13 25 56 20000
13 26 88 20000
13 27 32 20000
13 28 53 20000
13 29 87 20000
13 30 75 20000
13 31 65 20000
13 32 64 20000
13 33 71 20000
13 34 75 20000
13 35 79 20000
13 36 71 20000
13 37 53 20000
13 38 68 20000
13 39 56 20000
13 40 71 20000
13 41 96 20000
13 42 113 20000
13 43 103 20000
13 44 31 20000
13 45 69 20000
13 46 94 20000
13 47 97 20000
13 48 101 20000
13 49 30 20000
13 50 51 20000
13 51 102 20000
14 15 21 20000
14 16 66 20000
14 17 59 20000
14 18 293 20000
14 19 280 20000
14 20 102 20000
14 21 192 20000
14 22 129 20000
14 23 78 20000
14 24 600 20000
14 25 315 20000
14 26 148 20000
14 27 87 20000
14 28 55 20000
14 29 69 20000
14 30 94 20000
14 31 127 20000
14 32 81 20000
14 33 71 20000
14 34 79 20000
14 35 66 20000
14 36 127 20000
14 37 87 20000
14 38 53 20000
14 39 55 20000
14 40 52 20000
14 41 74 20000
14 42 94 20000
14 43 111 20000
14 44 64 20000
14 45 58 20000
14 46 75 20000
14 47 86 20000
14 48 124 20000
14 49 63 20000
14 50 46 20000
14 51 73 20000
15 16 20 20000
15 17 58 20000
15 18 184 20000
15 19 274 20000
15 20 256 20000
15 21 74 20000
15 22 166 20000
15 23 148 20000
15 24 48 20000
15 25 512 20000
15 26 143 20000
15 27 143 20000
15 28 100 20000
15 29 52 20000
15 30 86 20000
15 31 144 20000
15 32 125 20000
15 33 91 20000
15 34 82 20000
15 35 92 20000
15 36 118 20000
15 37 139 20000
15 38 118 20000
15 39 90 20000
15 40 71 20000
15 41 51 20000
15 42 82 20000
15 43 91 20000
15 44 81 20000
15 45 83 20000
15 46 54 20000
15 47 86 20000
15 48 93 20000
15 49 89 20000
15 50 64 20000
15 51 45 20000
16 17 21 20000
16 18 45 20000
16 19 216 20000
16 20 214 20000
16 21 271 20000
16 22 104 20000
16 23 169 20000
16 24 114 20000
16 25 48 20000
16 26 143 20000
16 27 119 20000
16 28 157 20000
16 29 101 20000
16 30 39 20000
16 31 125 20000
16 32 121 20000
16 33 107 20000
16 34 89 20000
16 35 81 20000
16 36 119 20000
16 37 115 20000
16 38 153 20000
16 39 103 20000
16 40 88 20000
16 41 74 20000
16 42 57 20000
16 43 83 20000
16 44 118 20000
16 45 93 20000
16 46 78 20000
16 47 61 20000
16 48 87 20000
16 49 92 20000
16 50 81 20000
16 51 85 20000
17 18 76 20000
17 19 48 20000
17 20 176 20000
17 21 195 20000
17 22 264 20000
17 23 156 20000
17 24 135 20000
17 25 100 20000
17 26 121 20000
17 27 122 20000
17 28 161 20000
17 29 154 20000
17 30 97 20000
17 31 169 20000
17 32 170 20000
17 33 126 20000
17 34 134 20000
17 35 107 20000
17 36 142 20000
17 37 119 20000
17 38 138 20000
17 39 102 20000
17 40 96 20000
17 41 102 20000
17 42 92 20000
17 43 60 20000
17 44 109 20000
17 45 114 20000
17 46 91 20000
17 47 87 20000
17 48 68 20000
17 49 99 20000
17 50 132 20000
17 51 76 20000
18 19 37 20000
18 20 90 20000
18 21 113 20000
18 22 162 20000
18 23 430 20000
18 24 148 20000
18 25 183 20000
18 26 64 20000
18 27 49 20000
18 28 64 20000
18 29 86 20000
18 30 98 20000
18 31 101 20000
18 32 35 20000
18 33 74 20000
18 34 80 20000
18 35 82 20000
18 36 71 20000
18 37 47 20000
18 38 47 20000
18 39 40 20000
18 40 79 20000
18 41 80 20000
18 42 95 20000
18 43 100 20000
18 44 61 20000
18 45 66 20000
18 46 90 20000
18 47 90 20000
18 48 88 20000
18 49 43 20000
18 50 56 20000
18 51 75 20000
19 20 28 20000
19 21 77 20000
19 22 82 20000
19 23 321 20000
19 24 312 20000
19 25 159 20000
19 26 98 20000
19 27 92 20000
19 28 61 20000
19 29 62 20000
19 30 80 20000
19 31 146 20000
19 32 93 20000
19 33 38 20000
19 34 67 20000
19 35 67 20000
19 36 122 20000
19 37 110 20000
19 38 86 20000
19 39 61 20000
19 40 62 20000
19 41 79 20000
19 42 90 20000
19 43 98 20000
19 44 75 20000
19 45 64 20000
19 46 85 20000
19 47 109 20000
19 48 130 20000
19 49 71 20000
19 50 56 20000
19 51 70 20000
20 21 12 20000
20 22 56 20000
20 23 182 20000
20 24 265 20000
20 25 265 20000
20 26 137 20000
20 27 121 20000
20 28 109 20000
20 29 61 20000
20 30 67 20000
20 31 141 20000
20 32 159 20000
20 33 99 20000
20 34 39 20000
20 35 69 20000
20 36 156 20000
20 37 130 20000
20 38 85 20000
20 39 81 20000
20 40 72 20000
20 41 52 20000
20 42 78 20000
20 43 92 20000
20 44 85 20000
20 45 59 20000
20 46 63 20000
20 47 63 20000
20 48 109 20000
20 49 80 20000
20 50 60 20000
20 51 56 20000
21 22 24 20000
21 23 39 20000
21 24 193 20000
21 25 227 20000
21 26 142 20000
21 27 129 20000
21 28 155 20000
21 29 107 20000
21 30 74 20000
21 31 114 20000
21 32 149 20000
21 33 165 20000
21 34 100 20000
21 35 42 20000
21 36 145 20000
21 37 130 20000
21 38 152 20000
21 39 96 20000
21 40 97 20000
21 41 77 20000
21 42 60 20000
21 43 91 20000
21 44 91 20000
21 45 102 20000
21 46 78 20000
21 47 49 20000
21 48 81 20000
21 49 99 20000
21 50 98 20000
21 51 58 20000
22 23 106 20000
22 24 42 20000
22 25 198 20000
22 26 139 20000
22 27 135 20000
22 28 123 20000
22 29 180 20000
22 30 118 20000
22 31 118 20000
22 32 139 20000
22 33 157 20000
22 34 154 20000
22 35 110 20000
22 36 136 20000
22 37 144 20000
22 38 141 20000
22 39 111 20000
22 40 118 20000
22 41 112 20000
22 42 96 20000
22 43 51 20000
22 44 111 20000
22 45 130 20000
22 46 95 20000
22 47 65 20000
22 48 64 20000
22 49 113 20000
22 50 120 20000
22 51 105 20000
23 24 38 20000
23 25 76 20000
23 26 64 20000
23 27 40 20000
23 28 55 20000
23 29 88 20000
23 30 83 20000
23 31 69 20000
23 32 49 20000
23 33 55 20000
23 34 59 20000
23 35 96 20000
23 36 101 20000
23 37 39 20000
23 38 66 20000
23 39 54 20000
23 40 62 20000
23 41 72 20000
23 42 104 20000
23 43 91 20000
23 44 40 20000
23 45 55 20000
23 46 75 20000
23 47 94 20000
23 48 101 20000
23 49 59 20000
23 50 74 20000
23 51 81 20000
24 25 19 20000
24 26 146 20000
24 27 92 20000
24 28 67 20000
24 29 78 20000
24 30 75 20000
24 31 115 20000
24 32 108 20000
24 33 62 20000
24 34 76 20000
24 35 80 20000
24 36 132 20000
24 37 94 20000
24 38 38 20000
24 39 68 20000
24 40 50 20000
24 41 76 20000
24 42 89 20000
24 43 99 20000
24 44 68 20000
24 45 56 20000
24 46 88 20000
24 47 86 20000
24 48 107 20000
24 49 68 20000
24 50 44 20000
24 51 63 20000
25 26 165 20000
25 27 135 20000
25 28 95 20000
25 29 60 20000
25 30 76 20000
25 31 137 20000
25 32 124 20000
25 33 126 20000
25 34 84 20000
25 35 75 20000
25 36 157 20000
25 37 152 20000
25 38 103 20000
25 39 95 20000
25 40 70 20000
25 41 60 20000
25 42 84 20000
25 43 96 20000
25 44 87 20000
25 45 69 20000
25 46 68 20000
25 47 80 20000
25 48 92 20000
25 49 76 20000
25 50 79 20000
25 51 57 20000
26 27 30 20000
26 28 91 20000
26 29 117 20000
26 30 167 20000
26 31 415 20000
26 32 212 20000
26 33 221 20000
26 34 132 20000
26 35 93 20000
26 36 676 20000
26 37 293 20000
26 38 37 20000
26 39 103 20000
26 40 40 20000
26 41 61 20000
26 42 81 20000
26 43 83 20000
26 44 59 20000
26 45 44 20000
26 46 50 20000
26 47 68 20000
26 48 68 20000
26 49 58 20000
26 50 37 20000
26 51 58 20000
27 28 19 20000
27 29 65 20000
27 30 63 20000
27 31 290 20000
27 32 291 20000
27 33 113 20000
27 34 171 20000
27 35 119 20000
27 36 100 20000
27 37 527 20000
27 38 327 20000
27 39 144 20000
27 40 97 20000
27 41 30 20000
27 42 75 20000
27 43 104 20000
27 44 141 20000
27 45 83 20000
27 46 71 20000
27 47 69 20000
27 48 81 20000
27 49 96 20000
27 50 96 20000
27 51 46 20000
28 29 20 20000
28 30 67 20000
28 31 203 20000
28 32 297 20000
28 33 272 20000
28 34 92 20000
28 35 160 20000
28 36 152 20000
28 37 63 20000
28 38 526 20000
28 39 123 20000
28 40 166 20000
28 41 98 20000
28 42 48 20000
28 43 74 20000
28 44 150 20000
28 45 136 20000
28 46 87 20000
28 47 80 20000
28 48 73 20000
28 49 136 20000
28 50 150 20000
28 51 105 20000
29 30 21 20000
29 31 49 20000
29 32 208 20000
29 33 232 20000
29 34 279 20000
29 35 77 20000
29 36 126 20000
29 37 129 20000
29 38 52 20000
29 39 117 20000
29 40 184 20000
29 41 162 20000
29 42 113 20000
29 43 37 20000
29 44 144 20000
29 45 146 20000
29 46 126 20000
29 47 82 20000
29 48 69 20000
29 49 115 20000
29 50 124 20000
29 51 173 20000
30 31 83 20000
30 32 47 20000
30 33 191 20000
30 34 219 20000
30 35 253 20000
30 36 133 20000
30 37 136 20000
30 38 104 20000
30 39 138 20000
30 40 160 20000
30 41 157 20000
30 42 157 20000
30 43 95 20000
30 44 156 20000
30 45 159 20000
30 46 139 20000
30 47 153 20000
30 48 115 20000
30 49 135 20000
30 50 147 20000
30 51 153 20000
31 32 30 20000
31 33 94 20000
31 34 95 20000
31 35 186 20000
31 36 440 20000
31 37 172 20000
31 38 215 20000
31 39 68 20000
31 40 59 20000
31 41 50 20000
31 42 79 20000
31 43 95 20000
31 44 105 20000
31 45 31 20000
31 46 64 20000
31 47 84 20000
31 48 102 20000
31 49 61 20000
31 50 40 20000
31 51 63 20000
32 33 33 20000
32 34 75 20000
32 35 82 20000
32 36 349 20000
32 37 302 20000
32 38 133 20000
32 39 118 20000
32 40 102 20000
32 41 58 20000
32 42 70 20000
32 43 95 20000
32 44 156 20000
32 45 89 20000
32 46 33 20000
32 47 89 20000
32 48 91 20000
32 49 135 20000
32 50 86 20000
32 51 71 20000
33 34 27 20000
33 35 67 20000
33 36 193 20000
33 37 283 20000
33 38 303 20000
33 39 139 20000
33 40 142 20000
33 41 92 20000
33 42 71 20000
33 43 74 20000
33 44 139 20000
33 45 160 20000
33 46 118 20000
33 47 39 20000
33 48 79 20000
33 49 153 20000
33 50 142 20000
33 51 88 20000
34 35 21 20000
34 36 45 20000
34 37 212 20000
34 38 260 20000
34 39 127 20000
34 40 135 20000
34 41 163 20000
34 42 123 20000
34 43 61 20000
34 44 130 20000
34 45 160 20000
34 46 149 20000
34 47 108 20000
34 48 41 20000
34 49 136 20000
34 50 143 20000
34 51 145 20000
35 36 84 20000
35 37 37 20000
35 38 181 20000
35 39 149 20000
35 40 153 20000
35 41 116 20000
35 42 165 20000
35 43 114 20000
35 44 145 20000
35 45 125 20000
35 46 154 20000
35 47 171 20000
35 48 96 20000
35 49 166 20000
35 50 160 20000
35 51 142 20000
36 37 22 20000
36 38 80 20000
36 39 67 20000
36 40 40 20000
36 41 45 20000
36 42 76 20000
36 43 88 20000
36 44 62 20000
36 45 48 20000
36 46 58 20000
36 47 64 20000
36 48 82 20000
36 49 95 20000
36 50 28 20000
36 51 61 20000
37 38 25 20000
37 39 128 20000
37 40 80 20000
37 41 67 20000
37 42 82 20000
37 43 101 20000
37 44 100 20000
37 45 82 20000
37 46 79 20000
37 47 62 20000
37 48 76 20000
37 49 148 20000
37 50 87 20000
37 51 29 20000
38 39 150 20000
38 40 157 20000
38 41 72 20000
38 42 66 20000
38 43 91 20000
38 44 122 20000
38 45 118 20000
38 46 98 20000
38 47 84 20000
38 48 65 20000
38 49 141 20000
38 50 160 20000
38 51 115 20000
39 40 45 20000
39 41 81 20000
39 42 114 20000
39 43 142 20000
39 44 479 20000
39 45 190 20000
39 46 246 20000
39 47 150 20000
39 48 109 20000
39 49 716 20000
39 50 297 20000
39 51 52 20000
40 41 19 20000
40 42 76 20000
40 43 75 20000
40 44 325 20000
40 45 320 20000
40 46 141 20000
40 47 195 20000
40 48 151 20000
40 49 96 20000
40 50 614 20000
40 51 383 20000
41 42 18 20000
41 43 64 20000
41 44 212 20000
41 45 268 20000
41 46 256 20000
41 47 81 20000
41 48 174 20000
41 49 158 20000
41 50 48 20000
41 51 568 20000
42 43 15 20000
42 44 41 20000
42 45 207 20000
42 46 258 20000
42 47 292 20000
42 48 88 20000
42 49 173 20000
42 50 130 20000
42 51 52 20000
43 44 85 20000
43 45 44 20000
43 46 224 20000
43 47 207 20000
43 48 276 20000
43 49 141 20000
43 50 154 20000
43 51 99 20000
44 45 36 20000
44 46 91 20000
44 47 113 20000
44 48 179 20000
44 49 457 20000
44 50 186 20000
44 51 227 20000
45 46 28 20000
45 47 69 20000
45 48 55 20000
45 49 357 20000
45 50 297 20000
45 51 113 20000
46 47 19 20000
46 48 70 20000
46 49 210 20000
46 50 281 20000
46 51 281 20000
47 48 22 20000
47 49 40 20000
47 50 197 20000
47 51 229 20000
48 49 69 20000
48 50 49 20000
48 51 195 20000
49 50 33 20000
49 51 97 20000
50 51 24 20000
