0 1 43 20000
0 2 101 20000
0 3 123 20000
0 4 159 20000
0 5 383 20000
0 6 168 20000
0 7 223 20000
0 8 142 20000
0 9 104 20000
0 10 740 20000
0 11 239 20000
0 12 37 20000
0 13 123 20000
0 14 31 20000
0 15 70 20000
0 16 59 20000
0 17 74 20000
0 18 60 20000
0 19 52 20000
0 20 80 20000
0 21 66 20000
0 22 70 20000
0 23 76 20000
0 24 37 20000
0 25 68 20000
0 26 71 20000
0 27 69 20000
0 28 97 20000
0 29 105 20000
0 30 90 20000
0 31 33 20000
0 32 72 20000
0 33 77 20000
0 34 100 20000
0 35 104 20000
0 36 29 20000
0 37 65 20000
0 38 88 20000
0 39 99 20000
0 40 136 20000
0 41 129 20000
0 42 137 20000
0 43 130 20000
0 44 69 20000
0 45 99 20000
0 46 141 20000
0 47 148 20000
0 48 138 20000
0 49 79 20000
0 50 141 20000
0 51 183 20000
1 2 23 20000
1 3 68 20000
1 4 81 20000
1 5 277 20000
1 6 284 20000
1 7 116 20000
1 8 187 20000
1 9 137 20000
1 10 82 20000
1 11 591 20000
1 12 748 20000
1 13 131 20000
1 14 99 20000
1 15 32 20000
1 16 76 20000
1 17 83 20000
1 18 125 20000
1 19 81 20000
1 20 71 20000
1 21 93 20000
1 22 70 20000
1 23 102 20000
1 24 117 20000
1 25 52 20000
1 26 76 20000
1 27 51 20000
1 28 75 20000
1 29 77 20000
1 30 109 20000
1 31 63 20000
1 32 54 20000
1 33 88 20000
1 34 93 20000
1 35 117 20000
1 36 55 20000
1 37 74 20000
1 38 77 20000
1 39 51 20000
1 40 101 20000
1 41 146 20000
1 42 155 20000
1 43 130 20000
1 44 45 20000
1 45 102 20000
1 46 113 20000
1 47 127 20000
1 48 143 20000
1 49 50 20000
1 50 92 20000
1 51 139 20000
2 3 22 20000
2 4 64 20000
2 5 197 20000
2 6 246 20000
2 7 236 20000
2 8 106 20000
2 9 160 20000
2 10 154 20000
2 11 62 20000
2 12 682 20000
2 13 158 20000
2 14 144 20000
2 15 96 20000
2 16 35 20000
2 17 57 20000
2 18 155 20000
2 19 130 20000
2 20 93 20000
2 21 61 20000
2 22 79 20000
2 23 114 20000
2 24 132 20000
2 25 111 20000
2 26 79 20000
2 27 87 20000
2 28 45 20000
2 29 56 20000
2 30 98 20000
2 31 75 20000
2 32 63 20000
2 33 63 20000
2 34 87 20000
2 35 91 20000
2 36 66 20000
2 37 79 20000
2 38 63 20000
2 39 69 20000
2 40 45 20000
2 41 111 20000
2 42 143 20000
2 43 164 20000
2 44 44 20000
2 45 61 20000
2 46 108 20000
2 47 154 20000
2 48 135 20000
2 49 57 20000
2 50 47 20000
2 51 79 20000
3 4 14 20000
3 5 45 20000
3 6 190 20000
3 7 255 20000
3 8 268 20000
3 9 83 20000
3 10 161 20000
3 11 130 20000
3 12 82 20000
3 13 126 20000
3 14 156 20000
3 15 168 20000
3 16 105 20000
3 17 34 20000
3 18 148 20000
3 19 152 20000
3 20 112 20000
3 21 86 20000
3 22 62 20000
3 23 103 20000
3 24 122 20000
3 25 164 20000
3 26 86 20000
3 27 110 20000
3 28 64 20000
3 29 68 20000
3 30 80 20000
3 31 108 20000
3 32 71 20000
3 33 81 20000
3 34 49 20000
3 35 116 20000
3 36 101 20000
3 37 79 20000
3 38 88 20000
3 39 78 20000
3 40 74 20000
3 41 47 20000
3 42 99 20000
3 43 144 20000
3 44 75 20000
3 45 67 20000
3 46 79 20000
3 47 132 20000
3 48 146 20000
3 49 75 20000
3 50 84 20000
3 51 53 20000
4 5 91 20000
4 6 38 20000
4 7 190 20000
4 8 190 20000
4 9 265 20000
4 10 156 20000
4 11 131 20000
4 12 141 20000
4 13 139 20000
4 14 146 20000
4 15 159 20000
4 16 157 20000
4 17 100 20000
4 18 148 20000
4 19 133 20000
4 20 120 20000
4 21 139 20000
4 22 100 20000
4 23 125 20000
4 24 139 20000
4 25 142 20000
4 26 113 20000
4 27 120 20000
4 28 77 20000
4 29 84 20000
4 30 49 20000
4 31 103 20000
4 32 90 20000
4 33 72 20000
4 34 70 20000
4 35 50 20000
4 36 104 20000
4 37 119 20000
4 38 104 20000
4 39 72 20000
4 40 87 20000
4 41 72 20000
4 42 51 20000
4 43 98 20000
4 44 86 20000
4 45 78 20000
4 46 61 20000
4 47 79 20000
4 48 112 20000
4 49 51 20000
4 50 71 20000
4 51 95 20000
5 6 42 20000
5 7 87 20000
5 8 114 20000
5 9 180 20000
5 10 428 20000
5 11 173 20000
5 12 343 20000
5 13 74 20000
5 14 50 20000
5 15 51 20000
5 16 62 20000
5 17 89 20000
5 18 101 20000
5 19 30 20000
5 20 62 20000
5 21 66 20000
5 22 79 20000
5 23 57 20000
5 24 33 20000
5 25 57 20000
5 26 37 20000
5 27 64 20000
5 28 95 20000
5 29 96 20000
5 30 99 20000
5 31 66 20000
5 32 68 20000
5 33 94 20000
5 34 93 20000
5 35 85 20000
5 36 36 20000
5 37 69 20000
5 38 74 20000
5 39 56 20000
5 40 111 20000
5 41 156 20000
5 42 146 20000
5 43 149 20000
5 44 98 20000
5 45 162 20000
5 46 119 20000
5 47 130 20000
5 48 135 20000
5 49 60 20000
5 50 113 20000
5 51 121 20000
6 7 20 20000
6 8 89 20000
6 9 75 20000
6 10 322 20000
6 11 292 20000
6 12 150 20000
6 13 105 20000
6 14 90 20000
6 15 81 20000
6 16 64 20000
6 17 92 20000
6 18 153 20000
6 19 105 20000
6 20 40 20000
6 21 69 20000
6 22 98 20000
6 23 102 20000
6 24 88 20000
6 25 65 20000
6 26 55 20000
6 27 61 20000
6 28 71 20000
6 29 80 20000
6 30 97 20000
6 31 75 20000
6 32 57 20000
6 33 80 20000
6 34 143 20000
6 35 99 20000
6 36 66 20000
6 37 57 20000
6 38 83 20000
6 39 48 20000
6 40 75 20000
6 41 152 20000
6 42 129 20000
6 43 168 20000
6 44 36 20000
6 45 99 20000
6 46 178 20000
6 47 179 20000
6 48 165 20000
6 49 66 20000
6 50 108 20000
6 51 126 20000
7 8 22 20000
7 9 70 20000
7 10 186 20000
7 11 292 20000
7 12 356 20000
7 13 123 20000
7 14 102 20000
7 15 109 20000
7 16 81 20000
7 17 69 20000
7 18 148 20000
7 19 164 20000
7 20 88 20000
7 21 37 20000
7 22 71 20000
7 23 132 20000
7 24 131 20000
7 25 100 20000
7 26 72 20000
7 27 80 20000
7 28 62 20000
7 29 84 20000
7 30 106 20000
7 31 88 20000
7 32 58 20000
7 33 50 20000
7 34 67 20000
7 35 110 20000
7 36 65 20000
7 37 66 20000
7 38 60 20000
7 39 59 20000
7 40 62 20000
7 41 80 20000
7 42 149 20000
7 43 153 20000
7 44 63 20000
7 45 37 20000
7 46 117 20000
7 47 151 20000
7 48 175 20000
7 49 81 20000
7 50 44 20000
7 51 106 20000
8 9 27 20000
8 10 47 20000
8 11 212 20000
8 12 395 20000
8 13 137 20000
8 14 131 20000
8 15 136 20000
8 16 103 20000
8 17 62 20000
8 18 122 20000
8 19 167 20000
8 20 151 20000
8 21 97 20000
8 22 36 20000
8 23 165 20000
8 24 154 20000
8 25 136 20000
8 26 93 20000
8 27 73 20000
8 28 97 20000
8 29 54 20000
8 30 83 20000
8 31 107 20000
8 32 107 20000
8 33 72 20000
8 34 59 20000
8 35 73 20000
8 36 115 20000
8 37 74 20000
8 38 89 20000
8 39 83 20000
8 40 70 20000
8 41 79 20000
8 42 92 20000
8 43 144 20000
8 44 73 20000
8 45 77 20000
8 46 45 20000
8 47 102 20000
8 48 167 20000
8 49 65 20000
8 50 69 20000
8 51 83 20000
9 10 79 20000
9 11 46 20000
9 12 461 20000
9 13 148 20000
9 14 147 20000
9 15 137 20000
9 16 175 20000
9 17 102 20000
9 18 132 20000
9 19 123 20000
9 20 156 20000
9 21 166 20000
9 22 100 20000
9 23 134 20000
9 24 152 20000
9 25 124 20000
9 26 88 20000
9 27 121 20000
9 28 87 20000
9 29 92 20000
9 30 52 20000
9 31 105 20000
9 32 111 20000
9 33 106 20000
9 34 75 20000
9 35 57 20000
9 36 115 20000
9 37 109 20000
9 38 88 20000
9 39 70 20000
9 40 88 20000
9 41 83 20000
9 42 94 20000
9 43 104 20000
9 44 75 20000
9 45 90 20000
9 46 79 20000
9 47 54 20000
9 48 106 20000
9 49 97 20000
9 50 76 20000
9 51 65 20000
10 11 28 20000
10 12 87 20000
10 13 79 20000
10 14 37 20000
10 15 68 20000
10 16 68 20000
10 17 74 20000
10 18 70 20000
10 19 53 20000
10 20 51 20000
10 21 63 20000
10 22 79 20000
10 23 113 20000
10 24 36 20000
10 25 73 20000
10 26 40 20000
10 27 60 20000
10 28 70 20000
10 29 81 20000
10 30 86 20000
10 31 35 20000
10 32 63 20000
10 33 87 20000
10 34 109 20000
10 35 121 20000
10 36 63 20000
10 37 63 20000
10 38 91 20000
10 39 88 20000
10 40 114 20000
10 41 129 20000
10 42 125 20000
10 43 149 20000
10 44 47 20000
10 45 125 20000
10 46 146 20000
10 47 174 20000
10 48 169 20000
10 49 119 20000
10 50 159 20000
10 51 154 20000
11 12 24 20000
11 13 134 20000
11 14 94 20000
11 15 68 20000
11 16 74 20000
11 17 96 20000
11 18 124 20000
11 19 97 20000
11 20 74 20000
11 21 58 20000
11 22 82 20000
11 23 153 20000
11 24 94 20000
11 25 36 20000
11 26 54 20000
11 27 75 20000
11 28 77 20000
11 29 87 20000
11 30 103 20000
11 31 73 20000
11 32 52 20000
11 33 75 20000
11 34 100 20000
11 35 123 20000
11 36 68 20000
11 37 56 20000
11 38 82 20000
11 39 43 20000
11 40 115 20000
11 41 149 20000
11 42 161 20000
11 43 161 20000
11 44 60 20000
11 45 89 20000
11 46 142 20000
11 47 173 20000
11 48 154 20000
11 49 48 20000
11 50 97 20000
11 51 170 20000
12 13 193 20000
12 14 154 20000
12 15 85 20000
12 16 68 20000
12 17 90 20000
12 18 137 20000
12 19 142 20000
12 20 118 20000
12 21 79 20000
12 22 57 20000
12 23 151 20000
12 24 206 20000
12 25 107 20000
12 26 109 20000
12 27 109 20000
12 28 67 20000
12 29 86 20000
12 30 91 20000
12 31 88 20000
12 32 91 20000
12 33 66 20000
12 34 83 20000
12 35 103 20000
12 36 97 20000
12 37 81 20000
12 38 66 20000
12 39 65 20000
12 40 88 20000
12 41 126 20000
12 42 189 20000
12 43 185 20000
12 44 72 20000
12 45 68 20000
12 46 100 20000
12 47 185 20000
12 48 164 20000
12 49 72 20000
12 50 34 20000
12 51 109 20000
13 14 35 20000
13 15 93 20000
13 16 111 20000
13 17 167 20000
13 18 433 20000
13 19 177 20000
13 20 209 20000
13 21 136 20000
13 22 93 20000
13 23 689 20000
13 24 333 20000
13 25 45 20000
13 26 110 20000
13 27 53 20000
13 28 61 20000
13 29 80 20000
13 30 57 20000
13 31 66 20000
13 32 39 20000
13 33 54 20000
13 34 79 20000
13 35 75 20000
13 36 81 20000
13 37 57 20000
13 38 73 20000
13 39 60 20000
13 40 72 20000
13 41 97 20000
13 42 103 20000
13 43 95 20000
13 44 32 20000
13 45 67 20000
13 46 69 20000
13 47 128 20000
13 48 126 20000
13 49 48 20000
13 50 76 20000
13 51 125 20000
14 15 26 20000
14 16 67 20000
14 17 68 20000
14 18 296 20000
14 19 305 20000
14 20 125 20000
14 21 194 20000
14 22 132 20000
14 23 89 20000
14 24 570 20000
14 25 323 20000
14 26 140 20000
14 27 106 20000
14 28 49 20000
14 29 68 20000
14 30 76 20000
14 31 109 20000
14 32 82 20000
14 33 58 20000
14 34 81 20000
14 35 94 20000
14 36 93 20000
14 37 99 20000
14 38 56 20000
14 39 73 20000
14 40 59 20000
14 41 73 20000
14 42 111 20000
14 43 121 20000
14 44 60 20000
14 45 48 20000
14 46 89 20000
14 47 79 20000
14 48 111 20000
14 49 67 20000
14 50 48 20000
14 51 74 20000
15 16 23 20000
15 17 60 20000
15 18 183 20000
15 19 255 20000
15 20 267 20000
15 21 90 20000
15 22 156 20000
15 23 149 20000
15 24 50 20000
15 25 515 20000
15 26 132 20000
15 27 149 20000
15 28 96 20000
15 29 53 20000
15 30 95 20000
15 31 153 20000
15 32 123 20000
15 33 100 20000
15 34 78 20000
15 35 95 20000
15 36 114 20000
15 37 142 20000
15 38 124 20000
15 39 87 20000
15 40 67 20000
15 41 53 20000
15 42 81 20000
15 43 112 20000
15 44 80 20000
15 45 70 20000
15 46 69 20000
15 47 94 20000
15 48 90 20000
15 49 73 20000
15 50 79 20000
15 51 70 20000
16 17 26 20000
16 18 33 20000
16 19 197 20000
16 20 204 20000
16 21 252 20000
16 22 84 20000
16 23 146 20000
16 24 121 20000
16 25 50 20000
16 26 138 20000
16 27 160 20000
16 28 148 20000
16 29 114 20000
16 30 37 20000
16 31 128 20000
16 32 132 20000
16 33 120 20000
16 34 96 20000
16 35 72 20000
16 36 122 20000
16 37 135 20000
16 38 150 20000
16 39 83 20000
16 40 79 20000
16 41 72 20000
16 42 60 20000
16 43 69 20000
16 44 91 20000
16 45 95 20000
16 46 89 20000
16 47 65 20000
16 48 80 20000
16 49 100 20000
16 50 81 20000
16 51 85 20000
17 18 95 20000
17 19 50 20000
17 20 191 20000
17 21 193 20000
17 22 285 20000
17 23 149 20000
17 24 125 20000
17 25 106 20000
17 26 134 20000
17 27 145 20000
17 28 164 20000
17 29 163 20000
17 30 117 20000
17 31 160 20000
17 32 142 20000
17 33 150 20000
17 34 142 20000
17 35 109 20000
17 36 144 20000
17 37 132 20000
17 38 160 20000
17 39 104 20000
17 40 129 20000
17 41 86 20000
17 42 83 20000
17 43 39 20000
17 44 109 20000
17 45 99 20000
17 46 91 20000
17 47 95 20000
17 48 69 20000
17 49 76 20000
17 50 126 20000
17 51 83 20000
18 19 26 20000
18 20 85 20000
18 21 123 20000
18 22 147 20000
18 23 388 20000
18 24 188 20000
18 25 213 20000
18 26 69 20000
18 27 50 20000
18 28 63 20000
18 29 80 20000
18 30 89 20000
18 31 102 20000
18 32 41 20000
18 33 58 20000
18 34 79 20000
18 35 96 20000
18 36 69 20000
18 37 48 20000
18 38 65 20000
18 39 32 20000
18 40 62 20000
18 41 77 20000
18 42 108 20000
18 43 114 20000
18 44 57 20000
18 45 71 20000
18 46 90 20000
18 47 101 20000
18 48 98 20000
18 49 33 20000
18 50 76 20000
18 51 89 20000
19 20 29 20000
19 21 68 20000
19 22 57 20000
19 23 295 20000
19 24 310 20000
19 25 106 20000
19 26 104 20000
19 27 109 20000
19 28 57 20000
19 29 62 20000
19 30 71 20000
19 31 142 20000
19 32 86 20000
19 33 46 20000
19 34 65 20000
19 35 78 20000
19 36 125 20000
19 37 86 20000
19 38 70 20000
19 39 63 20000
19 40 56 20000
19 41 85 20000
19 42 85 20000
19 43 126 20000
19 44 60 20000
19 45 49 20000
19 46 65 20000
19 47 101 20000
19 48 93 20000
19 49 69 20000
19 50 60 20000
19 51 72 20000
20 21 29 20000
20 22 56 20000
20 23 182 20000
20 24 227 20000
20 25 290 20000
20 26 121 20000
20 27 133 20000
20 28 100 20000
20 29 53 20000
20 30 74 20000
20 31 116 20000
20 32 161 20000
20 33 102 20000
20 34 46 20000
20 35 61 20000
20 36 132 20000
20 37 123 20000
20 38 101 20000
20 39 74 20000
20 40 82 20000
20 41 58 20000
20 42 82 20000
20 43 77 20000
20 44 80 20000
20 45 72 20000
20 46 43 20000
20 47 80 20000
20 48 96 20000
20 49 81 20000
20 50 87 20000
20 51 55 20000
21 22 23 20000
21 23 50 20000
21 24 212 20000
21 25 217 20000
21 26 133 20000
21 27 131 20000
21 28 126 20000
21 29 126 20000
21 30 68 20000
21 31 122 20000
21 32 144 20000
21 33 148 20000
21 34 113 20000
21 35 42 20000
21 36 132 20000
21 37 132 20000
21 38 134 20000
21 39 88 20000
21 40 79 20000
21 41 95 20000
21 42 64 20000
21 43 82 20000
21 44 83 20000
21 45 94 20000
21 46 74 20000
21 47 64 20000
21 48 72 20000
21 49 100 20000
21 50 76 20000
21 51 91 20000
22 23 90 20000
22 24 48 20000
22 25 189 20000
22 26 157 20000
22 27 129 20000
22 28 143 20000
22 29 163 20000
22 30 93 20000
22 31 110 20000
22 32 152 20000
22 33 178 20000
22 34 172 20000
22 35 86 20000
22 36 169 20000
22 37 141 20000
22 38 141 20000
22 39 118 20000
22 40 112 20000
22 41 81 20000
22 42 98 20000
22 43 71 20000
22 44 97 20000
22 45 121 20000
22 46 112 20000
22 47 78 20000
22 48 44 20000
22 49 116 20000
22 50 111 20000
22 51 92 20000
23 24 29 20000
23 25 89 20000
23 26 84 20000
23 27 44 20000
23 28 49 20000
23 29 62 20000
23 30 68 20000
23 31 58 20000
23 32 47 20000
23 33 74 20000
23 34 74 20000
23 35 92 20000
23 36 99 20000
23 37 32 20000
23 38 56 20000
23 39 45 20000
23 40 47 20000
23 41 78 20000
23 42 108 20000
23 43 77 20000
23 44 52 20000
23 45 51 20000
23 46 82 20000
23 47 98 20000
23 48 117 20000
23 49 49 20000
23 50 53 20000
23 51 78 20000
24 25 19 20000
24 26 136 20000
24 27 90 20000
24 28 55 20000
24 29 67 20000
24 30 100 20000
24 31 121 20000
24 32 121 20000
24 33 78 20000
24 34 70 20000
24 35 72 20000
24 36 139 20000
24 37 113 20000
24 38 36 20000
24 39 65 20000
24 40 49 20000
24 41 97 20000
24 42 90 20000
24 43 103 20000
24 44 54 20000
24 45 34 20000
24 46 85 20000
24 47 87 20000
24 48 109 20000
24 49 77 20000
24 50 50 20000
24 51 82 20000
25 26 153 20000
25 27 129 20000
25 28 98 20000
25 29 69 20000
25 30 84 20000
25 31 126 20000
25 32 130 20000
25 33 88 20000
25 34 74 20000
25 35 59 20000
25 36 153 20000
25 37 169 20000
25 38 99 20000
25 39 96 20000
25 40 64 20000
25 41 51 20000
25 42 93 20000
25 43 96 20000
25 44 90 20000
25 45 77 20000
25 46 56 20000
25 47 80 20000
25 48 94 20000
25 49 68 20000
25 50 63 20000
25 51 47 20000
26 27 53 20000
26 28 92 20000
26 29 136 20000
26 30 176 20000
26 31 413 20000
26 32 170 20000
26 33 229 20000
26 34 126 20000
26 35 89 20000
26 36 728 20000
26 37 332 20000
26 38 47 20000
26 39 107 20000
26 40 38 20000
26 41 59 20000
26 42 83 20000
26 43 60 20000
26 44 59 20000
26 45 50 20000
26 46 48 20000
26 47 69 20000
26 48 72 20000
26 49 72 20000
26 50 41 20000
26 51 52 20000
27 28 20 20000
27 29 66 20000
27 30 67 20000
27 31 308 20000
27 32 313 20000
27 33 116 20000
27 34 195 20000
27 35 144 20000
27 36 82 20000
27 37 608 20000
27 38 327 20000
27 39 144 20000
27 40 115 20000
27 41 39 20000
27 42 58 20000
27 43 90 20000
27 44 112 20000
27 45 67 20000
27 46 66 20000
27 47 83 20000
27 48 77 20000
27 49 134 20000
27 50 103 20000
27 51 47 20000
28 29 21 20000
28 30 67 20000
28 31 177 20000
28 32 278 20000
28 33 288 20000
28 34 92 20000
28 35 165 20000
28 36 178 20000
28 37 68 20000
28 38 514 20000
28 39 143 20000
28 40 165 20000
28 41 104 20000
28 42 43 20000
28 43 66 20000
28 44 157 20000
28 45 126 20000
28 46 92 20000
28 47 63 20000
28 48 82 20000
28 49 139 20000
28 50 123 20000
28 51 110 20000
29 30 22 20000
29 31 47 20000
29 32 216 20000
29 33 225 20000
29 34 250 20000
29 35 79 20000
29 36 155 20000
29 37 128 20000
29 38 45 20000
29 39 120 20000
29 40 180 20000
29 41 162 20000
29 42 105 20000
29 43 44 20000
29 44 136 20000
29 45 155 20000
29 46 143 20000
29 47 103 20000
29 48 72 20000
29 49 143 20000
29 50 146 20000
29 51 173 20000
30 31 83 20000
30 32 47 20000
30 33 199 20000
30 34 190 20000
30 35 259 20000
30 36 155 20000
30 37 143 20000
30 38 110 20000
30 39 125 20000
30 40 150 20000
30 41 160 20000
30 42 168 20000
30 43 104 20000
30 44 152 20000
30 45 138 20000
30 46 120 20000
30 47 138 20000
30 48 109 20000
30 49 124 20000
30 50 148 20000
30 51 146 20000
31 32 28 20000
31 33 110 20000
31 34 116 20000
31 35 145 20000
31 36 441 20000
31 37 180 20000
31 38 235 20000
31 39 52 20000
31 40 46 20000
31 41 61 20000
31 42 69 20000
31 43 79 20000
31 44 109 20000
31 45 33 20000
31 46 71 20000
31 47 77 20000
31 48 67 20000
31 49 62 20000
31 50 53 20000
31 51 50 20000
32 33 33 20000
32 34 61 20000
32 35 90 20000
32 36 323 20000
32 37 332 20000
32 38 135 20000
32 39 100 20000
32 40 92 20000
32 41 69 20000
32 42 82 20000
32 43 78 20000
32 44 143 20000
32 45 120 20000
32 46 48 20000
32 47 82 20000
32 48 95 20000
32 49 135 20000
32 50 63 20000
32 51 59 20000
33 34 26 20000
33 35 68 20000
33 36 210 20000
33 37 297 20000
33 38 264 20000
33 39 141 20000
33 40 158 20000
33 41 110 20000
33 42 63 20000
33 43 62 20000
33 44 145 20000
33 45 184 20000
33 46 107 20000
33 47 40 20000
33 48 68 20000
33 49 153 20000
33 50 135 20000
33 51 93 20000
34 35 18 20000
34 36 51 20000
34 37 212 20000
34 38 225 20000
34 39 154 20000
34 40 141 20000
34 41 145 20000
34 42 110 20000
34 43 77 20000
34 44 119 20000
34 45 157 20000
34 46 166 20000
34 47 123 20000
34 48 43 20000
34 49 159 20000
34 50 148 20000
34 51 137 20000
35 36 82 20000
35 37 49 20000
35 38 199 20000
35 39 157 20000
35 40 155 20000
35 41 140 20000
35 42 194 20000
35 43 121 20000
35 44 142 20000
35 45 137 20000
35 46 166 20000
35 47 156 20000
35 48 129 20000
35 49 192 20000
35 50 157 20000
35 51 131 20000
36 37 34 20000
36 38 96 20000
36 39 78 20000
36 40 45 20000
36 41 73 20000
36 42 69 20000
36 43 63 20000
36 44 54 20000
36 45 46 20000
36 46 56 20000
36 47 79 20000
36 48 68 20000
36 49 124 20000
36 50 32 20000
36 51 57 20000
37 38 32 20000
37 39 159 20000
37 40 91 20000
37 41 50 20000
37 42 75 20000
37 43 104 20000
37 44 120 20000
37 45 87 20000
37 46 76 20000
37 47 64 20000
37 48 70 20000
37 49 140 20000
37 50 117 20000
37 51 33 20000
38 39 158 20000
38 40 140 20000
38 41 87 20000
38 42 65 20000
38 43 83 20000
38 44 109 20000
38 45 154 20000
38 46 102 20000
38 47 79 20000
38 48 62 20000
38 49 145 20000
38 50 176 20000
38 51 106 20000
39 40 36 20000
39 41 105 20000
39 42 108 20000
39 43 165 20000
39 44 414 20000
39 45 201 20000
39 46 217 20000
39 47 148 20000
39 48 100 20000
39 49 710 20000
39 50 331 20000
39 51 45 20000
40 41 21 20000
40 42 81 20000
40 43 87 20000
40 44 323 20000
40 45 314 20000
40 46 114 20000
40 47 210 20000
40 48 124 20000
40 49 96 20000
40 50 576 20000
40 51 356 20000
41 42 28 20000
41 43 55 20000
41 44 166 20000
41 45 266 20000
41 46 286 20000
41 47 94 20000
41 48 171 20000
41 49 159 20000
41 50 55 20000
41 51 502 20000
42 43 17 20000
42 44 50 20000
42 45 214 20000
42 46 234 20000
42 47 305 20000
42 48 112 20000
42 49 183 20000
42 50 146 20000
42 51 49 20000
43 44 82 20000
43 45 42 20000
43 46 223 20000
43 47 210 20000
43 48 289 20000
43 49 163 20000
43 50 139 20000
43 51 103 20000
44 45 35 20000
44 46 86 20000
44 47 112 20000
44 48 168 20000
44 49 440 20000
44 50 196 20000
44 51 230 20000
45 46 30 20000
45 47 79 20000
45 48 75 20000
45 49 308 20000
45 50 308 20000
45 51 138 20000
46 47 32 20000
46 48 62 20000
46 49 197 20000
46 50 296 20000
46 51 287 20000
47 48 15 20000
47 49 40 20000
47 50 199 20000
47 51 233 20000
48 49 81 20000
48 50 43 20000
48 51 220 20000
49 50 33 20000
49 51 99 20000
50 51 13 20000
