0 1 30 20000
0 2 83 20000
0 3 109 20000
0 4 175 20000
0 5 407 20000
0 6 197 20000
0 7 195 20000
0 8 141 20000
0 9 100 20000
0 10 761 20000
0 11 245 20000
0 12 50 20000
0 13 115 20000
0 14 28 20000
0 15 70 20000
0 16 90 20000
0 17 89 20000
0 18 65 20000
0 19 48 20000
0 20 61 20000
0 21 86 20000
0 22 73 20000
0 23 83 20000
0 24 46 20000
0 25 78 20000
0 26 65 20000
0 27 69 20000
0 28 97 20000
0 29 101 20000
0 30 96 20000
0 31 32 20000
0 32 59 20000
0 33 64 20000
0 34 104 20000
0 35 91 20000
0 36 43 20000
0 37 56 20000
0 38 94 20000
0 39 121 20000
0 40 138 20000
0 41 153 20000
0 42 120 20000
0 43 138 20000
0 44 61 20000
0 45 116 20000
0 46 160 20000
0 47 142 20000
0 48 129 20000
0 49 75 20000
0 50 161 20000
0 51 181 20000
1 2 26 20000
1 3 65 20000
1 4 88 20000
1 5 319 20000
1 6 283 20000
1 7 150 20000
1 8 202 20000
1 9 142 20000
1 10 85 20000
1 11 579 20000
1 12 739 20000
1 13 139 20000
1 14 85 20000
1 15 33 20000
1 16 72 20000
1 17 79 20000
1 18 110 20000
1 19 73 20000
1 20 59 20000
1 21 76 20000
1 22 97 20000
1 23 116 20000
1 24 109 20000
1 25 56 20000
1 26 64 20000
1 27 62 20000
1 28 67 20000
1 29 100 20000
1 30 101 20000
1 31 76 20000
1 32 57 20000
1 33 79 20000
1 34 100 20000
1 35 96 20000
1 36 60 20000
1 37 53 20000
1 38 69 20000
1 39 39 20000
1 40 90 20000
1 41 172 20000
1 42 160 20000
1 43 148 20000
1 44 53 20000
1 45 99 20000
1 46 136 20000
1 47 132 20000
1 48 121 20000
1 49 46 20000
1 50 78 20000
1 51 134 20000
2 3 23 20000
2 4 55 20000
2 5 167 20000
2 6 271 20000
2 7 285 20000
2 8 88 20000
2 9 160 20000
2 10 184 20000
2 11 52 20000
2 12 706 20000
2 13 117 20000
2 14 150 20000
2 15 107 20000
2 16 47 20000
2 17 85 20000
2 18 144 20000
2 19 124 20000
2 20 77 20000
2 21 91 20000
2 22 70 20000
2 23 141 20000
2 24 156 20000
2 25 108 20000
2 26 82 20000
2 27 94 20000
2 28 52 20000
2 29 65 20000
2 30 114 20000
2 31 100 20000
2 32 79 20000
2 33 54 20000
2 34 86 20000
2 35 91 20000
2 36 68 20000
2 37 75 20000
2 38 57 20000
2 39 60 20000
2 40 34 20000
2 41 96 20000
2 42 150 20000
2 43 157 20000
2 44 58 20000
2 45 59 20000
2 46 93 20000
2 47 147 20000
2 48 119 20000
2 49 64 20000
2 50 55 20000
2 51 100 20000
3 4 23 20000
3 5 38 20000
3 6 200 20000
3 7 195 20000
3 8 265 20000
3 9 72 20000
3 10 147 20000
3 11 97 20000
3 12 71 20000
3 13 109 20000
3 14 179 20000
3 15 149 20000
3 16 104 20000
3 17 53 20000
3 18 137 20000
3 19 129 20000
3 20 119 20000
3 21 94 20000
3 22 72 20000
3 23 108 20000
3 24 145 20000
3 25 151 20000
3 26 90 20000
3 27 105 20000
3 28 75 20000
3 29 38 20000
3 30 65 20000
3 31 108 20000
3 32 93 20000
3 33 77 20000
3 34 57 20000
3 35 89 20000
3 36 79 20000
3 37 77 20000
3 38 104 20000
3 39 85 20000
3 40 76 20000
3 41 35 20000
3 42 97 20000
3 43 146 20000
3 44 76 20000
3 45 70 20000
3 46 81 20000
3 47 101 20000
3 48 170 20000
3 49 72 20000
3 50 67 20000
3 51 60 20000
4 5 95 20000
4 6 39 20000
4 7 194 20000
4 8 198 20000
4 9 288 20000
4 10 163 20000
4 11 139 20000
4 12 127 20000
4 13 136 20000
4 14 138 20000
4 15 177 20000
4 16 144 20000
4 17 105 20000
4 18 148 20000
4 19 143 20000
4 20 137 20000
4 21 150 20000
4 22 100 20000
4 23 121 20000
4 24 121 20000
4 25 166 20000
4 26 74 20000
4 27 123 20000
4 28 103 20000
4 29 74 20000
4 30 43 20000
4 31 117 20000
4 32 117 20000
4 33 92 20000
4 34 90 20000
4 35 65 20000
4 36 101 20000
4 37 109 20000
4 38 105 20000
4 39 83 20000
4 40 82 20000
4 41 76 20000
4 42 36 20000
4 43 105 20000
4 44 77 20000
4 45 81 20000
4 46 81 20000
4 47 82 20000
4 48 99 20000
4 49 85 20000
4 50 77 20000
4 51 83 20000
5 6 58 20000
5 7 92 20000
5 8 140 20000
5 9 182 20000
5 10 423 20000
5 11 170 20000
5 12 338 20000
5 13 68 20000
5 14 56 20000
5 15 52 20000
5 16 77 20000
5 17 77 20000
5 18 129 20000
5 19 30 20000
5 20 71 20000
5 21 81 20000
5 22 89 20000
5 23 81 20000
5 24 50 20000
5 25 62 20000
5 26 43 20000
5 27 71 20000
5 28 72 20000
5 29 104 20000
5 30 107 20000
5 31 59 20000
5 32 53 20000
5 33 102 20000
5 34 96 20000
5 35 88 20000
5 36 36 20000
5 37 69 20000
5 38 69 20000
5 39 57 20000
5 40 106 20000
5 41 149 20000
5 42 147 20000
5 43 139 20000
5 44 107 20000
5 45 146 20000
5 46 135 20000
5 47 125 20000
5 48 130 20000
5 49 52 20000
5 50 123 20000
5 51 122 20000
6 7 25 20000
6 8 73 20000
6 9 84 20000
6 10 308 20000
6 11 290 20000
6 12 151 20000
6 13 107 20000
6 14 89 20000
6 15 73 20000
6 16 60 20000
6 17 78 20000
6 18 146 20000
6 19 84 20000
6 20 37 20000
6 21 81 20000
6 22 87 20000
6 23 114 20000
6 24 99 20000
6 25 65 20000
6 26 64 20000
6 27 55 20000
6 28 69 20000
6 29 94 20000
6 30 111 20000
6 31 80 20000
6 32 59 20000
6 33 75 20000
6 34 105 20000
6 35 97 20000
6 36 49 20000
6 37 53 20000
6 38 77 20000
6 39 42 20000
6 40 94 20000
6 41 164 20000
6 42 133 20000
6 43 152 20000
6 44 42 20000
6 45 84 20000
6 46 164 20000
6 47 167 20000
6 48 130 20000
6 49 55 20000
6 50 90 20000
6 51 150 20000
7 8 22 20000
7 9 69 20000
7 10 216 20000
7 11 255 20000
7 12 369 20000
7 13 132 20000
7 14 137 20000
7 15 111 20000
7 16 75 20000
7 17 78 20000
7 18 130 20000
7 19 172 20000
7 20 94 20000
7 21 41 20000
7 22 61 20000
7 23 138 20000
7 24 123 20000
7 25 90 20000
7 26 77 20000
7 27 88 20000
7 28 67 20000
7 29 83 20000
7 30 91 20000
7 31 75 20000
7 32 75 20000
7 33 46 20000
7 34 74 20000
7 35 111 20000
7 36 77 20000
7 37 76 20000
7 38 71 20000
7 39 54 20000
7 40 66 20000
7 41 112 20000
7 42 124 20000
7 43 127 20000
7 44 74 20000
7 45 39 20000
7 46 89 20000
7 47 179 20000
7 48 165 20000
7 49 60 20000
7 50 60 20000
7 51 118 20000
8 9 25 20000
8 10 50 20000
8 11 214 20000
8 12 393 20000
8 13 145 20000
8 14 125 20000
8 15 142 20000
8 16 104 20000
8 17 71 20000
8 18 119 20000
8 19 155 20000
8 20 182 20000
8 21 112 20000
8 22 50 20000
8 23 133 20000
8 24 162 20000
8 25 139 20000
8 26 92 20000
8 27 82 20000
8 28 94 20000
8 29 58 20000
8 30 81 20000
8 31 102 20000
8 32 109 20000
8 33 76 20000
8 34 42 20000
8 35 66 20000
8 36 95 20000
8 37 82 20000
8 38 78 20000
8 39 71 20000
8 40 79 20000
8 41 92 20000
8 42 86 20000
8 43 168 20000
8 44 70 20000
8 45 76 20000
8 46 46 20000
8 47 103 20000
8 48 155 20000
8 49 69 20000
8 50 59 20000
8 51 72 20000
9 10 87 20000
9 11 41 20000
9 12 446 20000
9 13 127 20000
9 14 138 20000
9 15 118 20000
9 16 163 20000
9 17 116 20000
9 18 127 20000
9 19 118 20000
9 20 177 20000
9 21 192 20000
9 22 114 20000
9 23 144 20000
9 24 129 20000
9 25 133 20000
9 26 101 20000
9 27 110 20000
9 28 80 20000
9 29 84 20000
9 30 69 20000
9 31 102 20000
9 32 107 20000
9 33 111 20000
9 34 76 20000
9 35 53 20000
9 36 109 20000
9 37 114 20000
9 38 94 20000
9 39 86 20000
9 40 85 20000
9 41 83 20000
9 42 79 20000
9 43 94 20000
9 44 75 20000
9 45 101 20000
9 46 88 20000
9 47 33 20000
9 48 103 20000
9 49 94 20000
9 50 79 20000
9 51 61 20000
10 11 22 20000
10 12 113 20000
10 13 89 20000
10 14 36 20000
10 15 65 20000
10 16 71 20000
10 17 75 20000
10 18 82 20000
10 19 55 20000
10 20 74 20000
10 21 89 20000
10 22 85 20000
10 23 122 20000
10 24 48 20000
10 25 64 20000
10 26 43 20000
10 27 71 20000
10 28 76 20000
10 29 120 20000
10 30 105 20000
10 31 40 20000
10 32 70 20000
10 33 100 20000
10 34 107 20000
10 35 122 20000
10 36 72 20000
10 37 67 20000
10 38 86 20000
10 39 78 20000
10 40 108 20000
10 41 115 20000
10 42 145 20000
10 43 151 20000
10 44 63 20000
10 45 137 20000
10 46 153 20000
10 47 161 20000
10 48 168 20000
10 49 119 20000
10 50 148 20000
10 51 146 20000
11 12 20 20000
11 13 147 20000
11 14 70 20000
11 15 68 20000
11 16 75 20000
11 17 88 20000
11 18 103 20000
11 19 75 20000
11 20 69 20000
11 21 86 20000
11 22 72 20000
11 23 154 20000
11 24 99 20000
11 25 40 20000
11 26 74 20000
11 27 53 20000
11 28 76 20000
11 29 89 20000
11 30 124 20000
11 31 61 20000
11 32 37 20000
11 33 68 20000
11 34 83 20000
11 35 112 20000
11 36 71 20000
11 37 48 20000
11 38 93 20000
11 39 46 20000
11 40 93 20000
11 41 145 20000
11 42 138 20000
11 43 108 20000
11 44 41 20000
11 45 96 20000
11 46 145 20000
11 47 154 20000
11 48 146 20000
11 49 43 20000
11 50 89 20000
11 51 175 20000
12 13 199 20000
12 14 174 20000
12 15 93 20000
12 16 81 20000
12 17 95 20000
12 18 148 20000
12 19 175 20000
12 20 128 20000
12 21 74 20000
12 22 68 20000
12 23 150 20000
12 24 211 20000
12 25 139 20000
12 26 120 20000
12 27 106 20000
12 28 62 20000
12 29 89 20000
12 30 120 20000
12 31 89 20000
12 32 96 20000
12 33 45 20000
12 34 84 20000
12 35 96 20000
12 36 93 20000
12 37 87 20000
12 38 44 20000
12 39 62 20000
12 40 87 20000
12 41 138 20000
12 42 210 20000
12 43 196 20000
12 44 64 20000
12 45 78 20000
12 46 120 20000
12 47 167 20000
12 48 167 20000
12 49 57 20000
12 50 40 20000
12 51 115 20000
13 14 37 20000
13 15 77 20000
13 16 103 20000
13 17 162 20000
13 18 431 20000
13 19 173 20000
13 20 234 20000
13 21 120 20000
13 22 92 20000
13 23 705 20000
13 24 291 20000
13 25 39 20000
13 26 104 20000
13 27 37 20000
13 28 62 20000
13 29 70 20000
13 30 86 20000
13 31 61 20000
13 32 48 20000
13 33 72 20000
13 34 77 20000
13 35 99 20000
13 36 78 20000
13 37 52 20000
13 38 49 20000
13 39 66 20000
13 40 75 20000
13 41 104 20000
13 42 120 20000
13 43 89 20000
13 44 39 20000
13 45 77 20000
13 46 80 20000
13 47 107 20000
13 48 113 20000
13 49 50 20000
13 50 77 20000
13 51 86 20000
14 15 19 20000
14 16 59 20000
14 17 86 20000
14 18 307 20000
14 19 293 20000
14 20 114 20000
14 21 214 20000
14 22 148 20000
14 23 109 20000
14 24 582 20000
14 25 304 20000
14 26 121 20000
14 27 89 20000
14 28 44 20000
14 29 76 20000
14 30 90 20000
14 31 116 20000
14 32 70 20000
14 33 72 20000
14 34 74 20000
14 35 91 20000
14 36 88 20000
14 37 105 20000
14 38 48 20000
14 39 66 20000
14 40 41 20000
14 41 67 20000
14 42 102 20000
14 43 136 20000
14 44 64 20000
14 45 70 20000
14 46 79 20000
14 47 80 20000
14 48 121 20000
14 49 60 20000
14 50 49 20000
14 51 55 20000
15 16 24 20000
15 17 69 20000
15 18 184 20000
15 19 230 20000
15 20 241 20000
15 21 113 20000
15 22 138 20000
15 23 149 20000
15 24 61 20000
15 25 547 20000
15 26 120 20000
15 27 160 20000
15 28 94 20000
15 29 44 20000
15 30 64 20000
15 31 154 20000
15 32 126 20000
15 33 97 20000
15 34 68 20000
15 35 82 20000
15 36 123 20000
15 37 143 20000
15 38 95 20000
15 39 87 20000
15 40 74 20000
15 41 62 20000
15 42 90 20000
15 43 88 20000
15 44 78 20000
15 45 79 20000
15 46 64 20000
15 47 101 20000
15 48 103 20000
15 49 70 20000
15 50 88 20000
15 51 41 20000
16 17 17 20000
16 18 51 20000
16 19 184 20000
16 20 212 20000
16 21 296 20000
16 22 82 20000
16 23 161 20000
16 24 141 20000
16 25 55 20000
16 26 106 20000
16 27 142 20000
16 28 148 20000
16 29 111 20000
16 30 35 20000
16 31 134 20000
16 32 148 20000
16 33 140 20000
16 34 96 20000
16 35 83 20000
16 36 127 20000
16 37 132 20000
16 38 152 20000
16 39 93 20000
16 40 105 20000
16 41 73 20000
16 42 49 20000
16 43 64 20000
16 44 114 20000
16 45 85 20000
16 46 84 20000
16 47 50 20000
16 48 101 20000
16 49 91 20000
16 50 77 20000
16 51 84 20000
17 18 83 20000
17 19 44 20000
17 20 171 20000
17 21 199 20000
17 22 291 20000
17 23 131 20000
17 24 154 20000
17 25 100 20000
17 26 122 20000
17 27 133 20000
17 28 160 20000
17 29 148 20000
17 30 116 20000
17 31 157 20000
17 32 142 20000
17 33 127 20000
17 34 139 20000
17 35 91 20000
17 36 115 20000
17 37 118 20000
17 38 130 20000
17 39 99 20000
17 40 104 20000
17 41 97 20000
17 42 73 20000
17 43 56 20000
17 44 131 20000
17 45 118 20000
17 46 86 20000
17 47 87 20000
17 48 61 20000
17 49 83 20000
17 50 109 20000
17 51 78 20000
18 19 36 20000
18 20 93 20000
18 21 116 20000
18 22 155 20000
18 23 429 20000
18 24 168 20000
18 25 234 20000
18 26 62 20000
18 27 49 20000
18 28 61 20000
18 29 75 20000
18 30 86 20000
18 31 106 20000
18 32 26 20000
18 33 58 20000
18 34 72 20000
18 35 74 20000
18 36 64 20000
18 37 46 20000
18 38 53 20000
18 39 36 20000
18 40 66 20000
18 41 86 20000
18 42 101 20000
18 43 102 20000
18 44 48 20000
18 45 73 20000
18 46 102 20000
18 47 111 20000
18 48 89 20000
18 49 45 20000
18 50 54 20000
18 51 80 20000
19 20 16 20000
19 21 69 20000
19 22 69 20000
19 23 276 20000
19 24 283 20000
19 25 140 20000
19 26 108 20000
19 27 95 20000
19 28 63 20000
19 29 81 20000
19 30 81 20000
19 31 150 20000
19 32 108 20000
19 33 35 20000
19 34 68 20000
19 35 75 20000
19 36 113 20000
19 37 92 20000
19 38 53 20000
19 39 63 20000
19 40 48 20000
19 41 88 20000
19 42 82 20000
19 43 101 20000
19 44 80 20000
19 45 39 20000
19 46 79 20000
19 47 89 20000
19 48 117 20000
19 49 59 20000
19 50 50 20000
19 51 78 20000
20 21 21 20000
20 22 58 20000
20 23 169 20000
20 24 257 20000
20 25 285 20000
20 26 129 20000
20 27 114 20000
20 28 126 20000
20 29 88 20000
20 30 67 20000
20 31 142 20000
20 32 155 20000
20 33 76 20000
20 34 49 20000
20 35 67 20000
20 36 127 20000
20 37 127 20000
20 38 84 20000
20 39 85 20000
20 40 86 20000
20 41 69 20000
20 42 75 20000
20 43 91 20000
20 44 93 20000
20 45 66 20000
20 46 56 20000
20 47 64 20000
20 48 110 20000
20 49 84 20000
20 50 74 20000
20 51 61 20000
21 22 28 20000
21 23 42 20000
21 24 198 20000
21 25 225 20000
21 26 143 20000
21 27 128 20000
21 28 169 20000
21 29 114 20000
21 30 80 20000
21 31 136 20000
21 32 182 20000
21 33 167 20000
21 34 118 20000
21 35 49 20000
21 36 138 20000
21 37 142 20000
21 38 124 20000
21 39 111 20000
21 40 83 20000
21 41 98 20000
21 42 50 20000
21 43 75 20000
21 44 96 20000
21 45 107 20000
21 46 86 20000
21 47 50 20000
21 48 72 20000
21 49 110 20000
21 50 98 20000
21 51 88 20000
22 23 77 20000
22 24 41 20000
22 25 196 20000
22 26 158 20000
22 27 144 20000
22 28 126 20000
22 29 166 20000
22 30 112 20000
22 31 130 20000
22 32 154 20000
22 33 166 20000
22 34 162 20000
22 35 101 20000
22 36 131 20000
22 37 149 20000
22 38 139 20000
22 39 113 20000
22 40 118 20000
22 41 98 20000
22 42 81 20000
22 43 48 20000
22 44 93 20000
22 45 120 20000
22 46 101 20000
22 47 78 20000
22 48 52 20000
22 49 116 20000
22 50 88 20000
22 51 87 20000
23 24 33 20000
23 25 94 20000
23 26 71 20000
23 27 41 20000
23 28 55 20000
23 29 80 20000
23 30 80 20000
23 31 60 20000
23 32 48 20000
23 33 66 20000
23 34 81 20000
23 35 92 20000
23 36 118 20000
23 37 44 20000
23 38 45 20000
23 39 43 20000
23 40 57 20000
23 41 72 20000
23 42 91 20000
23 43 108 20000
23 44 37 20000
23 45 61 20000
23 46 82 20000
23 47 102 20000
23 48 101 20000
23 49 58 20000
23 50 67 20000
23 51 79 20000
24 25 35 20000
24 26 143 20000
24 27 73 20000
24 28 58 20000
24 29 76 20000
24 30 75 20000
24 31 117 20000
24 32 91 20000
24 33 65 20000
24 34 79 20000
24 35 72 20000
24 36 148 20000
24 37 108 20000
24 38 40 20000
24 39 77 20000
24 40 51 20000
24 41 101 20000
24 42 90 20000
24 43 127 20000
24 44 63 20000
24 45 45 20000
24 46 84 20000
24 47 96 20000
24 48 106 20000
24 49 57 20000
24 50 71 20000
24 51 72 20000
25 26 166 20000
25 27 145 20000
25 28 79 20000
25 29 68 20000
25 30 87 20000
25 31 127 20000
25 32 129 20000
25 33 95 20000
25 34 73 20000
25 35 70 20000
25 36 132 20000
25 37 187 20000
25 38 89 20000
25 39 111 20000
25 40 59 20000
25 41 54 20000
25 42 94 20000
25 43 98 20000
25 44 73 20000
25 45 86 20000
25 46 64 20000
25 47 72 20000
25 48 78 20000
25 49 91 20000
25 50 71 20000
25 51 52 20000
26 27 29 20000
26 28 92 20000
26 29 101 20000
26 30 185 20000
26 31 451 20000
26 32 190 20000
26 33 220 20000
26 34 145 20000
26 35 97 20000
26 36 702 20000
26 37 314 20000
26 38 46 20000
26 39 100 20000
26 40 35 20000
26 41 70 20000
26 42 80 20000
26 43 78 20000
26 44 72 20000
26 45 46 20000
26 46 67 20000
26 47 69 20000
26 48 71 20000
26 49 76 20000
26 50 56 20000
26 51 48 20000
27 28 19 20000
27 29 75 20000
27 30 80 20000
27 31 292 20000
27 32 307 20000
27 33 117 20000
27 34 172 20000
27 35 149 20000
27 36 79 20000
27 37 556 20000
27 38 323 20000
27 39 120 20000
27 40 97 20000
27 41 43 20000
27 42 76 20000
27 43 83 20000
27 44 98 20000
27 45 86 20000
27 46 76 20000
27 47 73 20000
27 48 82 20000
27 49 99 20000
27 50 99 20000
27 51 37 20000
28 29 17 20000
28 30 56 20000
28 31 192 20000
28 32 254 20000
28 33 291 20000
28 34 117 20000
28 35 150 20000
28 36 170 20000
28 37 56 20000
28 38 561 20000
28 39 146 20000
28 40 158 20000
28 41 97 20000
28 42 54 20000
28 43 74 20000
28 44 156 20000
28 45 134 20000
28 46 90 20000
28 47 81 20000
28 48 80 20000
28 49 121 20000
28 50 167 20000
28 51 99 20000
29 30 19 20000
29 31 38 20000
29 32 209 20000
29 33 216 20000
29 34 276 20000
29 35 86 20000
29 36 149 20000
29 37 130 20000
29 38 58 20000
29 39 129 20000
29 40 157 20000
29 41 160 20000
29 42 101 20000
29 43 26 20000
29 44 139 20000
29 45 134 20000
29 46 153 20000
29 47 97 20000
29 48 94 20000
29 49 130 20000
29 50 119 20000
29 51 152 20000
30 31 90 20000
30 32 39 20000
30 33 211 20000
30 34 227 20000
30 35 266 20000
30 36 165 20000
30 37 118 20000
30 38 106 20000
30 39 141 20000
30 40 145 20000
30 41 151 20000
30 42 158 20000
30 43 103 20000
30 44 159 20000
30 45 160 20000
30 46 142 20000
30 47 142 20000
30 48 116 20000
30 49 124 20000
30 50 148 20000
30 51 141 20000
31 32 29 20000
31 33 98 20000
31 34 103 20000
31 35 164 20000
31 36 403 20000
31 37 169 20000
31 38 217 20000
31 39 56 20000
31 40 36 20000
31 41 70 20000
31 42 75 20000
31 43 102 20000
31 44 126 20000
31 45 58 20000
31 46 59 20000
31 47 72 20000
31 48 75 20000
31 49 61 20000
31 50 37 20000
31 51 68 20000
32 33 24 20000
32 34 53 20000
32 35 82 20000
32 36 314 20000
32 37 324 20000
32 38 91 20000
32 39 116 20000
32 40 98 20000
32 41 66 20000
32 42 76 20000
32 43 64 20000
32 44 154 20000
32 45 87 20000
32 46 51 20000
32 47 66 20000
32 48 80 20000
32 49 115 20000
32 50 75 20000
32 51 59 20000
33 34 17 20000
33 35 59 20000
33 36 186 20000
33 37 292 20000
33 38 271 20000
33 39 125 20000
33 40 147 20000
33 41 92 20000
33 42 83 20000
33 43 76 20000
33 44 144 20000
33 45 163 20000
33 46 112 20000
33 47 36 20000
33 48 59 20000
33 49 134 20000
33 50 122 20000
33 51 98 20000
34 35 20 20000
34 36 34 20000
34 37 189 20000
34 38 201 20000
34 39 124 20000
34 40 117 20000
34 41 144 20000
34 42 122 20000
34 43 77 20000
34 44 138 20000
34 45 138 20000
34 46 210 20000
34 47 109 20000
34 48 42 20000
34 49 151 20000
34 50 162 20000
34 51 132 20000
35 36 71 20000
35 37 42 20000
35 38 198 20000
35 39 146 20000
35 40 123 20000
35 41 131 20000
35 42 138 20000
35 43 120 20000
35 44 132 20000
35 45 148 20000
35 46 152 20000
35 47 159 20000
35 48 101 20000
35 49 143 20000
35 50 159 20000
35 51 131 20000
36 37 29 20000
36 38 105 20000
36 39 87 20000
36 40 46 20000
36 41 67 20000
36 42 83 20000
36 43 78 20000
36 44 71 20000
36 45 43 20000
36 46 62 20000
36 47 69 20000
36 48 87 20000
36 49 93 20000
36 50 28 20000
36 51 66 20000
37 38 33 20000
37 39 151 20000
37 40 87 20000
37 41 65 20000
37 42 70 20000
37 43 91 20000
37 44 123 20000
37 45 79 20000
37 46 53 20000
37 47 69 20000
37 48 66 20000
37 49 127 20000
37 50 108 20000
37 51 40 20000
38 39 177 20000
38 40 117 20000
38 41 84 20000
38 42 83 20000
38 43 92 20000
38 44 144 20000
38 45 129 20000
38 46 106 20000
38 47 63 20000
38 48 48 20000
38 49 129 20000
38 50 175 20000
38 51 109 20000
39 40 28 20000
39 41 99 20000
39 42 110 20000
39 43 177 20000
39 44 443 20000
39 45 195 20000
39 46 226 20000
39 47 130 20000
39 48 97 20000
39 49 769 20000
39 50 342 20000
39 51 45 20000
40 41 19 20000
40 42 69 20000
40 43 80 20000
40 44 314 20000
40 45 300 20000
40 46 127 20000
40 47 201 20000
40 48 131 20000
40 49 91 20000
40 50 586 20000
40 51 374 20000
41 42 21 20000
41 43 52 20000
41 44 184 20000
41 45 285 20000
41 46 268 20000
41 47 94 20000
41 48 143 20000
41 49 160 20000
41 50 58 20000
41 51 523 20000
42 43 28 20000
42 44 42 20000
42 45 206 20000
42 46 231 20000
42 47 288 20000
42 48 94 20000
42 49 137 20000
42 50 112 20000
42 51 44 20000
43 44 79 20000
43 45 43 20000
43 46 219 20000
43 47 200 20000
43 48 268 20000
43 49 136 20000
43 50 150 20000
43 51 105 20000
44 45 46 20000
44 46 91 20000
44 47 134 20000
44 48 175 20000
44 49 466 20000
44 50 168 20000
44 51 227 20000
45 46 27 20000
45 47 60 20000
45 48 82 20000
45 49 311 20000
45 50 326 20000
45 51 124 20000
46 47 27 20000
46 48 63 20000
46 49 192 20000
46 50 281 20000
46 51 290 20000
47 48 13 20000
47 49 41 20000
47 50 226 20000
47 51 227 20000
48 49 96 20000
48 50 43 20000
48 51 191 20000
49 50 23 20000
49 51 73 20000
50 51 23 20000
