0 1 3172 20000
0 2 1427 20000
0 3 922 20000
0 4 1009 20000
0 5 545 20000
0 6 2937 20000
0 7 1018 20000
0 8 1404 20000
0 9 936 20000
0 10 637 20000
0 11 339 20000
0 12 1336 20000
0 13 126 20000
0 14 89 20000
0 15 61 20000
0 16 139 20000
0 17 139 20000
0 18 57 20000
0 19 177 20000
0 20 80 20000
0 21 77 20000
0 22 346 20000
0 23 104 20000
0 24 87 20000
0 25 243 20000
0 26 841 20000
0 27 297 20000
0 28 189 20000
0 29 260 20000
0 30 229 20000
0 31 118 20000
0 32 2191 20000
0 33 374 20000
0 34 294 20000
0 35 452 20000
0 36 274 20000
0 37 160 20000
0 38 446 20000
0 39 107 20000
0 40 91 20000
0 41 46 20000
0 42 145 20000
0 43 132 20000
0 44 72 20000
0 45 203 20000
0 46 98 20000
0 47 86 20000
0 48 308 20000
0 49 97 20000
0 50 88 20000
0 51 264 20000
1 2 1251 20000
1 3 3086 20000
1 4 1402 20000
1 5 1317 20000
1 6 888 20000
1 7 846 20000
1 8 584 20000
1 9 1016 20000
1 10 296 20000
1 11 575 20000
1 12 380 20000
1 13 202 20000
1 14 106 20000
1 15 82 20000
1 16 84 20000
1 17 89 20000
1 18 63 20000
1 19 338 20000
1 20 134 20000
1 21 105 20000
1 22 138 20000
1 23 98 20000
1 24 64 20000
1 25 158 20000
1 26 2224 20000
1 27 744 20000
1 28 446 20000
1 29 328 20000
1 30 327 20000
1 31 219 20000
1 32 479 20000
1 33 246 20000
1 34 276 20000
1 35 208 20000
1 36 183 20000
1 37 127 20000
1 38 243 20000
1 39 203 20000
1 40 120 20000
1 41 97 20000
1 42 101 20000
1 43 74 20000
1 44 60 20000
1 45 340 20000
1 46 139 20000
1 47 90 20000
1 48 138 20000
1 49 93 20000
1 50 67 20000
1 51 147 20000
2 3 1053 20000
2 4 611 20000
2 5 3164 20000
2 6 635 20000
2 7 3001 20000
2 8 1331 20000
2 9 296 20000
2 10 989 20000
2 11 922 20000
2 12 232 20000
2 13 81 20000
2 14 124 20000
2 15 114 20000
2 16 360 20000
2 17 71 20000
2 18 101 20000
2 19 101 20000
2 20 171 20000
2 21 57 20000
2 22 98 20000
2 23 95 20000
2 24 151 20000
2 25 139 20000
2 26 290 20000
2 27 233 20000
2 28 837 20000
2 29 516 20000
2 30 134 20000
2 31 279 20000
2 32 300 20000
2 33 2273 20000
2 34 174 20000
2 35 139 20000
2 36 447 20000
2 37 274 20000
2 38 171 20000
2 39 88 20000
2 40 123 20000
2 41 95 20000
2 42 308 20000
2 43 73 20000
2 44 102 20000
2 45 119 20000
2 46 179 20000
2 47 54 20000
2 48 111 20000
2 49 89 20000
2 50 132 20000
2 51 130 20000
3 4 685 20000
3 5 1105 20000
3 6 1053 20000
3 7 3000 20000
3 8 284 20000
3 9 1338 20000
3 10 556 20000
3 11 1396 20000
3 12 169 20000
3 13 329 20000
3 14 181 20000
3 15 125 20000
3 16 115 20000
3 17 132 20000
3 18 75 20000
3 19 109 20000
3 20 79 20000
3 21 93 20000
3 22 83 20000
3 23 63 20000
3 24 64 20000
3 25 98 20000
3 26 462 20000
3 27 2221 20000
3 28 284 20000
3 29 775 20000
3 30 285 20000
3 31 410 20000
3 32 223 20000
3 33 298 20000
3 34 163 20000
3 35 262 20000
3 36 108 20000
3 37 180 20000
3 38 160 20000
3 39 318 20000
3 40 212 20000
3 41 111 20000
3 42 116 20000
3 43 107 20000
3 44 74 20000
3 45 119 20000
3 46 92 20000
3 47 89 20000
3 48 85 20000
3 49 61 20000
3 50 52 20000
3 51 98 20000
4 5 1544 20000
4 6 964 20000
4 7 312 20000
4 8 2923 20000
4 9 2964 20000
4 10 901 20000
4 11 1050 20000
4 12 178 20000
4 13 87 20000
4 14 50 20000
4 15 98 20000
4 16 55 20000
4 17 94 20000
4 18 61 20000
4 19 126 20000
4 20 76 20000
4 21 230 20000
4 22 93 20000
4 23 335 20000
4 24 136 20000
4 25 108 20000
4 26 387 20000
4 27 191 20000
4 28 291 20000
4 29 129 20000
4 30 781 20000
4 31 314 20000
4 32 309 20000
4 33 148 20000
4 34 2220 20000
4 35 301 20000
4 36 479 20000
4 37 235 20000
4 38 145 20000
4 39 87 20000
4 40 49 20000
4 41 108 20000
4 42 63 20000
4 43 114 20000
4 44 76 20000
4 45 146 20000
4 46 80 20000
4 47 195 20000
4 48 89 20000
4 49 301 20000
4 50 113 20000
4 51 105 20000
5 6 408 20000
5 7 951 20000
5 8 1035 20000
5 9 629 20000
5 10 924 20000
5 11 3010 20000
5 12 161 20000
5 13 101 20000
5 14 79 20000
5 15 185 20000
5 16 140 20000
5 17 56 20000
5 18 115 20000
5 19 81 20000
5 20 360 20000
5 21 88 20000
5 22 72 20000
5 23 124 20000
5 24 103 20000
5 25 91 20000
5 26 284 20000
5 27 291 20000
5 28 2232 20000
5 29 233 20000
5 30 204 20000
5 31 792 20000
5 32 189 20000
5 33 500 20000
5 34 461 20000
5 35 91 20000
5 36 257 20000
5 37 276 20000
5 38 126 20000
5 39 120 20000
5 40 78 20000
5 41 176 20000
5 42 126 20000
5 43 57 20000
5 44 83 20000
5 45 101 20000
5 46 330 20000
5 47 97 20000
5 48 89 20000
5 49 146 20000
5 50 110 20000
5 51 95 20000
6 7 1479 20000
6 8 1143 20000
6 9 3062 20000
6 10 1405 20000
6 11 544 20000
6 12 308 20000
6 13 90 20000
6 14 120 20000
6 15 65 20000
6 16 98 20000
6 17 318 20000
6 18 95 20000
6 19 122 20000
6 20 58 20000
6 21 126 20000
6 22 214 20000
6 23 75 20000
6 24 112 20000
6 25 105 20000
6 26 294 20000
6 27 238 20000
6 28 110 20000
6 29 424 20000
6 30 543 20000
6 31 203 20000
6 32 897 20000
6 33 206 20000
6 34 247 20000
6 35 2220 20000
6 36 271 20000
6 37 309 20000
6 38 194 20000
6 39 89 20000
6 40 123 20000
6 41 70 20000
6 42 76 20000
6 43 315 20000
6 44 98 20000
6 45 103 20000
6 46 55 20000
6 47 136 20000
6 48 213 20000
6 49 66 20000
6 50 117 20000
6 51 104 20000
7 8 616 20000
7 9 630 20000
7 10 1373 20000
7 11 965 20000
7 12 200 20000
7 13 117 20000
7 14 303 20000
7 15 79 20000
7 16 192 20000
7 17 104 20000
7 18 131 20000
7 19 89 20000
7 20 117 20000
7 21 64 20000
7 22 107 20000
7 23 54 20000
7 24 82 20000
7 25 104 20000
7 26 242 20000
7 27 442 20000
7 28 316 20000
7 29 2158 20000
7 30 169 20000
7 31 250 20000
7 32 369 20000
7 33 825 20000
7 34 122 20000
7 35 289 20000
7 36 207 20000
7 37 378 20000
7 38 142 20000
7 39 127 20000
7 40 276 20000
7 41 84 20000
7 42 207 20000
7 43 99 20000
7 44 127 20000
7 45 93 20000
7 46 106 20000
7 47 80 20000
7 48 115 20000
7 49 54 20000
7 50 79 20000
7 51 125 20000
8 9 1069 20000
8 10 3136 20000
8 11 935 20000
8 12 198 20000
8 13 53 20000
8 14 75 20000
8 15 69 20000
8 16 97 20000
8 17 88 20000
8 18 118 20000
8 19 91 20000
8 20 113 20000
8 21 122 20000
8 22 160 20000
8 23 187 20000
8 24 323 20000
8 25 98 20000
8 26 164 20000
8 27 92 20000
8 28 259 20000
8 29 168 20000
8 30 308 20000
8 31 223 20000
8 32 490 20000
8 33 301 20000
8 34 755 20000
8 35 275 20000
8 36 2287 20000
8 37 483 20000
8 38 142 20000
8 39 42 20000
8 40 65 20000
8 41 79 20000
8 42 79 20000
8 43 93 20000
8 44 118 20000
8 45 86 20000
8 46 106 20000
8 47 129 20000
8 48 151 20000
8 49 214 20000
8 50 307 20000
8 51 116 20000
9 10 1163 20000
9 11 1497 20000
9 12 173 20000
9 13 141 20000
9 14 90 20000
9 15 80 20000
9 16 60 20000
9 17 193 20000
9 18 98 20000
9 19 98 20000
9 20 51 20000
9 21 312 20000
9 22 134 20000
9 23 130 20000
9 24 86 20000
9 25 126 20000
9 26 287 20000
9 27 425 20000
9 28 134 20000
9 29 199 20000
9 30 2188 20000
9 31 281 20000
9 32 274 20000
9 33 116 20000
9 34 501 20000
9 35 821 20000
9 36 249 20000
9 37 285 20000
9 38 154 20000
9 39 145 20000
9 40 76 20000
9 41 76 20000
9 42 66 20000
9 43 173 20000
9 44 85 20000
9 45 103 20000
9 46 85 20000
9 47 323 20000
9 48 103 20000
9 49 94 20000
9 50 95 20000
9 51 111 20000
10 11 3235 20000
10 12 186 20000
10 13 83 20000
10 14 96 20000
10 15 123 20000
10 16 106 20000
10 17 151 20000
10 18 342 20000
10 19 53 20000
10 20 86 20000
10 21 100 20000
10 22 74 20000
10 23 114 20000
10 24 207 20000
10 25 109 20000
10 26 133 20000
10 27 169 20000
10 28 249 20000
10 29 278 20000
10 30 269 20000
10 31 476 20000
10 32 226 20000
10 33 320 20000
10 34 305 20000
10 35 435 20000
10 36 844 20000
10 37 2243 20000
10 38 131 20000
10 39 77 20000
10 40 86 20000
10 41 109 20000
10 42 97 20000
10 43 138 20000
10 44 319 20000
10 45 50 20000
10 46 88 20000
10 47 101 20000
10 48 93 20000
10 49 114 20000
10 50 185 20000
10 51 102 20000
11 12 156 20000
11 13 122 20000
11 14 97 20000
11 15 353 20000
11 16 82 20000
11 17 87 20000
11 18 187 20000
11 19 56 20000
11 20 130 20000
11 21 168 20000
11 22 66 20000
11 23 106 20000
11 24 133 20000
11 25 114 20000
11 26 190 20000
11 27 276 20000
11 28 428 20000
11 29 283 20000
11 30 397 20000
11 31 2106 20000
11 32 97 20000
11 33 196 20000
11 34 273 20000
11 35 200 20000
11 36 296 20000
11 37 796 20000
11 38 137 20000
11 39 99 20000
11 40 96 20000
11 41 303 20000
11 42 79 20000
11 43 60 20000
11 44 182 20000
11 45 77 20000
11 46 122 20000
11 47 150 20000
11 48 63 20000
11 49 88 20000
11 50 107 20000
11 51 96 20000
12 13 222 20000
12 14 103 20000
12 15 105 20000
12 16 121 20000
12 17 131 20000
12 18 87 20000
12 19 172 20000
12 20 124 20000
12 21 103 20000
12 22 147 20000
12 23 87 20000
12 24 77 20000
12 25 2340 20000
12 26 357 20000
12 27 140 20000
12 28 142 20000
12 29 110 20000
12 30 127 20000
12 31 111 20000
12 32 323 20000
12 33 124 20000
12 34 125 20000
12 35 117 20000
12 36 128 20000
12 37 91 20000
12 38 5764 20000
12 39 229 20000
12 40 142 20000
12 41 84 20000
12 42 97 20000
12 43 98 20000
12 44 94 20000
12 45 154 20000
12 46 101 20000
12 47 97 20000
12 48 147 20000
12 49 79 20000
12 50 67 20000
12 51 2212 20000
13 14 75 20000
13 15 175 20000
13 16 45 20000
13 17 192 20000
13 18 78 20000
13 19 97 20000
13 20 215 20000
13 21 152 20000
13 22 43 20000
13 23 83 20000
13 24 44 20000
13 25 107 20000
13 26 122 20000
13 27 2300 20000
13 28 148 20000
13 29 123 20000
13 30 325 20000
13 31 196 20000
13 32 63 20000
13 33 66 20000
13 34 93 20000
13 35 104 20000
13 36 33 20000
13 37 105 20000
13 38 155 20000
13 39 827 20000
13 40 144 20000
13 41 666 20000
13 42 54 20000
13 43 84 20000
13 44 150 20000
13 45 140 20000
13 46 78 20000
13 47 662 20000
13 48 74 20000
13 49 146 20000
13 50 15 20000
13 51 101 20000
14 15 200 20000
14 16 90 20000
14 17 168 20000
14 18 180 20000
14 19 49 20000
14 20 40 20000
14 21 88 20000
14 22 206 20000
14 23 37 20000
14 24 71 20000
14 25 106 20000
14 26 75 20000
14 27 113 20000
14 28 48 20000
14 29 2276 20000
14 30 87 20000
14 31 139 20000
14 32 90 20000
14 33 124 20000
14 34 35 20000
14 35 311 20000
14 36 84 20000
14 37 163 20000
14 38 92 20000
14 39 149 20000
14 40 777 20000
14 41 67 20000
14 42 144 20000
14 43 688 20000
14 44 664 20000
14 45 82 20000
14 46 67 20000
14 47 126 20000
14 48 65 20000
14 49 13 20000
14 50 122 20000
14 51 94 20000
15 16 50 20000
15 17 70 20000
15 18 98 20000
15 19 76 20000
15 20 74 20000
15 21 163 20000
15 22 28 20000
15 23 201 20000
15 24 46 20000
15 25 99 20000
15 26 74 20000
15 27 297 20000
15 28 107 20000
15 29 80 20000
15 30 167 20000
15 31 2251 20000
15 32 34 20000
15 33 68 20000
15 34 137 20000
15 35 93 20000
15 36 45 20000
15 37 122 20000
15 38 74 20000
15 39 686 20000
15 40 59 20000
15 41 775 20000
15 42 82 20000
15 43 128 20000
15 44 160 20000
15 45 144 20000
15 46 142 20000
15 47 605 20000
15 48 15 20000
15 49 54 20000
15 50 65 20000
15 51 60 20000
16 17 71 20000
16 18 206 20000
16 19 206 20000
16 20 79 20000
16 21 46 20000
16 22 186 20000
16 23 85 20000
16 24 184 20000
16 25 85 20000
16 26 90 20000
16 27 68 20000
16 28 123 20000
16 29 125 20000
16 30 24 20000
16 31 46 20000
16 32 325 20000
16 33 2235 20000
16 34 85 20000
16 35 87 20000
16 36 182 20000
16 37 156 20000
16 38 91 20000
16 39 74 20000
16 40 137 20000
16 41 75 20000
16 42 775 20000
16 43 113 20000
16 44 58 20000
16 45 69 20000
16 46 141 20000
16 47 17 20000
16 48 668 20000
16 49 135 20000
16 50 631 20000
16 51 73 20000
17 18 153 20000
17 19 54 20000
17 20 40 20000
17 21 100 20000
17 22 79 20000
17 23 41 20000
17 24 232 20000
17 25 103 20000
17 26 52 20000
17 27 131 20000
17 28 34 20000
17 29 207 20000
17 30 123 20000
17 31 81 20000
17 32 129 20000
17 33 92 20000
17 34 74 20000
17 35 2249 20000
17 36 95 20000
17 37 331 20000
17 38 92 20000
17 39 82 20000
17 40 655 20000
17 41 127 20000
17 42 122 20000
17 43 822 20000
17 44 666 20000
17 45 84 20000
17 46 17 20000
17 47 151 20000
17 48 157 20000
17 49 67 20000
17 50 73 20000
17 51 83 20000
18 19 34 20000
18 20 49 20000
18 21 226 20000
18 22 77 20000
18 23 43 20000
18 24 102 20000
18 25 90 20000
18 26 32 20000
18 27 65 20000
18 28 71 20000
18 29 327 20000
18 30 143 20000
18 31 131 20000
18 32 86 20000
18 33 84 20000
18 34 57 20000
18 35 193 20000
18 36 127 20000
18 37 2286 20000
18 38 79 20000
18 39 140 20000
18 40 679 20000
18 41 164 20000
18 42 55 20000
18 43 636 20000
18 44 820 20000
18 45 19 20000
18 46 78 20000
18 47 72 20000
18 48 138 20000
18 49 73 20000
18 50 137 20000
18 51 79 20000
19 20 180 20000
19 21 192 20000
19 22 103 20000
19 23 171 20000
19 24 73 20000
19 25 132 20000
19 26 2252 20000
19 27 136 20000
19 28 194 20000
19 29 66 20000
19 30 97 20000
19 31 86 20000
19 32 132 20000
19 33 144 20000
19 34 306 20000
19 35 48 20000
19 36 80 20000
19 37 31 20000
19 38 125 20000
19 39 147 20000
19 40 75 20000
19 41 158 20000
19 42 84 20000
19 43 60 20000
19 44 19 20000
19 45 792 20000
19 46 690 20000
19 47 57 20000
19 48 149 20000
19 49 679 20000
19 50 114 20000
19 51 107 20000
20 21 84 20000
20 22 89 20000
20 23 177 20000
20 24 231 20000
20 25 86 20000
20 26 300 20000
20 27 78 20000
20 28 2347 20000
20 29 82 20000
20 30 91 20000
20 31 129 20000
20 32 87 20000
20 33 108 20000
20 34 194 20000
20 35 34 20000
20 36 138 20000
20 37 78 20000
20 38 100 20000
20 39 52 20000
20 40 78 20000
20 41 145 20000
20 42 124 20000
20 43 25 20000
20 44 82 20000
20 45 707 20000
20 46 837 20000
20 47 130 20000
20 48 118 20000
20 49 650 20000
20 50 74 20000
20 51 78 20000
21 22 52 20000
21 23 82 20000
21 24 49 20000
21 25 105 20000
21 26 117 20000
21 27 185 20000
21 28 87 20000
21 29 84 20000
21 30 2364 20000
21 31 309 20000
21 32 68 20000
21 33 35 20000
21 34 123 20000
21 35 146 20000
21 36 79 20000
21 37 95 20000
21 38 101 20000
21 39 692 20000
21 40 128 20000
21 41 698 20000
21 42 17 20000
21 43 153 20000
21 44 84 20000
21 45 75 20000
21 46 156 20000
21 47 825 20000
21 48 67 20000
21 49 163 20000
21 50 70 20000
21 51 97 20000
22 23 211 20000
22 24 157 20000
22 25 108 20000
22 26 150 20000
22 27 69 20000
22 28 77 20000
22 29 145 20000
22 30 81 20000
22 31 38 20000
22 32 2261 20000
22 33 177 20000
22 34 97 20000
22 35 131 20000
22 36 323 20000
22 37 81 20000
22 38 98 20000
22 39 64 20000
22 40 71 20000
22 41 6 20000
22 42 645 20000
22 43 149 20000
22 44 121 20000
22 45 149 20000
22 46 138 20000
22 47 82 20000
22 48 793 20000
22 49 74 20000
22 50 662 20000
22 51 90 20000
23 24 95 20000
23 25 93 20000
23 26 158 20000
23 27 69 20000
23 28 297 20000
23 29 39 20000
23 30 131 20000
23 31 77 20000
23 32 141 20000
23 33 95 20000
23 34 2305 20000
23 35 68 20000
23 36 119 20000
23 37 85 20000
23 38 69 20000
23 39 127 20000
23 40 13 20000
23 41 61 20000
23 42 123 20000
23 43 85 20000
23 44 67 20000
23 45 679 20000
23 46 681 20000
23 47 148 20000
23 48 69 20000
23 49 818 20000
23 50 137 20000
23 51 80 20000
24 25 87 20000
24 26 108 20000
24 27 19 20000
24 28 93 20000
24 29 93 20000
24 30 55 20000
24 31 62 20000
24 32 195 20000
24 33 317 20000
24 34 151 20000
24 35 164 20000
24 36 2259 20000
24 37 160 20000
24 38 68 20000
24 39 22 20000
24 40 138 20000
24 41 83 20000
24 42 656 20000
24 43 71 20000
24 44 165 20000
24 45 129 20000
24 46 76 20000
24 47 82 20000
24 48 658 20000
24 49 148 20000
24 50 820 20000
24 51 78 20000
25 26 157 20000
25 27 97 20000
25 28 86 20000
25 29 92 20000
25 30 103 20000
25 31 63 20000
25 32 123 20000
25 33 93 20000
25 34 101 20000
25 35 98 20000
25 36 89 20000
25 37 85 20000
25 38 3992 20000
25 39 113 20000
25 40 85 20000
25 41 64 20000
25 42 68 20000
25 43 86 20000
25 44 72 20000
25 45 86 20000
25 46 82 20000
25 47 94 20000
25 48 103 20000
25 49 71 20000
25 50 66 20000
25 51 4963 20000
26 27 444 20000
26 28 990 20000
26 29 199 20000
26 30 395 20000
26 31 254 20000
26 32 460 20000
26 33 354 20000
26 34 967 20000
26 35 178 20000
26 36 269 20000
26 37 83 20000
26 38 290 20000
26 39 119 20000
26 40 72 20000
26 41 77 20000
26 42 93 20000
26 43 56 20000
26 44 35 20000
26 45 2321 20000
26 46 313 20000
26 47 134 20000
26 48 117 20000
26 49 187 20000
26 50 88 20000
26 51 136 20000
27 28 380 20000
27 29 473 20000
27 30 956 20000
27 31 939 20000
27 32 183 20000
27 33 172 20000
27 34 263 20000
27 35 333 20000
27 36 74 20000
27 37 263 20000
27 38 137 20000
27 39 2277 20000
27 40 115 20000
27 41 331 20000
27 42 67 20000
27 43 139 20000
27 44 74 20000
27 45 96 20000
27 46 102 20000
27 47 199 20000
27 48 56 20000
27 49 95 20000
27 50 26 20000
27 51 92 20000
28 29 193 20000
28 30 288 20000
28 31 461 20000
28 32 292 20000
28 33 473 20000
28 34 941 20000
28 35 64 20000
28 36 387 20000
28 37 161 20000
28 38 136 20000
28 39 152 20000
28 40 46 20000
28 41 139 20000
28 42 147 20000
28 43 32 20000
28 44 80 20000
28 45 165 20000
28 46 2275 20000
28 47 88 20000
28 48 88 20000
28 49 329 20000
28 50 79 20000
28 51 79 20000
29 30 304 20000
29 31 377 20000
29 32 393 20000
29 33 452 20000
29 34 79 20000
29 35 979 20000
29 36 253 20000
29 37 1000 20000
29 38 119 20000
29 39 141 20000
29 40 2260 20000
29 41 75 20000
29 42 141 20000
29 43 190 20000
29 44 345 20000
29 45 63 20000
29 46 69 20000
29 47 93 20000
29 48 142 20000
29 49 27 20000
29 50 74 20000
29 51 68 20000
30 31 1044 20000
30 32 200 20000
30 33 73 20000
30 34 437 20000
30 35 421 20000
30 36 205 20000
30 37 358 20000
30 38 103 20000
30 39 287 20000
30 40 78 20000
30 41 189 20000
30 42 37 20000
30 43 135 20000
30 44 159 20000
30 45 95 20000
30 46 89 20000
30 47 2285 20000
30 48 76 20000
30 49 128 20000
30 50 68 20000
30 51 96 20000
31 32 83 20000
31 33 203 20000
31 34 405 20000
31 35 256 20000
31 36 168 20000
31 37 448 20000
31 38 94 20000
31 39 179 20000
31 40 139 20000
31 41 2265 20000
31 42 70 20000
31 43 97 20000
31 44 136 20000
31 45 82 20000
31 46 131 20000
31 47 335 20000
31 48 33 20000
31 49 87 20000
31 50 56 20000
31 51 70 20000
32 33 942 20000
32 34 408 20000
32 35 453 20000
32 36 1010 20000
32 37 289 20000
32 38 180 20000
32 39 63 20000
32 40 102 20000
32 41 31 20000
32 42 311 20000
32 43 121 20000
32 44 76 20000
32 45 140 20000
32 46 90 20000
32 47 58 20000
32 48 2344 20000
32 49 135 20000
32 50 187 20000
32 51 113 20000
33 34 303 20000
33 35 249 20000
33 36 930 20000
33 37 368 20000
33 38 111 20000
33 39 54 20000
33 40 136 20000
33 41 50 20000
33 42 2211 20000
33 43 89 20000
33 44 80 20000
33 45 151 20000
33 46 127 20000
33 47 40 20000
33 48 164 20000
33 49 84 20000
33 50 322 20000
33 51 102 20000
34 35 199 20000
34 36 468 20000
34 37 216 20000
34 38 110 20000
34 39 89 20000
34 40 40 20000
34 41 147 20000
34 42 93 20000
34 43 66 20000
34 44 60 20000
34 45 326 20000
34 46 207 20000
34 47 132 20000
34 48 97 20000
34 49 2322 20000
34 50 112 20000
34 51 94 20000
35 36 371 20000
35 37 964 20000
35 38 118 20000
35 39 99 20000
35 40 303 20000
35 41 74 20000
35 42 65 20000
35 43 2255 20000
35 44 181 20000
35 45 66 20000
35 46 43 20000
35 47 125 20000
35 48 130 20000
35 49 47 20000
35 50 141 20000
35 51 105 20000
36 37 477 20000
36 38 123 20000
36 39 25 20000
36 40 69 20000
36 41 58 20000
36 42 186 20000
36 43 97 20000
36 44 136 20000
36 45 90 20000
36 46 157 20000
36 47 64 20000
36 48 309 20000
36 49 136 20000
36 50 2276 20000
36 51 97 20000
37 38 105 20000
37 39 92 20000
37 40 191 20000
37 41 127 20000
37 42 150 20000
37 43 292 20000
37 44 2258 20000
37 45 22 20000
37 46 60 20000
37 47 76 20000
37 48 79 20000
37 49 69 20000
37 50 111 20000
37 51 81 20000
38 39 142 20000
38 40 80 20000
38 41 85 20000
38 42 98 20000
38 43 94 20000
38 44 91 20000
38 45 129 20000
38 46 101 20000
38 47 88 20000
38 48 114 20000
38 49 81 20000
38 50 74 20000
38 51 3915 20000
39 40 97 20000
39 41 157 20000
39 42 46 20000
39 43 203 20000
39 44 83 20000
39 45 96 20000
39 46 219 20000
39 47 162 20000
39 48 38 20000
39 49 70 20000
39 50 37 20000
39 51 108 20000
40 41 218 20000
40 42 88 20000
40 43 180 20000
40 44 174 20000
40 45 47 20000
40 46 42 20000
40 47 71 20000
40 48 211 20000
40 49 51 20000
40 50 65 20000
40 51 100 20000
41 42 43 20000
41 43 77 20000
41 44 86 20000
41 45 82 20000
41 46 87 20000
41 47 166 20000
41 48 39 20000
41 49 224 20000
41 50 43 20000
41 51 66 20000
42 43 87 20000
42 44 212 20000
42 45 222 20000
42 46 85 20000
42 47 41 20000
42 48 157 20000
42 49 93 20000
42 50 157 20000
42 51 97 20000
43 44 164 20000
43 45 41 20000
43 46 42 20000
43 47 105 20000
43 48 107 20000
43 49 39 20000
43 50 212 20000
43 51 93 20000
44 45 51 20000
44 46 50 20000
44 47 231 20000
44 48 85 20000
44 49 42 20000
44 50 91 20000
44 51 76 20000
45 46 173 20000
45 47 202 20000
45 48 94 20000
45 49 168 20000
45 50 82 20000
45 51 104 20000
46 47 78 20000
46 48 79 20000
46 49 155 20000
46 50 184 20000
46 51 62 20000
47 48 49 20000
47 49 87 20000
47 50 42 20000
47 51 78 20000
48 49 206 20000
48 50 151 20000
48 51 98 20000
49 50 80 20000
49 51 53 20000
50 51 75 20000
