NLAB 30093975536
maxM 72
argT #########. ........#. ........#. ........#. ........#. ........#. ........#. ........#. ........#. ..........
S 2 9 352 11376.0
S 2 10 2928 43904.0
S 3 6 240 4384.0
S 3 7 5656 44160.0
S 3 8 36664 222752.0
S 3 9 134552 678928.0
S 3 10 353672 1504176.0
S 4 5 1456 10912.0
S 4 6 35056 167648.0
S 4 7 216936 829600.0
S 4 8 782104 2740624.0
S 4 9 2116576 7175664.0
S 4 10 4594720 14136288.0
S 5 4 1456 10912.0
S 5 5 75024 367968.0
S 5 6 631344 2406048.0
S 5 7 2559096 8509232.0
S 5 8 7292032 22903328.0
S 5 9 16631112 49101360.0
S 5 10 32205192 89660208.0
S 6 3 240 4384.0
S 6 4 35056 167648.0
S 6 5 631344 2406048.0
S 6 6 3631936 11696768.0
S 6 7 12089960 35379296.0
S 6 8 30097856 83762752.0
S 6 9 62237064 166009840.0
S 6 10 112512480 287217888.0
S 7 3 5656 44160.0
S 7 4 216936 829600.0
S 7 5 2559096 8509232.0
S 7 6 12089960 35379296.0
S 7 7 35870904 97737392.0
S 7 8 82603080 216541984.0
S 7 9 161515264 408730288.0
S 7 10 280573864 685778816.0
S 8 3 36664 222752.0
S 8 4 782104 2740624.0
S 8 5 7292032 22903328.0
S 8 6 30097856 83762752.0
S 8 7 82603080 216541984.0
S 8 8 180515040 456239744.0
S 8 9 339883528 831893520.0
S 8 10 574729696 1366263456.0
S 9 2 352 11376.0
S 9 3 134552 678928.0
S 9 4 2116576 7175664.0
S 9 5 16631112 49101360.0
S 9 6 62237064 166009840.0
S 9 7 161515264 408730288.0
S 9 8 339883528 831893520.0
S 9 9 622928984 1483224048.0
S 9 10 1033251800 2399426064.0
S 10 2 2928 43904.0
S 10 3 353672 1504176.0
S 10 4 4594720 14136288.0
S 10 5 32205192 89660208.0
S 10 6 112512480 287217888.0
S 10 7 280573864 685778816.0
S 10 8 574729696 1366263456.0
S 10 9 1033251800 2399426064.0
S 10 10 1690320128 3843523008.0
MH 2 6937560944
MH 4 891611376
MH 6 52999680
MH 8 130608336
MH 10 14969360
MH 12 7884288
MH 14 1963920
MH 16 6221856
MH 18 710640
MH 20 1857520
MH 22 315216
MH 24 447408
MH 26 55536
MH 28 114800
MH 30 51840
MH 32 65536
MH 34 47056
MH 36 23040
MH 38 6080
MH 40 5120
MH 42 3024
MH 44 1760
MH 46 2944
MH 48 1152
MH 50 400
MH 54 432
MH 56 448
MH 72 864
TOY 0 2.5827103947938824e-08
TOY 1 2.5462677486486244e-08
TOY 2 2.4875965567367969e-08
TOY 3 2.8498561406075339e-08
TOY 4 2.8498561406075339e-08
TOY 5 2.4875965567367969e-08
TOY 6 2.5462677486486244e-08
TOY 7 2.5827103947938824e-08
TOY 8 1.8830222974474141e-08
TOY 9 1.7690174405319222e-08
TOY 10 2.0329108418208225e-08
TOY 11 1.8470737091259461e-08
TOY 12 1.861278885635896e-08
TOY 13 2.2396346949283306e-08
TOY 14 2.2910167086024707e-08
TOY 15 2.1667218197708046e-08
TOY 16 2.2910167086024707e-08
TOY 17 2.2396346949283306e-08
TOY 18 1.861278885635896e-08
TOY 19 1.8470737091259461e-08
TOY 20 2.0329108418208225e-08
TOY 21 1.7690174405319222e-08
TOY 22 1.8830222974474141e-08
