0 1 125 25000
0 2 132 25000
0 3 136 25000
0 4 143 25000
0 5 124 25000
0 6 131 25000
0 7 126 25000
0 8 128 25000
0 9 141 25000
0 10 149 25000
0 11 127 25000
0 12 114 25000
0 13 80 25000
0 14 85 25000
0 15 81 25000
0 16 72 25000
0 17 90 25000
0 18 66 25000
0 19 88 25000
0 20 86 25000
0 21 94 25000
0 22 78 25000
0 23 74 25000
0 24 73 25000
0 25 74 25000
0 26 83 25000
0 27 79 25000
0 28 86 25000
0 29 73 25000
0 30 89 25000
0 31 91 25000
0 32 73 25000
0 33 76 25000
0 34 89 25000
0 35 85 25000
0 36 76 25000
0 37 84 25000
0 38 71 25000
0 39 71 25000
0 40 87 25000
0 41 80 25000
0 42 73 25000
0 43 78 25000
0 44 85 25000
0 45 84 25000
0 46 71 25000
0 47 83 25000
0 48 86 25000
0 49 79 25000
0 50 78 25000
0 51 82 25000
1 2 134 25000
1 3 121 25000
1 4 116 25000
1 5 137 25000
1 6 112 25000
1 7 113 25000
1 8 127 25000
1 9 140 25000
1 10 118 25000
1 11 120 25000
1 12 146 25000
1 13 79 25000
1 14 96 25000
1 15 79 25000
1 16 80 25000
1 17 76 25000
1 18 75 25000
1 19 81 25000
1 20 81 25000
1 21 74 25000
1 22 72 25000
1 23 69 25000
1 24 76 25000
1 25 57 25000
1 26 78 25000
1 27 81 25000
1 28 82 25000
1 29 84 25000
1 30 90 25000
1 31 74 25000
1 32 80 25000
1 33 92 25000
1 34 92 25000
1 35 86 25000
1 36 80 25000
1 37 64 25000
1 38 86 25000
1 39 66 25000
1 40 78 25000
1 41 77 25000
1 42 70 25000
1 43 87 25000
1 44 70 25000
1 45 78 25000
1 46 76 25000
1 47 68 25000
1 48 73 25000
1 49 87 25000
1 50 80 25000
1 51 84 25000
2 3 136 25000
2 4 131 25000
2 5 124 25000
2 6 132 25000
2 7 124 25000
2 8 126 25000
2 9 146 25000
2 10 121 25000
2 11 150 25000
2 12 145 25000
2 13 78 25000
2 14 79 25000
2 15 89 25000
2 16 80 25000
2 17 81 25000
2 18 94 25000
2 19 92 25000
2 20 81 25000
2 21 88 25000
2 22 95 25000
2 23 79 25000
2 24 77 25000
2 25 75 25000
2 26 88 25000
2 27 75 25000
2 28 91 25000
2 29 77 25000
2 30 107 25000
2 31 98 25000
2 32 84 25000
2 33 92 25000
2 34 81 25000
2 35 81 25000
2 36 92 25000
2 37 89 25000
2 38 79 25000
2 39 96 25000
2 40 91 25000
2 41 82 25000
2 42 88 25000
2 43 86 25000
2 44 71 25000
2 45 77 25000
2 46 95 25000
2 47 88 25000
2 48 81 25000
2 49 87 25000
2 50 78 25000
2 51 84 25000
3 4 134 25000
3 5 127 25000
3 6 112 25000
3 7 108 25000
3 8 112 25000
3 9 140 25000
3 10 133 25000
3 11 116 25000
3 12 113 25000
3 13 90 25000
3 14 92 25000
3 15 93 25000
3 16 70 25000
3 17 93 25000
3 18 93 25000
3 19 67 25000
3 20 88 25000
3 21 97 25000
3 22 84 25000
3 23 73 25000
3 24 75 25000
3 25 86 25000
3 26 80 25000
3 27 91 25000
3 28 76 25000
3 29 90 25000
3 30 66 25000
3 31 90 25000
3 32 73 25000
3 33 99 25000
3 34 81 25000
3 35 82 25000
3 36 88 25000
3 37 82 25000
3 38 86 25000
3 39 78 25000
3 40 79 25000
3 41 81 25000
3 42 92 25000
3 43 96 25000
3 44 84 25000
3 45 84 25000
3 46 69 25000
3 47 82 25000
3 48 73 25000
3 49 83 25000
3 50 79 25000
3 51 72 25000
4 5 124 25000
4 6 115 25000
4 7 124 25000
4 8 129 25000
4 9 154 25000
4 10 137 25000
4 11 128 25000
4 12 141 25000
4 13 89 25000
4 14 71 25000
4 15 92 25000
4 16 82 25000
4 17 88 25000
4 18 95 25000
4 19 79 25000
4 20 72 25000
4 21 76 25000
4 22 81 25000
4 23 88 25000
4 24 114 25000
4 25 68 25000
4 26 86 25000
4 27 82 25000
4 28 76 25000
4 29 67 25000
4 30 91 25000
4 31 85 25000
4 32 78 25000
4 33 68 25000
4 34 72 25000
4 35 76 25000
4 36 84 25000
4 37 73 25000
4 38 81 25000
4 39 94 25000
4 40 78 25000
4 41 104 25000
4 42 91 25000
4 43 71 25000
4 44 77 25000
4 45 82 25000
4 46 67 25000
4 47 76 25000
4 48 83 25000
4 49 86 25000
4 50 88 25000
4 51 80 25000
5 6 135 25000
5 7 125 25000
5 8 125 25000
5 9 107 25000
5 10 112 25000
5 11 110 25000
5 12 144 25000
5 13 77 25000
5 14 94 25000
5 15 101 25000
5 16 81 25000
5 17 60 25000
5 18 83 25000
5 19 66 25000
5 20 87 25000
5 21 84 25000
5 22 82 25000
5 23 92 25000
5 24 78 25000
5 25 77 25000
5 26 92 25000
5 27 79 25000
5 28 100 25000
5 29 80 25000
5 30 84 25000
5 31 92 25000
5 32 93 25000
5 33 102 25000
5 34 77 25000
5 35 93 25000
5 36 93 25000
5 37 103 25000
5 38 89 25000
5 39 86 25000
5 40 91 25000
5 41 92 25000
5 42 78 25000
5 43 85 25000
5 44 71 25000
5 45 86 25000
5 46 77 25000
5 47 60 25000
5 48 81 25000
5 49 63 25000
5 50 99 25000
5 51 73 25000
6 7 131 25000
6 8 107 25000
6 9 138 25000
6 10 119 25000
6 11 128 25000
6 12 135 25000
6 13 73 25000
6 14 72 25000
6 15 94 25000
6 16 73 25000
6 17 84 25000
6 18 84 25000
6 19 78 25000
6 20 73 25000
6 21 93 25000
6 22 89 25000
6 23 74 25000
6 24 92 25000
6 25 68 25000
6 26 78 25000
6 27 78 25000
6 28 101 25000
6 29 76 25000
6 30 84 25000
6 31 84 25000
6 32 77 25000
6 33 85 25000
6 34 82 25000
6 35 84 25000
6 36 91 25000
6 37 70 25000
6 38 77 25000
6 39 76 25000
6 40 70 25000
6 41 98 25000
6 42 80 25000
6 43 83 25000
6 44 69 25000
6 45 84 25000
6 46 75 25000
6 47 94 25000
6 48 76 25000
6 49 84 25000
6 50 71 25000
6 51 98 25000
7 8 135 25000
7 9 123 25000
7 10 122 25000
7 11 122 25000
7 12 146 25000
7 13 79 25000
7 14 68 25000
7 15 85 25000
7 16 88 25000
7 17 74 25000
7 18 70 25000
7 19 89 25000
7 20 91 25000
7 21 73 25000
7 22 75 25000
7 23 70 25000
7 24 74 25000
7 25 79 25000
7 26 72 25000
7 27 68 25000
7 28 84 25000
7 29 71 25000
7 30 75 25000
7 31 79 25000
7 32 81 25000
7 33 74 25000
7 34 88 25000
7 35 77 25000
7 36 86 25000
7 37 75 25000
7 38 74 25000
7 39 98 25000
7 40 73 25000
7 41 87 25000
7 42 75 25000
7 43 69 25000
7 44 83 25000
7 45 83 25000
7 46 88 25000
7 47 86 25000
7 48 81 25000
7 49 73 25000
7 50 73 25000
7 51 91 25000
8 9 141 25000
8 10 114 25000
8 11 140 25000
8 12 114 25000
8 13 91 25000
8 14 73 25000
8 15 78 25000
8 16 70 25000
8 17 69 25000
8 18 86 25000
8 19 81 25000
8 20 79 25000
8 21 79 25000
8 22 84 25000
8 23 87 25000
8 24 70 25000
8 25 80 25000
8 26 77 25000
8 27 77 25000
8 28 81 25000
8 29 82 25000
8 30 92 25000
8 31 91 25000
8 32 92 25000
8 33 67 25000
8 34 83 25000
8 35 82 25000
8 36 95 25000
8 37 79 25000
8 38 82 25000
8 39 78 25000
8 40 72 25000
8 41 87 25000
8 42 78 25000
8 43 64 25000
8 44 78 25000
8 45 76 25000
8 46 82 25000
8 47 71 25000
8 48 78 25000
8 49 68 25000
8 50 80 25000
8 51 101 25000
9 10 148 25000
9 11 161 25000
9 12 150 25000
9 13 100 25000
9 14 85 25000
9 15 90 25000
9 16 81 25000
9 17 82 25000
9 18 85 25000
9 19 88 25000
9 20 72 25000
9 21 74 25000
9 22 90 25000
9 23 94 25000
9 24 94 25000
9 25 90 25000
9 26 98 25000
9 27 84 25000
9 28 96 25000
9 29 84 25000
9 30 83 25000
9 31 80 25000
9 32 87 25000
9 33 81 25000
9 34 85 25000
9 35 95 25000
9 36 95 25000
9 37 90 25000
9 38 82 25000
9 39 95 25000
9 40 65 25000
9 41 89 25000
9 42 80 25000
9 43 75 25000
9 44 84 25000
9 45 93 25000
9 46 79 25000
9 47 90 25000
9 48 79 25000
9 49 97 25000
9 50 75 25000
9 51 82 25000
10 11 142 25000
10 12 148 25000
10 13 85 25000
10 14 73 25000
10 15 89 25000
10 16 78 25000
10 17 59 25000
10 18 78 25000
10 19 82 25000
10 20 85 25000
10 21 92 25000
10 22 77 25000
10 23 65 25000
10 24 83 25000
10 25 73 25000
10 26 84 25000
10 27 74 25000
10 28 103 25000
10 29 77 25000
10 30 89 25000
10 31 79 25000
10 32 62 25000
10 33 94 25000
10 34 99 25000
10 35 61 25000
10 36 85 25000
10 37 74 25000
10 38 78 25000
10 39 74 25000
10 40 69 25000
10 41 72 25000
10 42 78 25000
10 43 72 25000
10 44 81 25000
10 45 72 25000
10 46 78 25000
10 47 101 25000
10 48 71 25000
10 49 85 25000
10 50 79 25000
10 51 78 25000
11 12 151 25000
11 13 69 25000
11 14 95 25000
11 15 74 25000
11 16 70 25000
11 17 80 25000
11 18 76 25000
11 19 81 25000
11 20 75 25000
11 21 77 25000
11 22 82 25000
11 23 92 25000
11 24 52 25000
11 25 76 25000
11 26 61 25000
11 27 87 25000
11 28 88 25000
11 29 110 25000
11 30 86 25000
11 31 85 25000
11 32 88 25000
11 33 94 25000
11 34 91 25000
11 35 86 25000
11 36 100 25000
11 37 83 25000
11 38 91 25000
11 39 78 25000
11 40 84 25000
11 41 89 25000
11 42 80 25000
11 43 71 25000
11 44 73 25000
11 45 77 25000
11 46 85 25000
11 47 82 25000
11 48 73 25000
11 49 81 25000
11 50 89 25000
11 51 82 25000
12 13 78 25000
12 14 79 25000
12 15 83 25000
12 16 88 25000
12 17 90 25000
12 18 74 25000
12 19 79 25000
12 20 84 25000
12 21 89 25000
12 22 65 25000
12 23 85 25000
12 24 88 25000
12 25 71 25000
12 26 73 25000
12 27 88 25000
12 28 77 25000
12 29 87 25000
12 30 81 25000
12 31 81 25000
12 32 72 25000
12 33 81 25000
12 34 94 25000
12 35 83 25000
12 36 70 25000
12 37 79 25000
12 38 86 25000
12 39 79 25000
12 40 73 25000
12 41 98 25000
12 42 89 25000
12 43 88 25000
12 44 74 25000
12 45 99 25000
12 46 77 25000
12 47 72 25000
12 48 96 25000
12 49 94 25000
12 50 68 25000
12 51 71 25000
13 14 117 25000
13 15 115 25000
13 16 134 25000
13 17 107 25000
13 18 112 25000
13 19 130 25000
13 20 124 25000
13 21 130 25000
13 22 125 25000
13 23 125 25000
13 24 139 25000
13 25 121 25000
13 26 66 25000
13 27 82 25000
13 28 77 25000
13 29 104 25000
13 30 80 25000
13 31 82 25000
13 32 78 25000
13 33 86 25000
13 34 68 25000
13 35 72 25000
13 36 88 25000
13 37 87 25000
13 38 83 25000
13 39 57 25000
13 40 74 25000
13 41 78 25000
13 42 76 25000
13 43 82 25000
13 44 77 25000
13 45 92 25000
13 46 75 25000
13 47 85 25000
13 48 91 25000
13 49 85 25000
13 50 90 25000
13 51 80 25000
14 15 141 25000
14 16 135 25000
14 17 134 25000
14 18 117 25000
14 19 111 25000
14 20 111 25000
14 21 129 25000
14 22 128 25000
14 23 102 25000
14 24 112 25000
14 25 125 25000
14 26 58 25000
14 27 92 25000
14 28 95 25000
14 29 91 25000
14 30 88 25000
14 31 75 25000
14 32 66 25000
14 33 91 25000
14 34 65 25000
14 35 79 25000
14 36 86 25000
14 37 88 25000
14 38 92 25000
14 39 72 25000
14 40 77 25000
14 41 82 25000
14 42 81 25000
14 43 77 25000
14 44 87 25000
14 45 90 25000
14 46 84 25000
14 47 69 25000
14 48 101 25000
14 49 93 25000
14 50 85 25000
14 51 102 25000
15 16 124 25000
15 17 131 25000
15 18 108 25000
15 19 145 25000
15 20 125 25000
15 21 140 25000
15 22 126 25000
15 23 122 25000
15 24 135 25000
15 25 126 25000
15 26 81 25000
15 27 77 25000
15 28 91 25000
15 29 81 25000
15 30 77 25000
15 31 88 25000
15 32 76 25000
15 33 84 25000
15 34 77 25000
15 35 73 25000
15 36 83 25000
15 37 73 25000
15 38 80 25000
15 39 80 25000
15 40 89 25000
15 41 72 25000
15 42 100 25000
15 43 84 25000
15 44 103 25000
15 45 91 25000
15 46 74 25000
15 47 80 25000
15 48 99 25000
15 49 69 25000
15 50 71 25000
15 51 85 25000
16 17 131 25000
16 18 146 25000
16 19 129 25000
16 20 131 25000
16 21 107 25000
16 22 106 25000
16 23 131 25000
16 24 126 25000
16 25 133 25000
16 26 92 25000
16 27 102 25000
16 28 74 25000
16 29 82 25000
16 30 101 25000
16 31 94 25000
16 32 78 25000
16 33 78 25000
16 34 89 25000
16 35 91 25000
16 36 73 25000
16 37 84 25000
16 38 72 25000
16 39 69 25000
16 40 80 25000
16 41 90 25000
16 42 72 25000
16 43 77 25000
16 44 76 25000
16 45 97 25000
16 46 71 25000
16 47 69 25000
16 48 84 25000
16 49 94 25000
16 50 78 25000
16 51 96 25000
17 18 141 25000
17 19 143 25000
17 20 140 25000
17 21 137 25000
17 22 131 25000
17 23 131 25000
17 24 129 25000
17 25 143 25000
17 26 81 25000
17 27 75 25000
17 28 81 25000
17 29 78 25000
17 30 88 25000
17 31 82 25000
17 32 78 25000
17 33 84 25000
17 34 82 25000
17 35 87 25000
17 36 79 25000
17 37 105 25000
17 38 88 25000
17 39 91 25000
17 40 95 25000
17 41 84 25000
17 42 77 25000
17 43 74 25000
17 44 83 25000
17 45 84 25000
17 46 93 25000
17 47 80 25000
17 48 88 25000
17 49 79 25000
17 50 67 25000
17 51 83 25000
18 19 121 25000
18 20 114 25000
18 21 139 25000
18 22 129 25000
18 23 134 25000
18 24 115 25000
18 25 118 25000
18 26 83 25000
18 27 61 25000
18 28 80 25000
18 29 86 25000
18 30 74 25000
18 31 87 25000
18 32 95 25000
18 33 87 25000
18 34 78 25000
18 35 87 25000
18 36 86 25000
18 37 69 25000
18 38 90 25000
18 39 80 25000
18 40 83 25000
18 41 100 25000
18 42 69 25000
18 43 92 25000
18 44 98 25000
18 45 96 25000
18 46 97 25000
18 47 91 25000
18 48 95 25000
18 49 75 25000
18 50 89 25000
18 51 85 25000
19 20 128 25000
19 21 140 25000
19 22 115 25000
19 23 117 25000
19 24 124 25000
19 25 113 25000
19 26 80 25000
19 27 76 25000
19 28 97 25000
19 29 96 25000
19 30 72 25000
19 31 72 25000
19 32 69 25000
19 33 85 25000
19 34 70 25000
19 35 82 25000
19 36 86 25000
19 37 72 25000
19 38 94 25000
19 39 92 25000
19 40 84 25000
19 41 87 25000
19 42 80 25000
19 43 73 25000
19 44 101 25000
19 45 72 25000
19 46 92 25000
19 47 78 25000
19 48 92 25000
19 49 71 25000
19 50 75 25000
19 51 86 25000
20 21 115 25000
20 22 129 25000
20 23 110 25000
20 24 134 25000
20 25 127 25000
20 26 86 25000
20 27 76 25000
20 28 81 25000
20 29 65 25000
20 30 79 25000
20 31 90 25000
20 32 86 25000
20 33 67 25000
20 34 74 25000
20 35 75 25000
20 36 76 25000
20 37 76 25000
20 38 70 25000
20 39 69 25000
20 40 66 25000
20 41 95 25000
20 42 84 25000
20 43 78 25000
20 44 91 25000
20 45 76 25000
20 46 90 25000
20 47 82 25000
20 48 90 25000
20 49 89 25000
20 50 84 25000
20 51 85 25000
21 22 112 25000
21 23 149 25000
21 24 119 25000
21 25 117 25000
21 26 82 25000
21 27 76 25000
21 28 84 25000
21 29 74 25000
21 30 76 25000
21 31 74 25000
21 32 69 25000
21 33 79 25000
21 34 71 25000
21 35 82 25000
21 36 68 25000
21 37 71 25000
21 38 78 25000
21 39 78 25000
21 40 84 25000
21 41 91 25000
21 42 86 25000
21 43 73 25000
21 44 72 25000
21 45 77 25000
21 46 82 25000
21 47 73 25000
21 48 82 25000
21 49 82 25000
21 50 92 25000
21 51 84 25000
22 23 152 25000
22 24 127 25000
22 25 130 25000
22 26 86 25000
22 27 85 25000
22 28 87 25000
22 29 82 25000
22 30 72 25000
22 31 76 25000
22 32 75 25000
22 33 87 25000
22 34 67 25000
22 35 83 25000
22 36 81 25000
22 37 83 25000
22 38 75 25000
22 39 77 25000
22 40 80 25000
22 41 77 25000
22 42 75 25000
22 43 62 25000
22 44 84 25000
22 45 94 25000
22 46 77 25000
22 47 86 25000
22 48 91 25000
22 49 84 25000
22 50 85 25000
22 51 90 25000
23 24 131 25000
23 25 124 25000
23 26 68 25000
23 27 76 25000
23 28 80 25000
23 29 89 25000
23 30 82 25000
23 31 62 25000
23 32 89 25000
23 33 90 25000
23 34 74 25000
23 35 80 25000
23 36 83 25000
23 37 79 25000
23 38 93 25000
23 39 88 25000
23 40 85 25000
23 41 84 25000
23 42 75 25000
23 43 69 25000
23 44 91 25000
23 45 68 25000
23 46 80 25000
23 47 74 25000
23 48 92 25000
23 49 71 25000
23 50 92 25000
23 51 85 25000
24 25 139 25000
24 26 77 25000
24 27 90 25000
24 28 77 25000
24 29 113 25000
24 30 99 25000
24 31 78 25000
24 32 72 25000
24 33 77 25000
24 34 83 25000
24 35 74 25000
24 36 85 25000
24 37 78 25000
24 38 88 25000
24 39 87 25000
24 40 79 25000
24 41 93 25000
24 42 74 25000
24 43 80 25000
24 44 85 25000
24 45 82 25000
24 46 88 25000
24 47 86 25000
24 48 67 25000
24 49 93 25000
24 50 85 25000
24 51 89 25000
25 26 91 25000
25 27 74 25000
25 28 78 25000
25 29 76 25000
25 30 94 25000
25 31 78 25000
25 32 67 25000
25 33 78 25000
25 34 81 25000
25 35 76 25000
25 36 77 25000
25 37 81 25000
25 38 69 25000
25 39 86 25000
25 40 77 25000
25 41 105 25000
25 42 82 25000
25 43 64 25000
25 44 85 25000
25 45 65 25000
25 46 92 25000
25 47 71 25000
25 48 81 25000
25 49 89 25000
25 50 85 25000
25 51 78 25000
26 27 140 25000
26 28 121 25000
26 29 135 25000
26 30 137 25000
26 31 128 25000
26 32 123 25000
26 33 108 25000
26 34 123 25000
26 35 142 25000
26 36 142 25000
26 37 141 25000
26 38 115 25000
26 39 75 25000
26 40 77 25000
26 41 85 25000
26 42 60 25000
26 43 78 25000
26 44 74 25000
26 45 85 25000
26 46 78 25000
26 47 80 25000
26 48 82 25000
26 49 81 25000
26 50 74 25000
26 51 90 25000
27 28 125 25000
27 29 131 25000
27 30 120 25000
27 31 116 25000
27 32 120 25000
27 33 132 25000
27 34 117 25000
27 35 133 25000
27 36 129 25000
27 37 108 25000
27 38 155 25000
27 39 73 25000
27 40 67 25000
27 41 83 25000
27 42 83 25000
27 43 72 25000
27 44 86 25000
27 45 73 25000
27 46 79 25000
27 47 73 25000
27 48 75 25000
27 49 94 25000
27 50 75 25000
27 51 79 25000
28 29 133 25000
28 30 121 25000
28 31 132 25000
28 32 121 25000
28 33 126 25000
28 34 130 25000
28 35 125 25000
28 36 131 25000
28 37 130 25000
28 38 131 25000
28 39 74 25000
28 40 83 25000
28 41 92 25000
28 42 77 25000
28 43 77 25000
28 44 77 25000
28 45 96 25000
28 46 87 25000
28 47 76 25000
28 48 81 25000
28 49 79 25000
28 50 69 25000
28 51 80 25000
29 30 129 25000
29 31 153 25000
29 32 121 25000
29 33 133 25000
29 34 124 25000
29 35 118 25000
29 36 130 25000
29 37 124 25000
29 38 117 25000
29 39 85 25000
29 40 89 25000
29 41 85 25000
29 42 97 25000
29 43 66 25000
29 44 70 25000
29 45 77 25000
29 46 88 25000
29 47 98 25000
29 48 87 25000
29 49 78 25000
29 50 68 25000
29 51 85 25000
30 31 137 25000
30 32 115 25000
30 33 140 25000
30 34 127 25000
30 35 136 25000
30 36 119 25000
30 37 118 25000
30 38 137 25000
30 39 90 25000
30 40 82 25000
30 41 85 25000
30 42 92 25000
30 43 86 25000
30 44 78 25000
30 45 87 25000
30 46 88 25000
30 47 82 25000
30 48 77 25000
30 49 81 25000
30 50 86 25000
30 51 78 25000
31 32 128 25000
31 33 117 25000
31 34 119 25000
31 35 130 25000
31 36 129 25000
31 37 134 25000
31 38 130 25000
31 39 65 25000
31 40 64 25000
31 41 83 25000
31 42 72 25000
31 43 89 25000
31 44 60 25000
31 45 79 25000
31 46 81 25000
31 47 83 25000
31 48 66 25000
31 49 62 25000
31 50 76 25000
31 51 74 25000
32 33 125 25000
32 34 136 25000
32 35 139 25000
32 36 122 25000
32 37 121 25000
32 38 129 25000
32 39 84 25000
32 40 65 25000
32 41 66 25000
32 42 85 25000
32 43 78 25000
32 44 78 25000
32 45 83 25000
32 46 79 25000
32 47 85 25000
32 48 58 25000
32 49 65 25000
32 50 86 25000
32 51 79 25000
33 34 136 25000
33 35 145 25000
33 36 129 25000
33 37 122 25000
33 38 121 25000
33 39 88 25000
33 40 96 25000
33 41 70 25000
33 42 83 25000
33 43 85 25000
33 44 93 25000
33 45 84 25000
33 46 72 25000
33 47 86 25000
33 48 93 25000
33 49 79 25000
33 50 81 25000
33 51 78 25000
34 35 126 25000
34 36 128 25000
34 37 132 25000
34 38 125 25000
34 39 81 25000
34 40 65 25000
34 41 95 25000
34 42 88 25000
34 43 78 25000
34 44 69 25000
34 45 62 25000
34 46 75 25000
34 47 82 25000
34 48 84 25000
34 49 86 25000
34 50 87 25000
34 51 83 25000
35 36 128 25000
35 37 123 25000
35 38 133 25000
35 39 89 25000
35 40 82 25000
35 41 78 25000
35 42 79 25000
35 43 88 25000
35 44 78 25000
35 45 74 25000
35 46 88 25000
35 47 89 25000
35 48 80 25000
35 49 65 25000
35 50 94 25000
35 51 82 25000
36 37 117 25000
36 38 136 25000
36 39 68 25000
36 40 86 25000
36 41 75 25000
36 42 80 25000
36 43 77 25000
36 44 72 25000
36 45 85 25000
36 46 99 25000
36 47 82 25000
36 48 82 25000
36 49 81 25000
36 50 88 25000
36 51 87 25000
37 38 147 25000
37 39 75 25000
37 40 94 25000
37 41 79 25000
37 42 69 25000
37 43 78 25000
37 44 84 25000
37 45 79 25000
37 46 69 25000
37 47 66 25000
37 48 81 25000
37 49 81 25000
37 50 75 25000
37 51 89 25000
38 39 71 25000
38 40 90 25000
38 41 85 25000
38 42 80 25000
38 43 71 25000
38 44 72 25000
38 45 91 25000
38 46 88 25000
38 47 83 25000
38 48 101 25000
38 49 78 25000
38 50 84 25000
38 51 88 25000
39 40 128 25000
39 41 119 25000
39 42 129 25000
39 43 111 25000
39 44 125 25000
39 45 109 25000
39 46 132 25000
39 47 108 25000
39 48 124 25000
39 49 118 25000
39 50 124 25000
39 51 146 25000
40 41 122 25000
40 42 136 25000
40 43 147 25000
40 44 130 25000
40 45 121 25000
40 46 127 25000
40 47 126 25000
40 48 122 25000
40 49 114 25000
40 50 109 25000
40 51 129 25000
41 42 124 25000
41 43 124 25000
41 44 113 25000
41 45 122 25000
41 46 110 25000
41 47 115 25000
41 48 131 25000
41 49 136 25000
41 50 116 25000
41 51 142 25000
42 43 115 25000
42 44 121 25000
42 45 132 25000
42 46 109 25000
42 47 114 25000
42 48 119 25000
42 49 126 25000
42 50 135 25000
42 51 118 25000
43 44 117 25000
43 45 126 25000
43 46 116 25000
43 47 121 25000
43 48 113 25000
43 49 122 25000
43 50 138 25000
43 51 125 25000
44 45 122 25000
44 46 132 25000
44 47 114 25000
44 48 143 25000
44 49 112 25000
44 50 127 25000
44 51 118 25000
45 46 121 25000
45 47 112 25000
45 48 146 25000
45 49 139 25000
45 50 115 25000
45 51 154 25000
46 47 149 25000
46 48 125 25000
46 49 130 25000
46 50 135 25000
46 51 127 25000
47 48 140 25000
47 49 156 25000
47 50 125 25000
47 51 123 25000
48 49 123 25000
48 50 126 25000
48 51 137 25000
49 50 121 25000
49 51 119 25000
50 51 143 25000
