0 1 129 25000
0 2 117 25000
0 3 114 25000
0 4 111 25000
0 5 137 25000
0 6 130 25000
0 7 128 25000
0 8 120 25000
0 9 134 25000
0 10 130 25000
0 11 118 25000
0 12 135 25000
0 13 94 25000
0 14 72 25000
0 15 89 25000
0 16 78 25000
0 17 95 25000
0 18 72 25000
0 19 78 25000
0 20 77 25000
0 21 61 25000
0 22 86 25000
0 23 64 25000
0 24 79 25000
0 25 89 25000
0 26 85 25000
0 27 78 25000
0 28 82 25000
0 29 94 25000
0 30 85 25000
0 31 63 25000
0 32 65 25000
0 33 80 25000
0 34 77 25000
0 35 77 25000
0 36 79 25000
0 37 75 25000
0 38 86 25000
0 39 79 25000
0 40 89 25000
0 41 88 25000
0 42 91 25000
0 43 90 25000
0 44 79 25000
0 45 64 25000
0 46 87 25000
0 47 82 25000
0 48 77 25000
0 49 84 25000
0 50 73 25000
0 51 75 25000
1 2 118 25000
1 3 114 25000
1 4 130 25000
1 5 126 25000
1 6 107 25000
1 7 138 25000
1 8 116 25000
1 9 122 25000
1 10 101 25000
1 11 111 25000
1 12 158 25000
1 13 91 25000
1 14 89 25000
1 15 94 25000
1 16 74 25000
1 17 87 25000
1 18 78 25000
1 19 77 25000
1 20 87 25000
1 21 89 25000
1 22 88 25000
1 23 92 25000
1 24 88 25000
1 25 85 25000
1 26 63 25000
1 27 67 25000
1 28 81 25000
1 29 74 25000
1 30 91 25000
1 31 97 25000
1 32 83 25000
1 33 92 25000
1 34 81 25000
1 35 81 25000
1 36 80 25000
1 37 78 25000
1 38 89 25000
1 39 78 25000
1 40 75 25000
1 41 67 25000
1 42 81 25000
1 43 97 25000
1 44 77 25000
1 45 74 25000
1 46 96 25000
1 47 92 25000
1 48 72 25000
1 49 78 25000
1 50 77 25000
1 51 94 25000
2 3 112 25000
2 4 122 25000
2 5 139 25000
2 6 112 25000
2 7 126 25000
2 8 123 25000
2 9 105 25000
2 10 131 25000
2 11 117 25000
2 12 135 25000
2 13 79 25000
2 14 63 25000
2 15 89 25000
2 16 88 25000
2 17 71 25000
2 18 83 25000
2 19 91 25000
2 20 96 25000
2 21 83 25000
2 22 90 25000
2 23 75 25000
2 24 72 25000
2 25 85 25000
2 26 81 25000
2 27 77 25000
2 28 102 25000
2 29 87 25000
2 30 75 25000
2 31 84 25000
2 32 78 25000
2 33 92 25000
2 34 68 25000
2 35 89 25000
2 36 82 25000
2 37 83 25000
2 38 75 25000
2 39 89 25000
2 40 90 25000
2 41 75 25000
2 42 78 25000
2 43 69 25000
2 44 91 25000
2 45 72 25000
2 46 64 25000
2 47 83 25000
2 48 79 25000
2 49 84 25000
2 50 80 25000
2 51 72 25000
3 4 123 25000
3 5 125 25000
3 6 120 25000
3 7 121 25000
3 8 112 25000
3 9 114 25000
3 10 110 25000
3 11 137 25000
3 12 142 25000
3 13 78 25000
3 14 75 25000
3 15 81 25000
3 16 80 25000
3 17 79 25000
3 18 83 25000
3 19 94 25000
3 20 82 25000
3 21 80 25000
3 22 80 25000
3 23 94 25000
3 24 79 25000
3 25 84 25000
3 26 80 25000
3 27 96 25000
3 28 70 25000
3 29 88 25000
3 30 85 25000
3 31 88 25000
3 32 66 25000
3 33 71 25000
3 34 90 25000
3 35 82 25000
3 36 72 25000
3 37 85 25000
3 38 71 25000
3 39 82 25000
3 40 73 25000
3 41 79 25000
3 42 79 25000
3 43 66 25000
3 44 87 25000
3 45 87 25000
3 46 72 25000
3 47 82 25000
3 48 65 25000
3 49 102 25000
3 50 87 25000
3 51 71 25000
4 5 135 25000
4 6 124 25000
4 7 112 25000
4 8 113 25000
4 9 116 25000
4 10 94 25000
4 11 118 25000
4 12 124 25000
4 13 83 25000
4 14 77 25000
4 15 75 25000
4 16 84 25000
4 17 77 25000
4 18 68 25000
4 19 82 25000
4 20 91 25000
4 21 85 25000
4 22 85 25000
4 23 81 25000
4 24 78 25000
4 25 68 25000
4 26 87 25000
4 27 80 25000
4 28 76 25000
4 29 86 25000
4 30 79 25000
4 31 73 25000
4 32 85 25000
4 33 84 25000
4 34 80 25000
4 35 64 25000
4 36 93 25000
4 37 97 25000
4 38 74 25000
4 39 87 25000
4 40 95 25000
4 41 77 25000
4 42 82 25000
4 43 77 25000
4 44 70 25000
4 45 75 25000
4 46 81 25000
4 47 78 25000
4 48 80 25000
4 49 75 25000
4 50 78 25000
4 51 74 25000
5 6 132 25000
5 7 112 25000
5 8 124 25000
5 9 131 25000
5 10 123 25000
5 11 104 25000
5 12 154 25000
5 13 90 25000
5 14 97 25000
5 15 73 25000
5 16 71 25000
5 17 75 25000
5 18 95 25000
5 19 88 25000
5 20 89 25000
5 21 92 25000
5 22 82 25000
5 23 72 25000
5 24 83 25000
5 25 72 25000
5 26 93 25000
5 27 83 25000
5 28 94 25000
5 29 66 25000
5 30 68 25000
5 31 77 25000
5 32 84 25000
5 33 89 25000
5 34 86 25000
5 35 69 25000
5 36 79 25000
5 37 91 25000
5 38 78 25000
5 39 71 25000
5 40 99 25000
5 41 72 25000
5 42 100 25000
5 43 94 25000
5 44 82 25000
5 45 87 25000
5 46 68 25000
5 47 78 25000
5 48 75 25000
5 49 73 25000
5 50 90 25000
5 51 80 25000
6 7 120 25000
6 8 114 25000
6 9 111 25000
6 10 126 25000
6 11 119 25000
6 12 149 25000
6 13 71 25000
6 14 103 25000
6 15 80 25000
6 16 93 25000
6 17 82 25000
6 18 73 25000
6 19 77 25000
6 20 82 25000
6 21 76 25000
6 22 81 25000
6 23 73 25000
6 24 75 25000
6 25 90 25000
6 26 96 25000
6 27 94 25000
6 28 101 25000
6 29 73 25000
6 30 80 25000
6 31 70 25000
6 32 75 25000
6 33 83 25000
6 34 78 25000
6 35 79 25000
6 36 92 25000
6 37 87 25000
6 38 90 25000
6 39 67 25000
6 40 86 25000
6 41 80 25000
6 42 78 25000
6 43 87 25000
6 44 80 25000
6 45 64 25000
6 46 92 25000
6 47 89 25000
6 48 83 25000
6 49 76 25000
6 50 95 25000
6 51 81 25000
7 8 147 25000
7 9 125 25000
7 10 121 25000
7 11 123 25000
7 12 129 25000
7 13 94 25000
7 14 99 25000
7 15 71 25000
7 16 87 25000
7 17 89 25000
7 18 73 25000
7 19 85 25000
7 20 81 25000
7 21 90 25000
7 22 80 25000
7 23 81 25000
7 24 61 25000
7 25 83 25000
7 26 77 25000
7 27 77 25000
7 28 92 25000
7 29 87 25000
7 30 73 25000
7 31 85 25000
7 32 91 25000
7 33 67 25000
7 34 68 25000
7 35 90 25000
7 36 89 25000
7 37 67 25000
7 38 83 25000
7 39 82 25000
7 40 68 25000
7 41 85 25000
7 42 84 25000
7 43 71 25000
7 44 94 25000
7 45 80 25000
7 46 74 25000
7 47 80 25000
7 48 83 25000
7 49 71 25000
7 50 70 25000
7 51 88 25000
8 9 138 25000
8 10 121 25000
8 11 109 25000
8 12 141 25000
8 13 65 25000
8 14 84 25000
8 15 86 25000
8 16 66 25000
8 17 92 25000
8 18 74 25000
8 19 70 25000
8 20 74 25000
8 21 78 25000
8 22 74 25000
8 23 72 25000
8 24 78 25000
8 25 70 25000
8 26 77 25000
8 27 81 25000
8 28 86 25000
8 29 66 25000
8 30 80 25000
8 31 78 25000
8 32 90 25000
8 33 81 25000
8 34 77 25000
8 35 103 25000
8 36 64 25000
8 37 64 25000
8 38 80 25000
8 39 81 25000
8 40 83 25000
8 41 94 25000
8 42 91 25000
8 43 85 25000
8 44 95 25000
8 45 80 25000
8 46 70 25000
8 47 88 25000
8 48 82 25000
8 49 74 25000
8 50 73 25000
8 51 68 25000
9 10 126 25000
9 11 129 25000
9 12 137 25000
9 13 77 25000
9 14 78 25000
9 15 65 25000
9 16 97 25000
9 17 97 25000
9 18 78 25000
9 19 84 25000
9 20 82 25000
9 21 79 25000
9 22 73 25000
9 23 64 25000
9 24 79 25000
9 25 78 25000
9 26 87 25000
9 27 82 25000
9 28 85 25000
9 29 81 25000
9 30 83 25000
9 31 77 25000
9 32 86 25000
9 33 83 25000
9 34 85 25000
9 35 58 25000
9 36 68 25000
9 37 78 25000
9 38 81 25000
9 39 92 25000
9 40 105 25000
9 41 77 25000
9 42 89 25000
9 43 89 25000
9 44 86 25000
9 45 83 25000
9 46 75 25000
9 47 74 25000
9 48 78 25000
9 49 82 25000
9 50 84 25000
9 51 70 25000
10 11 119 25000
10 12 129 25000
10 13 77 25000
10 14 72 25000
10 15 81 25000
10 16 77 25000
10 17 83 25000
10 18 81 25000
10 19 87 25000
10 20 91 25000
10 21 80 25000
10 22 72 25000
10 23 75 25000
10 24 71 25000
10 25 76 25000
10 26 83 25000
10 27 87 25000
10 28 66 25000
10 29 79 25000
10 30 76 25000
10 31 84 25000
10 32 66 25000
10 33 88 25000
10 34 78 25000
10 35 73 25000
10 36 84 25000
10 37 71 25000
10 38 87 25000
10 39 73 25000
10 40 99 25000
10 41 81 25000
10 42 74 25000
10 43 82 25000
10 44 74 25000
10 45 72 25000
10 46 94 25000
10 47 84 25000
10 48 75 25000
10 49 80 25000
10 50 83 25000
10 51 85 25000
11 12 114 25000
11 13 74 25000
11 14 85 25000
11 15 59 25000
11 16 86 25000
11 17 99 25000
11 18 75 25000
11 19 97 25000
11 20 83 25000
11 21 84 25000
11 22 77 25000
11 23 77 25000
11 24 82 25000
11 25 82 25000
11 26 92 25000
11 27 79 25000
11 28 92 25000
11 29 80 25000
11 30 80 25000
11 31 82 25000
11 32 83 25000
11 33 82 25000
11 34 96 25000
11 35 69 25000
11 36 85 25000
11 37 80 25000
11 38 88 25000
11 39 81 25000
11 40 100 25000
11 41 71 25000
11 42 72 25000
11 43 81 25000
11 44 68 25000
11 45 88 25000
11 46 80 25000
11 47 84 25000
11 48 90 25000
11 49 85 25000
11 50 84 25000
11 51 65 25000
12 13 141 25000
12 14 130 25000
12 15 118 25000
12 16 126 25000
12 17 119 25000
12 18 101 25000
12 19 113 25000
12 20 128 25000
12 21 126 25000
12 22 127 25000
12 23 123 25000
12 24 122 25000
12 25 131 25000
12 26 123 25000
12 27 117 25000
12 28 124 25000
12 29 126 25000
12 30 134 25000
12 31 109 25000
12 32 125 25000
12 33 129 25000
12 34 115 25000
12 35 150 25000
12 36 125 25000
12 37 150 25000
12 38 129 25000
12 39 133 25000
12 40 118 25000
12 41 114 25000
12 42 136 25000
12 43 110 25000
12 44 130 25000
12 45 121 25000
12 46 126 25000
12 47 128 25000
12 48 117 25000
12 49 124 25000
12 50 109 25000
12 51 127 25000
13 14 82 25000
13 15 81 25000
13 16 66 25000
13 17 94 25000
13 18 69 25000
13 19 85 25000
13 20 86 25000
13 21 90 25000
13 22 96 25000
13 23 83 25000
13 24 98 25000
13 25 75 25000
13 26 74 25000
13 27 101 25000
13 28 75 25000
13 29 94 25000
13 30 97 25000
13 31 78 25000
13 32 73 25000
13 33 82 25000
13 34 77 25000
13 35 69 25000
13 36 80 25000
13 37 85 25000
13 38 80 25000
13 39 74 25000
13 40 76 25000
13 41 92 25000
13 42 78 25000
13 43 70 25000
13 44 79 25000
13 45 81 25000
13 46 73 25000
13 47 90 25000
13 48 74 25000
13 49 87 25000
13 50 97 25000
13 51 80 25000
14 15 83 25000
14 16 91 25000
14 17 80 25000
14 18 96 25000
14 19 86 25000
14 20 68 25000
14 21 100 25000
14 22 83 25000
14 23 86 25000
14 24 63 25000
14 25 94 25000
14 26 87 25000
14 27 80 25000
14 28 87 25000
14 29 90 25000
14 30 76 25000
14 31 81 25000
14 32 74 25000
14 33 83 25000
14 34 84 25000
14 35 83 25000
14 36 75 25000
14 37 94 25000
14 38 75 25000
14 39 97 25000
14 40 79 25000
14 41 61 25000
14 42 85 25000
14 43 115 25000
14 44 83 25000
14 45 79 25000
14 46 72 25000
14 47 74 25000
14 48 80 25000
14 49 102 25000
14 50 82 25000
14 51 80 25000
15 16 86 25000
15 17 83 25000
15 18 79 25000
15 19 82 25000
15 20 77 25000
15 21 73 25000
15 22 73 25000
15 23 68 25000
15 24 69 25000
15 25 74 25000
15 26 81 25000
15 27 86 25000
15 28 81 25000
15 29 74 25000
15 30 76 25000
15 31 88 25000
15 32 66 25000
15 33 81 25000
15 34 80 25000
15 35 73 25000
15 36 70 25000
15 37 72 25000
15 38 66 25000
15 39 92 25000
15 40 85 25000
15 41 61 25000
15 42 78 25000
15 43 84 25000
15 44 83 25000
15 45 86 25000
15 46 82 25000
15 47 70 25000
15 48 100 25000
15 49 92 25000
15 50 76 25000
15 51 68 25000
16 17 84 25000
16 18 73 25000
16 19 85 25000
16 20 84 25000
16 21 85 25000
16 22 98 25000
16 23 76 25000
16 24 83 25000
16 25 92 25000
16 26 77 25000
16 27 89 25000
16 28 81 25000
16 29 71 25000
16 30 84 25000
16 31 73 25000
16 32 84 25000
16 33 88 25000
16 34 66 25000
16 35 77 25000
16 36 86 25000
16 37 80 25000
16 38 79 25000
16 39 68 25000
16 40 91 25000
16 41 90 25000
16 42 76 25000
16 43 71 25000
16 44 87 25000
16 45 85 25000
16 46 84 25000
16 47 110 25000
16 48 103 25000
16 49 92 25000
16 50 102 25000
16 51 89 25000
17 18 80 25000
17 19 72 25000
17 20 83 25000
17 21 86 25000
17 22 90 25000
17 23 81 25000
17 24 77 25000
17 25 94 25000
17 26 76 25000
17 27 75 25000
17 28 83 25000
17 29 99 25000
17 30 78 25000
17 31 95 25000
17 32 83 25000
17 33 97 25000
17 34 80 25000
17 35 94 25000
17 36 84 25000
17 37 82 25000
17 38 82 25000
17 39 79 25000
17 40 110 25000
17 41 67 25000
17 42 90 25000
17 43 84 25000
17 44 102 25000
17 45 75 25000
17 46 100 25000
17 47 78 25000
17 48 81 25000
17 49 88 25000
17 50 79 25000
17 51 73 25000
18 19 74 25000
18 20 98 25000
18 21 78 25000
18 22 67 25000
18 23 69 25000
18 24 101 25000
18 25 89 25000
18 26 89 25000
18 27 68 25000
18 28 89 25000
18 29 84 25000
18 30 72 25000
18 31 72 25000
18 32 73 25000
18 33 92 25000
18 34 82 25000
18 35 83 25000
18 36 91 25000
18 37 97 25000
18 38 94 25000
18 39 76 25000
18 40 73 25000
18 41 74 25000
18 42 77 25000
18 43 85 25000
18 44 58 25000
18 45 96 25000
18 46 81 25000
18 47 79 25000
18 48 85 25000
18 49 77 25000
18 50 77 25000
18 51 69 25000
19 20 96 25000
19 21 71 25000
19 22 94 25000
19 23 99 25000
19 24 82 25000
19 25 94 25000
19 26 89 25000
19 27 84 25000
19 28 82 25000
19 29 88 25000
19 30 79 25000
19 31 79 25000
19 32 87 25000
19 33 98 25000
19 34 90 25000
19 35 78 25000
19 36 76 25000
19 37 96 25000
19 38 95 25000
19 39 78 25000
19 40 76 25000
19 41 68 25000
19 42 79 25000
19 43 81 25000
19 44 100 25000
19 45 87 25000
19 46 67 25000
19 47 83 25000
19 48 68 25000
19 49 99 25000
19 50 88 25000
19 51 74 25000
20 21 109 25000
20 22 85 25000
20 23 65 25000
20 24 89 25000
20 25 71 25000
20 26 87 25000
20 27 80 25000
20 28 93 25000
20 29 78 25000
20 30 83 25000
20 31 112 25000
20 32 88 25000
20 33 80 25000
20 34 80 25000
20 35 74 25000
20 36 72 25000
20 37 80 25000
20 38 84 25000
20 39 78 25000
20 40 64 25000
20 41 82 25000
20 42 72 25000
20 43 116 25000
20 44 84 25000
20 45 78 25000
20 46 78 25000
20 47 81 25000
20 48 83 25000
20 49 100 25000
20 50 75 25000
20 51 74 25000
21 22 70 25000
21 23 81 25000
21 24 86 25000
21 25 69 25000
21 26 91 25000
21 27 86 25000
21 28 63 25000
21 29 84 25000
21 30 82 25000
21 31 89 25000
21 32 86 25000
21 33 77 25000
21 34 73 25000
21 35 76 25000
21 36 67 25000
21 37 69 25000
21 38 113 25000
21 39 97 25000
21 40 81 25000
21 41 78 25000
21 42 91 25000
21 43 87 25000
21 44 95 25000
21 45 80 25000
21 46 87 25000
21 47 79 25000
21 48 84 25000
21 49 75 25000
21 50 93 25000
21 51 88 25000
22 23 88 25000
22 24 73 25000
22 25 75 25000
22 26 81 25000
22 27 84 25000
22 28 81 25000
22 29 104 25000
22 30 91 25000
22 31 83 25000
22 32 114 25000
22 33 97 25000
22 34 73 25000
22 35 80 25000
22 36 96 25000
22 37 89 25000
22 38 84 25000
22 39 96 25000
22 40 91 25000
22 41 103 25000
22 42 93 25000
22 43 102 25000
22 44 64 25000
22 45 83 25000
22 46 77 25000
22 47 79 25000
22 48 79 25000
22 49 74 25000
22 50 89 25000
22 51 91 25000
23 24 87 25000
23 25 83 25000
23 26 78 25000
23 27 94 25000
23 28 92 25000
23 29 85 25000
23 30 75 25000
23 31 76 25000
23 32 85 25000
23 33 85 25000
23 34 93 25000
23 35 64 25000
23 36 65 25000
23 37 61 25000
23 38 62 25000
23 39 59 25000
23 40 89 25000
23 41 73 25000
23 42 87 25000
23 43 87 25000
23 44 78 25000
23 45 92 25000
23 46 74 25000
23 47 80 25000
23 48 84 25000
23 49 87 25000
23 50 76 25000
23 51 106 25000
24 25 81 25000
24 26 78 25000
24 27 91 25000
24 28 73 25000
24 29 68 25000
24 30 76 25000
24 31 71 25000
24 32 74 25000
24 33 77 25000
24 34 76 25000
24 35 78 25000
24 36 103 25000
24 37 71 25000
24 38 78 25000
24 39 96 25000
24 40 76 25000
24 41 83 25000
24 42 106 25000
24 43 89 25000
24 44 86 25000
24 45 91 25000
24 46 81 25000
24 47 66 25000
24 48 82 25000
24 49 84 25000
24 50 80 25000
24 51 83 25000
25 26 75 25000
25 27 83 25000
25 28 101 25000
25 29 73 25000
25 30 86 25000
25 31 83 25000
25 32 81 25000
25 33 79 25000
25 34 65 25000
25 35 77 25000
25 36 85 25000
25 37 91 25000
25 38 133 25000
25 39 72 25000
25 40 73 25000
25 41 69 25000
25 42 80 25000
25 43 69 25000
25 44 81 25000
25 45 99 25000
25 46 71 25000
25 47 89 25000
25 48 72 25000
25 49 94 25000
25 50 80 25000
25 51 106 25000
26 27 80 25000
26 28 81 25000
26 29 68 25000
26 30 75 25000
26 31 98 25000
26 32 114 25000
26 33 97 25000
26 34 58 25000
26 35 90 25000
26 36 82 25000
26 37 101 25000
26 38 94 25000
26 39 71 25000
26 40 83 25000
26 41 81 25000
26 42 80 25000
26 43 79 25000
26 44 89 25000
26 45 96 25000
26 46 72 25000
26 47 95 25000
26 48 71 25000
26 49 65 25000
26 50 64 25000
26 51 69 25000
27 28 92 25000
27 29 86 25000
27 30 84 25000
27 31 87 25000
27 32 90 25000
27 33 83 25000
27 34 77 25000
27 35 87 25000
27 36 105 25000
27 37 80 25000
27 38 74 25000
27 39 103 25000
27 40 73 25000
27 41 101 25000
27 42 77 25000
27 43 76 25000
27 44 82 25000
27 45 96 25000
27 46 76 25000
27 47 76 25000
27 48 92 25000
27 49 78 25000
27 50 80 25000
27 51 67 25000
28 29 81 25000
28 30 84 25000
28 31 87 25000
28 32 69 25000
28 33 90 25000
28 34 77 25000
28 35 84 25000
28 36 70 25000
28 37 88 25000
28 38 73 25000
28 39 85 25000
28 40 93 25000
28 41 59 25000
28 42 94 25000
28 43 96 25000
28 44 88 25000
28 45 76 25000
28 46 86 25000
28 47 81 25000
28 48 91 25000
28 49 104 25000
28 50 85 25000
28 51 85 25000
29 30 110 25000
29 31 103 25000
29 32 90 25000
29 33 72 25000
29 34 67 25000
29 35 76 25000
29 36 65 25000
29 37 79 25000
29 38 78 25000
29 39 77 25000
29 40 102 25000
29 41 77 25000
29 42 93 25000
29 43 72 25000
29 44 91 25000
29 45 85 25000
29 46 85 25000
29 47 73 25000
29 48 77 25000
29 49 111 25000
29 50 66 25000
29 51 70 25000
30 31 91 25000
30 32 80 25000
30 33 94 25000
30 34 87 25000
30 35 75 25000
30 36 83 25000
30 37 84 25000
30 38 89 25000
30 39 82 25000
30 40 94 25000
30 41 84 25000
30 42 79 25000
30 43 92 25000
30 44 79 25000
30 45 82 25000
30 46 66 25000
30 47 109 25000
30 48 83 25000
30 49 79 25000
30 50 66 25000
30 51 75 25000
31 32 91 25000
31 33 87 25000
31 34 75 25000
31 35 79 25000
31 36 67 25000
31 37 78 25000
31 38 85 25000
31 39 81 25000
31 40 77 25000
31 41 98 25000
31 42 89 25000
31 43 93 25000
31 44 74 25000
31 45 79 25000
31 46 66 25000
31 47 86 25000
31 48 74 25000
31 49 78 25000
31 50 60 25000
31 51 73 25000
32 33 93 25000
32 34 82 25000
32 35 87 25000
32 36 76 25000
32 37 88 25000
32 38 85 25000
32 39 92 25000
32 40 84 25000
32 41 84 25000
32 42 77 25000
32 43 81 25000
32 44 79 25000
32 45 75 25000
32 46 80 25000
32 47 68 25000
32 48 93 25000
32 49 86 25000
32 50 77 25000
32 51 80 25000
33 34 91 25000
33 35 94 25000
33 36 79 25000
33 37 87 25000
33 38 85 25000
33 39 80 25000
33 40 81 25000
33 41 79 25000
33 42 119 25000
33 43 84 25000
33 44 92 25000
33 45 94 25000
33 46 81 25000
33 47 88 25000
33 48 78 25000
33 49 93 25000
33 50 82 25000
33 51 89 25000
34 35 74 25000
34 36 62 25000
34 37 81 25000
34 38 74 25000
34 39 79 25000
34 40 84 25000
34 41 67 25000
34 42 68 25000
34 43 53 25000
34 44 75 25000
34 45 82 25000
34 46 67 25000
34 47 93 25000
34 48 68 25000
34 49 103 25000
34 50 86 25000
34 51 56 25000
35 36 69 25000
35 37 67 25000
35 38 84 25000
35 39 74 25000
35 40 97 25000
35 41 77 25000
35 42 71 25000
35 43 95 25000
35 44 75 25000
35 45 78 25000
35 46 81 25000
35 47 77 25000
35 48 80 25000
35 49 95 25000
35 50 74 25000
35 51 84 25000
36 37 97 25000
36 38 95 25000
36 39 90 25000
36 40 75 25000
36 41 74 25000
36 42 90 25000
36 43 87 25000
36 44 93 25000
36 45 77 25000
36 46 79 25000
36 47 84 25000
36 48 87 25000
36 49 93 25000
36 50 87 25000
36 51 63 25000
37 38 76 25000
37 39 78 25000
37 40 103 25000
37 41 66 25000
37 42 73 25000
37 43 91 25000
37 44 87 25000
37 45 75 25000
37 46 80 25000
37 47 87 25000
37 48 70 25000
37 49 74 25000
37 50 76 25000
37 51 72 25000
38 39 86 25000
38 40 87 25000
38 41 71 25000
38 42 78 25000
38 43 82 25000
38 44 80 25000
38 45 84 25000
38 46 80 25000
38 47 87 25000
38 48 84 25000
38 49 83 25000
38 50 82 25000
38 51 134 25000
39 40 98 25000
39 41 82 25000
39 42 71 25000
39 43 84 25000
39 44 83 25000
39 45 87 25000
39 46 88 25000
39 47 70 25000
39 48 80 25000
39 49 88 25000
39 50 82 25000
39 51 81 25000
40 41 79 25000
40 42 87 25000
40 43 73 25000
40 44 83 25000
40 45 82 25000
40 46 80 25000
40 47 78 25000
40 48 83 25000
40 49 84 25000
40 50 81 25000
40 51 77 25000
41 42 80 25000
41 43 78 25000
41 44 70 25000
41 45 83 25000
41 46 76 25000
41 47 83 25000
41 48 58 25000
41 49 66 25000
41 50 75 25000
41 51 77 25000
42 43 110 25000
42 44 85 25000
42 45 84 25000
42 46 89 25000
42 47 89 25000
42 48 82 25000
42 49 71 25000
42 50 67 25000
42 51 85 25000
43 44 68 25000
43 45 75 25000
43 46 82 25000
43 47 76 25000
43 48 89 25000
43 49 102 25000
43 50 67 25000
43 51 81 25000
44 45 96 25000
44 46 90 25000
44 47 94 25000
44 48 82 25000
44 49 88 25000
44 50 76 25000
44 51 78 25000
45 46 76 25000
45 47 101 25000
45 48 78 25000
45 49 85 25000
45 50 89 25000
45 51 83 25000
46 47 92 25000
46 48 72 25000
46 49 67 25000
46 50 78 25000
46 51 73 25000
47 48 91 25000
47 49 74 25000
47 50 91 25000
47 51 94 25000
48 49 82 25000
48 50 75 25000
48 51 62 25000
49 50 71 25000
49 51 76 25000
50 51 82 25000
