0 1 129 25000
0 2 146 25000
0 3 135 25000
0 4 113 25000
0 5 146 25000
0 6 112 25000
0 7 115 25000
0 8 107 25000
0 9 118 25000
0 10 136 25000
0 11 131 25000
0 12 138 25000
0 13 126 25000
0 14 116 25000
0 15 120 25000
0 16 113 25000
0 17 132 25000
0 18 134 25000
0 19 116 25000
0 20 113 25000
0 21 131 25000
0 22 124 25000
0 23 126 25000
0 24 125 25000
0 25 111 25000
0 26 133 25000
0 27 126 25000
0 28 124 25000
0 29 113 25000
0 30 121 25000
0 31 103 25000
0 32 110 25000
0 33 124 25000
0 34 125 25000
0 35 128 25000
0 36 123 25000
0 37 110 25000
0 38 126 25000
0 39 115 25000
0 40 134 25000
0 41 139 25000
0 42 119 25000
0 43 121 25000
0 44 121 25000
0 45 116 25000
0 46 115 25000
0 47 117 25000
0 48 120 25000
0 49 118 25000
0 50 129 25000
0 51 119 25000
1 2 148 25000
1 3 125 25000
1 4 129 25000
1 5 134 25000
1 6 120 25000
1 7 133 25000
1 8 120 25000
1 9 125 25000
1 10 121 25000
1 11 135 25000
1 12 144 25000
1 13 107 25000
1 14 125 25000
1 15 107 25000
1 16 106 25000
1 17 129 25000
1 18 125 25000
1 19 119 25000
1 20 118 25000
1 21 129 25000
1 22 145 25000
1 23 124 25000
1 24 146 25000
1 25 129 25000
1 26 128 25000
1 27 118 25000
1 28 138 25000
1 29 128 25000
1 30 128 25000
1 31 121 25000
1 32 118 25000
1 33 115 25000
1 34 136 25000
1 35 123 25000
1 36 106 25000
1 37 126 25000
1 38 112 25000
1 39 101 25000
1 40 111 25000
1 41 134 25000
1 42 118 25000
1 43 147 25000
1 44 121 25000
1 45 129 25000
1 46 111 25000
1 47 138 25000
1 48 125 25000
1 49 122 25000
1 50 120 25000
1 51 140 25000
2 3 128 25000
2 4 116 25000
2 5 124 25000
2 6 120 25000
2 7 108 25000
2 8 117 25000
2 9 131 25000
2 10 139 25000
2 11 140 25000
2 12 140 25000
2 13 117 25000
2 14 126 25000
2 15 129 25000
2 16 118 25000
2 17 129 25000
2 18 129 25000
2 19 122 25000
2 20 117 25000
2 21 116 25000
2 22 124 25000
2 23 127 25000
2 24 117 25000
2 25 135 25000
2 26 132 25000
2 27 132 25000
2 28 113 25000
2 29 139 25000
2 30 109 25000
2 31 112 25000
2 32 130 25000
2 33 121 25000
2 34 131 25000
2 35 125 25000
2 36 125 25000
2 37 113 25000
2 38 138 25000
2 39 146 25000
2 40 126 25000
2 41 159 25000
2 42 129 25000
2 43 122 25000
2 44 107 25000
2 45 118 25000
2 46 131 25000
2 47 116 25000
2 48 129 25000
2 49 126 25000
2 50 148 25000
2 51 118 25000
3 4 120 25000
3 5 134 25000
3 6 111 25000
3 7 140 25000
3 8 127 25000
3 9 123 25000
3 10 133 25000
3 11 107 25000
3 12 119 25000
3 13 106 25000
3 14 129 25000
3 15 110 25000
3 16 125 25000
3 17 114 25000
3 18 136 25000
3 19 104 25000
3 20 101 25000
3 21 98 25000
3 22 119 25000
3 23 122 25000
3 24 126 25000
3 25 111 25000
3 26 118 25000
3 27 110 25000
3 28 122 25000
3 29 114 25000
3 30 124 25000
3 31 125 25000
3 32 105 25000
3 33 125 25000
3 34 108 25000
3 35 132 25000
3 36 116 25000
3 37 104 25000
3 38 127 25000
3 39 121 25000
3 40 105 25000
3 41 135 25000
3 42 99 25000
3 43 130 25000
3 44 142 25000
3 45 113 25000
3 46 92 25000
3 47 143 25000
3 48 118 25000
3 49 128 25000
3 50 99 25000
3 51 125 25000
4 5 129 25000
4 6 113 25000
4 7 111 25000
4 8 111 25000
4 9 130 25000
4 10 132 25000
4 11 133 25000
4 12 121 25000
4 13 126 25000
4 14 136 25000
4 15 116 25000
4 16 105 25000
4 17 113 25000
4 18 114 25000
4 19 98 25000
4 20 125 25000
4 21 127 25000
4 22 134 25000
4 23 118 25000
4 24 109 25000
4 25 120 25000
4 26 124 25000
4 27 118 25000
4 28 116 25000
4 29 143 25000
4 30 128 25000
4 31 126 25000
4 32 134 25000
4 33 128 25000
4 34 127 25000
4 35 119 25000
4 36 120 25000
4 37 138 25000
4 38 132 25000
4 39 135 25000
4 40 127 25000
4 41 116 25000
4 42 121 25000
4 43 139 25000
4 44 120 25000
4 45 133 25000
4 46 124 25000
4 47 131 25000
4 48 131 25000
4 49 120 25000
4 50 134 25000
4 51 147 25000
5 6 133 25000
5 7 130 25000
5 8 134 25000
5 9 134 25000
5 10 106 25000
5 11 129 25000
5 12 119 25000
5 13 114 25000
5 14 109 25000
5 15 116 25000
5 16 123 25000
5 17 141 25000
5 18 137 25000
5 19 124 25000
5 20 127 25000
5 21 153 25000
5 22 113 25000
5 23 119 25000
5 24 113 25000
5 25 125 25000
5 26 128 25000
5 27 157 25000
5 28 126 25000
5 29 118 25000
5 30 133 25000
5 31 128 25000
5 32 135 25000
5 33 113 25000
5 34 133 25000
5 35 119 25000
5 36 130 25000
5 37 131 25000
5 38 127 25000
5 39 121 25000
5 40 129 25000
5 41 132 25000
5 42 112 25000
5 43 111 25000
5 44 123 25000
5 45 132 25000
5 46 139 25000
5 47 138 25000
5 48 122 25000
5 49 145 25000
5 50 128 25000
5 51 140 25000
6 7 123 25000
6 8 122 25000
6 9 108 25000
6 10 140 25000
6 11 140 25000
6 12 133 25000
6 13 120 25000
6 14 106 25000
6 15 108 25000
6 16 122 25000
6 17 118 25000
6 18 112 25000
6 19 124 25000
6 20 122 25000
6 21 149 25000
6 22 120 25000
6 23 109 25000
6 24 114 25000
6 25 119 25000
6 26 120 25000
6 27 106 25000
6 28 121 25000
6 29 139 25000
6 30 120 25000
6 31 108 25000
6 32 128 25000
6 33 92 25000
6 34 127 25000
6 35 124 25000
6 36 134 25000
6 37 123 25000
6 38 124 25000
6 39 112 25000
6 40 124 25000
6 41 113 25000
6 42 132 25000
6 43 122 25000
6 44 123 25000
6 45 114 25000
6 46 103 25000
6 47 119 25000
6 48 125 25000
6 49 122 25000
6 50 102 25000
6 51 163 25000
7 8 126 25000
7 9 139 25000
7 10 129 25000
7 11 131 25000
7 12 117 25000
7 13 114 25000
7 14 112 25000
7 15 102 25000
7 16 126 25000
7 17 134 25000
7 18 122 25000
7 19 111 25000
7 20 127 25000
7 21 114 25000
7 22 114 25000
7 23 119 25000
7 24 117 25000
7 25 119 25000
7 26 106 25000
7 27 115 25000
7 28 122 25000
7 29 127 25000
7 30 126 25000
7 31 120 25000
7 32 124 25000
7 33 108 25000
7 34 140 25000
7 35 104 25000
7 36 132 25000
7 37 123 25000
7 38 134 25000
7 39 122 25000
7 40 114 25000
7 41 111 25000
7 42 143 25000
7 43 120 25000
7 44 119 25000
7 45 122 25000
7 46 137 25000
7 47 140 25000
7 48 119 25000
7 49 97 25000
7 50 117 25000
7 51 120 25000
8 9 127 25000
8 10 113 25000
8 11 130 25000
8 12 130 25000
8 13 101 25000
8 14 126 25000
8 15 144 25000
8 16 96 25000
8 17 137 25000
8 18 127 25000
8 19 132 25000
8 20 115 25000
8 21 98 25000
8 22 134 25000
8 23 124 25000
8 24 123 25000
8 25 106 25000
8 26 117 25000
8 27 145 25000
8 28 142 25000
8 29 122 25000
8 30 131 25000
8 31 105 25000
8 32 141 25000
8 33 132 25000
8 34 124 25000
8 35 133 25000
8 36 126 25000
8 37 140 25000
8 38 126 25000
8 39 113 25000
8 40 130 25000
8 41 122 25000
8 42 121 25000
8 43 114 25000
8 44 127 25000
8 45 121 25000
8 46 137 25000
8 47 131 25000
8 48 110 25000
8 49 130 25000
8 50 116 25000
8 51 126 25000
9 10 141 25000
9 11 147 25000
9 12 133 25000
9 13 110 25000
9 14 122 25000
9 15 136 25000
9 16 121 25000
9 17 108 25000
9 18 103 25000
9 19 149 25000
9 20 121 25000
9 21 129 25000
9 22 146 25000
9 23 126 25000
9 24 125 25000
9 25 137 25000
9 26 111 25000
9 27 124 25000
9 28 128 25000
9 29 136 25000
9 30 110 25000
9 31 121 25000
9 32 115 25000
9 33 132 25000
9 34 145 25000
9 35 131 25000
9 36 131 25000
9 37 120 25000
9 38 114 25000
9 39 142 25000
9 40 133 25000
9 41 126 25000
9 42 123 25000
9 43 120 25000
9 44 108 25000
9 45 140 25000
9 46 116 25000
9 47 143 25000
9 48 131 25000
9 49 125 25000
9 50 138 25000
9 51 129 25000
10 11 132 25000
10 12 108 25000
10 13 131 25000
10 14 120 25000
10 15 111 25000
10 16 121 25000
10 17 122 25000
10 18 130 25000
10 19 121 25000
10 20 100 25000
10 21 125 25000
10 22 125 25000
10 23 120 25000
10 24 130 25000
10 25 143 25000
10 26 119 25000
10 27 110 25000
10 28 135 25000
10 29 124 25000
10 30 129 25000
10 31 138 25000
10 32 115 25000
10 33 133 25000
10 34 132 25000
10 35 118 25000
10 36 134 25000
10 37 109 25000
10 38 128 25000
10 39 121 25000
10 40 117 25000
10 41 130 25000
10 42 118 25000
10 43 125 25000
10 44 119 25000
10 45 127 25000
10 46 150 25000
10 47 115 25000
10 48 131 25000
10 49 145 25000
10 50 117 25000
10 51 133 25000
11 12 144 25000
11 13 104 25000
11 14 122 25000
11 15 111 25000
11 16 117 25000
11 17 118 25000
11 18 120 25000
11 19 118 25000
11 20 126 25000
11 21 121 25000
11 22 127 25000
11 23 126 25000
11 24 123 25000
11 25 133 25000
11 26 122 25000
11 27 138 25000
11 28 132 25000
11 29 120 25000
11 30 113 25000
11 31 132 25000
11 32 114 25000
11 33 134 25000
11 34 127 25000
11 35 138 25000
11 36 135 25000
11 37 115 25000
11 38 134 25000
11 39 123 25000
11 40 111 25000
11 41 119 25000
11 42 134 25000
11 43 131 25000
11 44 126 25000
11 45 119 25000
11 46 133 25000
11 47 129 25000
11 48 124 25000
11 49 122 25000
11 50 122 25000
11 51 117 25000
12 13 115 25000
12 14 127 25000
12 15 125 25000
12 16 105 25000
12 17 125 25000
12 18 142 25000
12 19 119 25000
12 20 135 25000
12 21 145 25000
12 22 123 25000
12 23 116 25000
12 24 161 25000
12 25 131 25000
12 26 129 25000
12 27 125 25000
12 28 130 25000
12 29 131 25000
12 30 132 25000
12 31 114 25000
12 32 144 25000
12 33 153 25000
12 34 131 25000
12 35 131 25000
12 36 129 25000
12 37 131 25000
12 38 139 25000
12 39 143 25000
12 40 126 25000
12 41 124 25000
12 42 136 25000
12 43 134 25000
12 44 131 25000
12 45 141 25000
12 46 111 25000
12 47 118 25000
12 48 134 25000
12 49 127 25000
12 50 122 25000
12 51 103 25000
13 14 133 25000
13 15 130 25000
13 16 111 25000
13 17 138 25000
13 18 113 25000
13 19 132 25000
13 20 124 25000
13 21 147 25000
13 22 118 25000
13 23 138 25000
13 24 137 25000
13 25 147 25000
13 26 134 25000
13 27 120 25000
13 28 120 25000
13 29 124 25000
13 30 114 25000
13 31 130 25000
13 32 126 25000
13 33 136 25000
13 34 137 25000
13 35 122 25000
13 36 121 25000
13 37 132 25000
13 38 140 25000
13 39 130 25000
13 40 116 25000
13 41 122 25000
13 42 123 25000
13 43 133 25000
13 44 111 25000
13 45 121 25000
13 46 110 25000
13 47 116 25000
13 48 104 25000
13 49 119 25000
13 50 116 25000
13 51 118 25000
14 15 138 25000
14 16 126 25000
14 17 127 25000
14 18 117 25000
14 19 119 25000
14 20 154 25000
14 21 129 25000
14 22 136 25000
14 23 131 25000
14 24 144 25000
14 25 122 25000
14 26 119 25000
14 27 127 25000
14 28 124 25000
14 29 120 25000
14 30 122 25000
14 31 128 25000
14 32 128 25000
14 33 135 25000
14 34 118 25000
14 35 112 25000
14 36 111 25000
14 37 109 25000
14 38 126 25000
14 39 125 25000
14 40 122 25000
14 41 138 25000
14 42 126 25000
14 43 117 25000
14 44 145 25000
14 45 124 25000
14 46 126 25000
14 47 115 25000
14 48 107 25000
14 49 121 25000
14 50 130 25000
14 51 135 25000
15 16 135 25000
15 17 115 25000
15 18 130 25000
15 19 117 25000
15 20 105 25000
15 21 151 25000
15 22 149 25000
15 23 135 25000
15 24 133 25000
15 25 155 25000
15 26 122 25000
15 27 109 25000
15 28 139 25000
15 29 132 25000
15 30 121 25000
15 31 122 25000
15 32 138 25000
15 33 123 25000
15 34 115 25000
15 35 108 25000
15 36 125 25000
15 37 117 25000
15 38 130 25000
15 39 123 25000
15 40 94 25000
15 41 142 25000
15 42 124 25000
15 43 110 25000
15 44 102 25000
15 45 122 25000
15 46 125 25000
15 47 121 25000
15 48 120 25000
15 49 139 25000
15 50 141 25000
15 51 107 25000
16 17 126 25000
16 18 132 25000
16 19 114 25000
16 20 132 25000
16 21 123 25000
16 22 118 25000
16 23 128 25000
16 24 136 25000
16 25 154 25000
16 26 116 25000
16 27 99 25000
16 28 131 25000
16 29 107 25000
16 30 131 25000
16 31 119 25000
16 32 118 25000
16 33 108 25000
16 34 125 25000
16 35 108 25000
16 36 136 25000
16 37 137 25000
16 38 127 25000
16 39 116 25000
16 40 136 25000
16 41 119 25000
16 42 133 25000
16 43 138 25000
16 44 122 25000
16 45 113 25000
16 46 105 25000
16 47 121 25000
16 48 108 25000
16 49 104 25000
16 50 105 25000
16 51 126 25000
17 18 130 25000
17 19 103 25000
17 20 141 25000
17 21 123 25000
17 22 129 25000
17 23 119 25000
17 24 130 25000
17 25 133 25000
17 26 139 25000
17 27 136 25000
17 28 128 25000
17 29 132 25000
17 30 124 25000
17 31 133 25000
17 32 113 25000
17 33 143 25000
17 34 117 25000
17 35 134 25000
17 36 136 25000
17 37 148 25000
17 38 136 25000
17 39 119 25000
17 40 132 25000
17 41 117 25000
17 42 121 25000
17 43 131 25000
17 44 122 25000
17 45 131 25000
17 46 122 25000
17 47 132 25000
17 48 119 25000
17 49 127 25000
17 50 145 25000
17 51 124 25000
18 19 124 25000
18 20 136 25000
18 21 119 25000
18 22 136 25000
18 23 131 25000
18 24 161 25000
18 25 140 25000
18 26 104 25000
18 27 119 25000
18 28 108 25000
18 29 125 25000
18 30 135 25000
18 31 148 25000
18 32 115 25000
18 33 124 25000
18 34 140 25000
18 35 112 25000
18 36 127 25000
18 37 112 25000
18 38 151 25000
18 39 122 25000
18 40 129 25000
18 41 130 25000
18 42 103 25000
18 43 117 25000
18 44 118 25000
18 45 119 25000
18 46 106 25000
18 47 129 25000
18 48 116 25000
18 49 133 25000
18 50 117 25000
18 51 131 25000
19 20 134 25000
19 21 147 25000
19 22 133 25000
19 23 128 25000
19 24 128 25000
19 25 109 25000
19 26 115 25000
19 27 125 25000
19 28 128 25000
19 29 118 25000
19 30 127 25000
19 31 115 25000
19 32 128 25000
19 33 133 25000
19 34 119 25000
19 35 139 25000
19 36 124 25000
19 37 114 25000
19 38 132 25000
19 39 130 25000
19 40 134 25000
19 41 115 25000
19 42 125 25000
19 43 127 25000
19 44 140 25000
19 45 125 25000
19 46 125 25000
19 47 103 25000
19 48 118 25000
19 49 139 25000
19 50 129 25000
19 51 142 25000
20 21 136 25000
20 22 128 25000
20 23 121 25000
20 24 128 25000
20 25 141 25000
20 26 114 25000
20 27 128 25000
20 28 113 25000
20 29 110 25000
20 30 115 25000
20 31 119 25000
20 32 127 25000
20 33 114 25000
20 34 122 25000
20 35 135 25000
20 36 133 25000
20 37 114 25000
20 38 125 25000
20 39 121 25000
20 40 117 25000
20 41 124 25000
20 42 112 25000
20 43 132 25000
20 44 124 25000
20 45 131 25000
20 46 127 25000
20 47 124 25000
20 48 111 25000
20 49 129 25000
20 50 138 25000
20 51 136 25000
21 22 126 25000
21 23 119 25000
21 24 143 25000
21 25 143 25000
21 26 117 25000
21 27 121 25000
21 28 124 25000
21 29 123 25000
21 30 122 25000
21 31 143 25000
21 32 130 25000
21 33 121 25000
21 34 129 25000
21 35 101 25000
21 36 137 25000
21 37 132 25000
21 38 161 25000
21 39 132 25000
21 40 154 25000
21 41 120 25000
21 42 121 25000
21 43 112 25000
21 44 110 25000
21 45 142 25000
21 46 139 25000
21 47 125 25000
21 48 140 25000
21 49 111 25000
21 50 133 25000
21 51 119 25000
22 23 133 25000
22 24 153 25000
22 25 146 25000
22 26 130 25000
22 27 132 25000
22 28 115 25000
22 29 116 25000
22 30 132 25000
22 31 125 25000
22 32 133 25000
22 33 120 25000
22 34 118 25000
22 35 119 25000
22 36 140 25000
22 37 122 25000
22 38 148 25000
22 39 127 25000
22 40 121 25000
22 41 128 25000
22 42 137 25000
22 43 129 25000
22 44 135 25000
22 45 116 25000
22 46 137 25000
22 47 111 25000
22 48 136 25000
22 49 124 25000
22 50 116 25000
22 51 139 25000
23 24 140 25000
23 25 120 25000
23 26 117 25000
23 27 124 25000
23 28 101 25000
23 29 138 25000
23 30 138 25000
23 31 116 25000
23 32 113 25000
23 33 135 25000
23 34 120 25000
23 35 143 25000
23 36 139 25000
23 37 120 25000
23 38 135 25000
23 39 143 25000
23 40 113 25000
23 41 108 25000
23 42 144 25000
23 43 123 25000
23 44 116 25000
23 45 138 25000
23 46 119 25000
23 47 128 25000
23 48 135 25000
23 49 123 25000
23 50 108 25000
23 51 135 25000
24 25 137 25000
24 26 149 25000
24 27 130 25000
24 28 109 25000
24 29 117 25000
24 30 116 25000
24 31 136 25000
24 32 115 25000
24 33 130 25000
24 34 130 25000
24 35 120 25000
24 36 112 25000
24 37 120 25000
24 38 164 25000
24 39 121 25000
24 40 128 25000
24 41 127 25000
24 42 114 25000
24 43 134 25000
24 44 112 25000
24 45 101 25000
24 46 123 25000
24 47 120 25000
24 48 117 25000
24 49 131 25000
24 50 120 25000
24 51 137 25000
25 26 133 25000
25 27 135 25000
25 28 104 25000
25 29 132 25000
25 30 124 25000
25 31 126 25000
25 32 133 25000
25 33 109 25000
25 34 144 25000
25 35 123 25000
25 36 130 25000
25 37 131 25000
25 38 136 25000
25 39 121 25000
25 40 121 25000
25 41 118 25000
25 42 140 25000
25 43 118 25000
25 44 141 25000
25 45 119 25000
25 46 135 25000
25 47 127 25000
25 48 123 25000
25 49 122 25000
25 50 125 25000
25 51 131 25000
26 27 149 25000
26 28 129 25000
26 29 129 25000
26 30 159 25000
26 31 123 25000
26 32 114 25000
26 33 119 25000
26 34 139 25000
26 35 123 25000
26 36 137 25000
26 37 128 25000
26 38 130 25000
26 39 131 25000
26 40 120 25000
26 41 121 25000
26 42 129 25000
26 43 126 25000
26 44 127 25000
26 45 102 25000
26 46 119 25000
26 47 118 25000
26 48 122 25000
26 49 127 25000
26 50 126 25000
26 51 151 25000
27 28 126 25000
27 29 131 25000
27 30 127 25000
27 31 119 25000
27 32 108 25000
27 33 129 25000
27 34 130 25000
27 35 131 25000
27 36 120 25000
27 37 143 25000
27 38 123 25000
27 39 121 25000
27 40 118 25000
27 41 111 25000
27 42 113 25000
27 43 154 25000
27 44 133 25000
27 45 122 25000
27 46 149 25000
27 47 114 25000
27 48 107 25000
27 49 116 25000
27 50 112 25000
27 51 140 25000
28 29 137 25000
28 30 113 25000
28 31 115 25000
28 32 133 25000
28 33 114 25000
28 34 122 25000
28 35 132 25000
28 36 146 25000
28 37 114 25000
28 38 132 25000
28 39 143 25000
28 40 141 25000
28 41 135 25000
28 42 104 25000
28 43 121 25000
28 44 119 25000
28 45 129 25000
28 46 122 25000
28 47 122 25000
28 48 118 25000
28 49 128 25000
28 50 108 25000
28 51 126 25000
29 30 140 25000
29 31 128 25000
29 32 120 25000
29 33 148 25000
29 34 120 25000
29 35 129 25000
29 36 130 25000
29 37 145 25000
29 38 140 25000
29 39 131 25000
29 40 124 25000
29 41 143 25000
29 42 137 25000
29 43 113 25000
29 44 140 25000
29 45 123 25000
29 46 137 25000
29 47 134 25000
29 48 136 25000
29 49 125 25000
29 50 130 25000
29 51 129 25000
30 31 133 25000
30 32 124 25000
30 33 135 25000
30 34 132 25000
30 35 123 25000
30 36 118 25000
30 37 124 25000
30 38 139 25000
30 39 128 25000
30 40 129 25000
30 41 139 25000
30 42 130 25000
30 43 121 25000
30 44 117 25000
30 45 129 25000
30 46 126 25000
30 47 118 25000
30 48 129 25000
30 49 105 25000
30 50 111 25000
30 51 99 25000
31 32 131 25000
31 33 141 25000
31 34 130 25000
31 35 141 25000
31 36 135 25000
31 37 129 25000
31 38 119 25000
31 39 117 25000
31 40 133 25000
31 41 133 25000
31 42 114 25000
31 43 136 25000
31 44 146 25000
31 45 117 25000
31 46 107 25000
31 47 119 25000
31 48 114 25000
31 49 113 25000
31 50 110 25000
31 51 158 25000
32 33 130 25000
32 34 113 25000
32 35 135 25000
32 36 121 25000
32 37 154 25000
32 38 150 25000
32 39 110 25000
32 40 127 25000
32 41 118 25000
32 42 106 25000
32 43 105 25000
32 44 136 25000
32 45 117 25000
32 46 112 25000
32 47 123 25000
32 48 106 25000
32 49 113 25000
32 50 125 25000
32 51 126 25000
33 34 120 25000
33 35 129 25000
33 36 119 25000
33 37 127 25000
33 38 135 25000
33 39 112 25000
33 40 123 25000
33 41 119 25000
33 42 133 25000
33 43 123 25000
33 44 126 25000
33 45 119 25000
33 46 139 25000
33 47 108 25000
33 48 139 25000
33 49 113 25000
33 50 126 25000
33 51 124 25000
34 35 125 25000
34 36 136 25000
34 37 135 25000
34 38 114 25000
34 39 120 25000
34 40 113 25000
34 41 125 25000
34 42 118 25000
34 43 132 25000
34 44 129 25000
34 45 129 25000
34 46 121 25000
34 47 122 25000
34 48 102 25000
34 49 124 25000
34 50 140 25000
34 51 123 25000
35 36 136 25000
35 37 143 25000
35 38 130 25000
35 39 130 25000
35 40 128 25000
35 41 127 25000
35 42 109 25000
35 43 120 25000
35 44 121 25000
35 45 111 25000
35 46 116 25000
35 47 128 25000
35 48 122 25000
35 49 127 25000
35 50 118 25000
35 51 161 25000
36 37 119 25000
36 38 136 25000
36 39 128 25000
36 40 133 25000
36 41 121 25000
36 42 105 25000
36 43 123 25000
36 44 109 25000
36 45 129 25000
36 46 130 25000
36 47 131 25000
36 48 114 25000
36 49 138 25000
36 50 123 25000
36 51 139 25000
37 38 140 25000
37 39 147 25000
37 40 133 25000
37 41 143 25000
37 42 108 25000
37 43 136 25000
37 44 131 25000
37 45 128 25000
37 46 124 25000
37 47 121 25000
37 48 120 25000
37 49 126 25000
37 50 117 25000
37 51 126 25000
38 39 142 25000
38 40 137 25000
38 41 133 25000
38 42 113 25000
38 43 108 25000
38 44 128 25000
38 45 129 25000
38 46 100 25000
38 47 126 25000
38 48 118 25000
38 49 118 25000
38 50 121 25000
38 51 144 25000
39 40 131 25000
39 41 121 25000
39 42 147 25000
39 43 124 25000
39 44 134 25000
39 45 106 25000
39 46 121 25000
39 47 121 25000
39 48 128 25000
39 49 127 25000
39 50 143 25000
39 51 148 25000
40 41 139 25000
40 42 118 25000
40 43 133 25000
40 44 122 25000
40 45 141 25000
40 46 120 25000
40 47 127 25000
40 48 128 25000
40 49 129 25000
40 50 138 25000
40 51 159 25000
41 42 153 25000
41 43 139 25000
41 44 124 25000
41 45 118 25000
41 46 141 25000
41 47 131 25000
41 48 106 25000
41 49 141 25000
41 50 135 25000
41 51 131 25000
42 43 144 25000
42 44 137 25000
42 45 118 25000
42 46 140 25000
42 47 127 25000
42 48 134 25000
42 49 140 25000
42 50 130 25000
42 51 126 25000
43 44 119 25000
43 45 147 25000
43 46 139 25000
43 47 126 25000
43 48 131 25000
43 49 120 25000
43 50 114 25000
43 51 143 25000
44 45 122 25000
44 46 128 25000
44 47 124 25000
44 48 127 25000
44 49 127 25000
44 50 128 25000
44 51 106 25000
45 46 131 25000
45 47 113 25000
45 48 136 25000
45 49 147 25000
45 50 137 25000
45 51 125 25000
46 47 143 25000
46 48 135 25000
46 49 119 25000
46 50 130 25000
46 51 138 25000
47 48 161 25000
47 49 140 25000
47 50 132 25000
47 51 136 25000
48 49 140 25000
48 50 134 25000
48 51 122 25000
49 50 125 25000
49 51 133 25000
50 51 134 25000
