0 1 128 25000
0 2 110 25000
0 3 100 25000
0 4 114 25000
0 5 113 25000
0 6 93 25000
0 7 87 25000
0 8 90 25000
0 9 91 25000
0 10 116 25000
0 11 95 25000
0 12 130 25000
0 13 67 25000
0 14 90 25000
0 15 104 25000
0 16 81 25000
0 17 89 25000
0 18 79 25000
0 19 100 25000
0 20 115 25000
0 21 104 25000
0 22 80 25000
0 23 90 25000
0 24 89 25000
0 25 71 25000
0 26 97 25000
0 27 75 25000
0 28 98 25000
0 29 75 25000
0 30 97 25000
0 31 72 25000
0 32 82 25000
0 33 92 25000
0 34 79 25000
0 35 69 25000
0 36 81 25000
0 37 93 25000
0 38 92 25000
0 39 88 25000
0 40 100 25000
0 41 94 25000
0 42 101 25000
0 43 71 25000
0 44 89 25000
0 45 90 25000
0 46 79 25000
0 47 86 25000
0 48 82 25000
0 49 81 25000
0 50 76 25000
0 51 92 25000
1 2 107 25000
1 3 101 25000
1 4 111 25000
1 5 101 25000
1 6 95 25000
1 7 101 25000
1 8 90 25000
1 9 100 25000
1 10 93 25000
1 11 100 25000
1 12 115 25000
1 13 85 25000
1 14 99 25000
1 15 73 25000
1 16 81 25000
1 17 85 25000
1 18 89 25000
1 19 84 25000
1 20 99 25000
1 21 93 25000
1 22 81 25000
1 23 82 25000
1 24 94 25000
1 25 86 25000
1 26 93 25000
1 27 90 25000
1 28 106 25000
1 29 85 25000
1 30 74 25000
1 31 69 25000
1 32 82 25000
1 33 82 25000
1 34 83 25000
1 35 72 25000
1 36 76 25000
1 37 86 25000
1 38 79 25000
1 39 93 25000
1 40 97 25000
1 41 88 25000
1 42 99 25000
1 43 80 25000
1 44 92 25000
1 45 76 25000
1 46 84 25000
1 47 92 25000
1 48 78 25000
1 49 98 25000
1 50 94 25000
1 51 106 25000
2 3 97 25000
2 4 97 25000
2 5 96 25000
2 6 97 25000
2 7 107 25000
2 8 87 25000
2 9 87 25000
2 10 106 25000
2 11 90 25000
2 12 88 25000
2 13 86 25000
2 14 94 25000
2 15 68 25000
2 16 73 25000
2 17 89 25000
2 18 88 25000
2 19 100 25000
2 20 87 25000
2 21 94 25000
2 22 85 25000
2 23 82 25000
2 24 83 25000
2 25 78 25000
2 26 104 25000
2 27 78 25000
2 28 90 25000
2 29 87 25000
2 30 85 25000
2 31 105 25000
2 32 70 25000
2 33 78 25000
2 34 70 25000
2 35 65 25000
2 36 78 25000
2 37 99 25000
2 38 87 25000
2 39 94 25000
2 40 77 25000
2 41 73 25000
2 42 72 25000
2 43 77 25000
2 44 87 25000
2 45 83 25000
2 46 77 25000
2 47 81 25000
2 48 92 25000
2 49 84 25000
2 50 80 25000
2 51 97 25000
3 4 113 25000
3 5 94 25000
3 6 82 25000
3 7 99 25000
3 8 91 25000
3 9 90 25000
3 10 107 25000
3 11 96 25000
3 12 112 25000
3 13 94 25000
3 14 75 25000
3 15 88 25000
3 16 76 25000
3 17 84 25000
3 18 84 25000
3 19 79 25000
3 20 68 25000
3 21 82 25000
3 22 86 25000
3 23 90 25000
3 24 106 25000
3 25 82 25000
3 26 101 25000
3 27 66 25000
3 28 81 25000
3 29 78 25000
3 30 86 25000
3 31 78 25000
3 32 79 25000
3 33 95 25000
3 34 79 25000
3 35 82 25000
3 36 72 25000
3 37 80 25000
3 38 81 25000
3 39 86 25000
3 40 82 25000
3 41 81 25000
3 42 65 25000
3 43 88 25000
3 44 84 25000
3 45 67 25000
3 46 76 25000
3 47 89 25000
3 48 92 25000
3 49 84 25000
3 50 85 25000
3 51 100 25000
4 5 83 25000
4 6 100 25000
4 7 104 25000
4 8 99 25000
4 9 96 25000
4 10 94 25000
4 11 105 25000
4 12 122 25000
4 13 82 25000
4 14 84 25000
4 15 87 25000
4 16 73 25000
4 17 100 25000
4 18 80 25000
4 19 69 25000
4 20 79 25000
4 21 102 25000
4 22 91 25000
4 23 110 25000
4 24 102 25000
4 25 83 25000
4 26 98 25000
4 27 85 25000
4 28 79 25000
4 29 64 25000
4 30 74 25000
4 31 73 25000
4 32 93 25000
4 33 85 25000
4 34 85 25000
4 35 82 25000
4 36 81 25000
4 37 79 25000
4 38 75 25000
4 39 92 25000
4 40 79 25000
4 41 73 25000
4 42 92 25000
4 43 76 25000
4 44 89 25000
4 45 90 25000
4 46 78 25000
4 47 87 25000
4 48 98 25000
4 49 89 25000
4 50 87 25000
4 51 95 25000
5 6 92 25000
5 7 102 25000
5 8 88 25000
5 9 98 25000
5 10 107 25000
5 11 107 25000
5 12 114 25000
5 13 79 25000
5 14 92 25000
5 15 80 25000
5 16 82 25000
5 17 89 25000
5 18 85 25000
5 19 85 25000
5 20 85 25000
5 21 90 25000
5 22 78 25000
5 23 90 25000
5 24 71 25000
5 25 95 25000
5 26 91 25000
5 27 74 25000
5 28 100 25000
5 29 87 25000
5 30 78 25000
5 31 84 25000
5 32 89 25000
5 33 87 25000
5 34 87 25000
5 35 82 25000
5 36 90 25000
5 37 70 25000
5 38 88 25000
5 39 81 25000
5 40 90 25000
5 41 95 25000
5 42 79 25000
5 43 84 25000
5 44 73 25000
5 45 81 25000
5 46 86 25000
5 47 101 25000
5 48 73 25000
5 49 87 25000
5 50 77 25000
5 51 89 25000
6 7 95 25000
6 8 106 25000
6 9 94 25000
6 10 120 25000
6 11 97 25000
6 12 103 25000
6 13 87 25000
6 14 82 25000
6 15 69 25000
6 16 90 25000
6 17 81 25000
6 18 104 25000
6 19 83 25000
6 20 88 25000
6 21 78 25000
6 22 95 25000
6 23 100 25000
6 24 81 25000
6 25 90 25000
6 26 99 25000
6 27 104 25000
6 28 88 25000
6 29 86 25000
6 30 78 25000
6 31 82 25000
6 32 102 25000
6 33 83 25000
6 34 87 25000
6 35 81 25000
6 36 71 25000
6 37 92 25000
6 38 99 25000
6 39 73 25000
6 40 94 25000
6 41 85 25000
6 42 88 25000
6 43 73 25000
6 44 105 25000
6 45 75 25000
6 46 84 25000
6 47 85 25000
6 48 87 25000
6 49 103 25000
6 50 81 25000
6 51 88 25000
7 8 92 25000
7 9 80 25000
7 10 79 25000
7 11 95 25000
7 12 103 25000
7 13 96 25000
7 14 95 25000
7 15 71 25000
7 16 78 25000
7 17 84 25000
7 18 80 25000
7 19 83 25000
7 20 89 25000
7 21 63 25000
7 22 75 25000
7 23 87 25000
7 24 86 25000
7 25 81 25000
7 26 84 25000
7 27 89 25000
7 28 74 25000
7 29 84 25000
7 30 85 25000
7 31 75 25000
7 32 90 25000
7 33 79 25000
7 34 71 25000
7 35 67 25000
7 36 78 25000
7 37 90 25000
7 38 80 25000
7 39 67 25000
7 40 92 25000
7 41 69 25000
7 42 113 25000
7 43 83 25000
7 44 94 25000
7 45 76 25000
7 46 91 25000
7 47 92 25000
7 48 72 25000
7 49 76 25000
7 50 78 25000
7 51 92 25000
8 9 82 25000
8 10 102 25000
8 11 96 25000
8 12 103 25000
8 13 102 25000
8 14 77 25000
8 15 84 25000
8 16 90 25000
8 17 83 25000
8 18 90 25000
8 19 71 25000
8 20 86 25000
8 21 94 25000
8 22 93 25000
8 23 86 25000
8 24 86 25000
8 25 76 25000
8 26 87 25000
8 27 83 25000
8 28 80 25000
8 29 81 25000
8 30 84 25000
8 31 81 25000
8 32 74 25000
8 33 80 25000
8 34 92 25000
8 35 75 25000
8 36 104 25000
8 37 79 25000
8 38 68 25000
8 39 71 25000
8 40 86 25000
8 41 78 25000
8 42 82 25000
8 43 82 25000
8 44 84 25000
8 45 90 25000
8 46 86 25000
8 47 86 25000
8 48 98 25000
8 49 81 25000
8 50 105 25000
8 51 85 25000
9 10 85 25000
9 11 97 25000
9 12 95 25000
9 13 91 25000
9 14 94 25000
9 15 100 25000
9 16 93 25000
9 17 97 25000
9 18 96 25000
9 19 81 25000
9 20 88 25000
9 21 102 25000
9 22 71 25000
9 23 75 25000
9 24 84 25000
9 25 72 25000
9 26 83 25000
9 27 83 25000
9 28 79 25000
9 29 71 25000
9 30 88 25000
9 31 72 25000
9 32 88 25000
9 33 95 25000
9 34 86 25000
9 35 70 25000
9 36 72 25000
9 37 78 25000
9 38 72 25000
9 39 106 25000
9 40 88 25000
9 41 75 25000
9 42 86 25000
9 43 88 25000
9 44 101 25000
9 45 81 25000
9 46 104 25000
9 47 87 25000
9 48 76 25000
9 49 82 25000
9 50 72 25000
9 51 77 25000
10 11 114 25000
10 12 136 25000
10 13 90 25000
10 14 66 25000
10 15 86 25000
10 16 72 25000
10 17 74 25000
10 18 67 25000
10 19 85 25000
10 20 84 25000
10 21 88 25000
10 22 89 25000
10 23 83 25000
10 24 94 25000
10 25 76 25000
10 26 75 25000
10 27 67 25000
10 28 71 25000
10 29 80 25000
10 30 83 25000
10 31 81 25000
10 32 94 25000
10 33 77 25000
10 34 84 25000
10 35 79 25000
10 36 74 25000
10 37 77 25000
10 38 65 25000
10 39 88 25000
10 40 73 25000
10 41 70 25000
10 42 73 25000
10 43 74 25000
10 44 82 25000
10 45 71 25000
10 46 77 25000
10 47 80 25000
10 48 82 25000
10 49 103 25000
10 50 88 25000
10 51 92 25000
11 12 113 25000
11 13 88 25000
11 14 95 25000
11 15 81 25000
11 16 79 25000
11 17 74 25000
11 18 113 25000
11 19 101 25000
11 20 88 25000
11 21 67 25000
11 22 89 25000
11 23 91 25000
11 24 84 25000
11 25 76 25000
11 26 87 25000
11 27 91 25000
11 28 83 25000
11 29 76 25000
11 30 88 25000
11 31 75 25000
11 32 80 25000
11 33 88 25000
11 34 76 25000
11 35 85 25000
11 36 90 25000
11 37 94 25000
11 38 75 25000
11 39 87 25000
11 40 81 25000
11 41 84 25000
11 42 70 25000
11 43 70 25000
11 44 93 25000
11 45 83 25000
11 46 72 25000
11 47 69 25000
11 48 88 25000
11 49 79 25000
11 50 97 25000
11 51 80 25000
12 13 67 25000
12 14 91 25000
12 15 88 25000
12 16 103 25000
12 17 91 25000
12 18 76 25000
12 19 89 25000
12 20 88 25000
12 21 90 25000
12 22 92 25000
12 23 93 25000
12 24 92 25000
12 25 77 25000
12 26 80 25000
12 27 91 25000
12 28 86 25000
12 29 91 25000
12 30 93 25000
12 31 76 25000
12 32 88 25000
12 33 82 25000
12 34 91 25000
12 35 82 25000
12 36 98 25000
12 37 89 25000
12 38 87 25000
12 39 109 25000
12 40 81 25000
12 41 69 25000
12 42 96 25000
12 43 89 25000
12 44 85 25000
12 45 80 25000
12 46 90 25000
12 47 89 25000
12 48 78 25000
12 49 83 25000
12 50 89 25000
12 51 81 25000
13 14 100 25000
13 15 115 25000
13 16 102 25000
13 17 118 25000
13 18 109 25000
13 19 95 25000
13 20 96 25000
13 21 114 25000
13 22 90 25000
13 23 84 25000
13 24 101 25000
13 25 98 25000
13 26 83 25000
13 27 92 25000
13 28 78 25000
13 29 74 25000
13 30 81 25000
13 31 84 25000
13 32 91 25000
13 33 92 25000
13 34 96 25000
13 35 75 25000
13 36 79 25000
13 37 89 25000
13 38 84 25000
13 39 107 25000
13 40 81 25000
13 41 90 25000
13 42 90 25000
13 43 87 25000
13 44 83 25000
13 45 85 25000
13 46 85 25000
13 47 82 25000
13 48 80 25000
13 49 102 25000
13 50 79 25000
13 51 65 25000
14 15 101 25000
14 16 112 25000
14 17 112 25000
14 18 92 25000
14 19 100 25000
14 20 85 25000
14 21 104 25000
14 22 101 25000
14 23 118 25000
14 24 100 25000
14 25 80 25000
14 26 95 25000
14 27 82 25000
14 28 107 25000
14 29 100 25000
14 30 102 25000
14 31 83 25000
14 32 74 25000
14 33 88 25000
14 34 94 25000
14 35 73 25000
14 36 94 25000
14 37 83 25000
14 38 81 25000
14 39 82 25000
14 40 68 25000
14 41 75 25000
14 42 79 25000
14 43 70 25000
14 44 95 25000
14 45 70 25000
14 46 65 25000
14 47 75 25000
14 48 83 25000
14 49 84 25000
14 50 90 25000
14 51 96 25000
15 16 105 25000
15 17 116 25000
15 18 119 25000
15 19 112 25000
15 20 98 25000
15 21 109 25000
15 22 108 25000
15 23 105 25000
15 24 97 25000
15 25 76 25000
15 26 83 25000
15 27 86 25000
15 28 98 25000
15 29 75 25000
15 30 101 25000
15 31 82 25000
15 32 103 25000
15 33 97 25000
15 34 89 25000
15 35 84 25000
15 36 88 25000
15 37 79 25000
15 38 85 25000
15 39 100 25000
15 40 88 25000
15 41 86 25000
15 42 81 25000
15 43 84 25000
15 44 85 25000
15 45 80 25000
15 46 88 25000
15 47 85 25000
15 48 85 25000
15 49 85 25000
15 50 97 25000
15 51 78 25000
16 17 85 25000
16 18 92 25000
16 19 86 25000
16 20 79 25000
16 21 75 25000
16 22 110 25000
16 23 99 25000
16 24 93 25000
16 25 91 25000
16 26 99 25000
16 27 74 25000
16 28 80 25000
16 29 91 25000
16 30 93 25000
16 31 77 25000
16 32 80 25000
16 33 83 25000
16 34 83 25000
16 35 79 25000
16 36 77 25000
16 37 77 25000
16 38 102 25000
16 39 82 25000
16 40 83 25000
16 41 69 25000
16 42 74 25000
16 43 100 25000
16 44 83 25000
16 45 82 25000
16 46 76 25000
16 47 85 25000
16 48 96 25000
16 49 83 25000
16 50 73 25000
16 51 95 25000
17 18 115 25000
17 19 103 25000
17 20 103 25000
17 21 118 25000
17 22 124 25000
17 23 87 25000
17 24 102 25000
17 25 107 25000
17 26 89 25000
17 27 85 25000
17 28 76 25000
17 29 88 25000
17 30 90 25000
17 31 90 25000
17 32 95 25000
17 33 67 25000
17 34 84 25000
17 35 79 25000
17 36 101 25000
17 37 93 25000
17 38 80 25000
17 39 93 25000
17 40 81 25000
17 41 104 25000
17 42 104 25000
17 43 94 25000
17 44 97 25000
17 45 78 25000
17 46 101 25000
17 47 94 25000
17 48 94 25000
17 49 92 25000
17 50 90 25000
17 51 72 25000
18 19 121 25000
18 20 115 25000
18 21 115 25000
18 22 92 25000
18 23 104 25000
18 24 106 25000
18 25 105 25000
18 26 89 25000
18 27 86 25000
18 28 90 25000
18 29 84 25000
18 30 91 25000
18 31 74 25000
18 32 85 25000
18 33 77 25000
18 34 101 25000
18 35 79 25000
18 36 89 25000
18 37 89 25000
18 38 81 25000
18 39 88 25000
18 40 74 25000
18 41 77 25000
18 42 101 25000
18 43 103 25000
18 44 71 25000
18 45 77 25000
18 46 98 25000
18 47 75 25000
18 48 87 25000
18 49 88 25000
18 50 94 25000
18 51 80 25000
19 20 99 25000
19 21 86 25000
19 22 101 25000
19 23 115 25000
19 24 110 25000
19 25 97 25000
19 26 97 25000
19 27 92 25000
19 28 82 25000
19 29 87 25000
19 30 82 25000
19 31 88 25000
19 32 87 25000
19 33 81 25000
19 34 74 25000
19 35 82 25000
19 36 88 25000
19 37 80 25000
19 38 90 25000
19 39 109 25000
19 40 75 25000
19 41 89 25000
19 42 83 25000
19 43 80 25000
19 44 77 25000
19 45 81 25000
19 46 100 25000
19 47 82 25000
19 48 106 25000
19 49 78 25000
19 50 71 25000
19 51 98 25000
20 21 104 25000
20 22 113 25000
20 23 107 25000
20 24 94 25000
20 25 103 25000
20 26 97 25000
20 27 94 25000
20 28 80 25000
20 29 87 25000
20 30 85 25000
20 31 90 25000
20 32 93 25000
20 33 110 25000
20 34 75 25000
20 35 82 25000
20 36 105 25000
20 37 83 25000
20 38 82 25000
20 39 105 25000
20 40 100 25000
20 41 80 25000
20 42 84 25000
20 43 90 25000
20 44 90 25000
20 45 90 25000
20 46 69 25000
20 47 76 25000
20 48 88 25000
20 49 94 25000
20 50 85 25000
20 51 85 25000
21 22 87 25000
21 23 110 25000
21 24 91 25000
21 25 93 25000
21 26 94 25000
21 27 101 25000
21 28 88 25000
21 29 63 25000
21 30 97 25000
21 31 94 25000
21 32 94 25000
21 33 88 25000
21 34 79 25000
21 35 78 25000
21 36 90 25000
21 37 96 25000
21 38 83 25000
21 39 88 25000
21 40 94 25000
21 41 84 25000
21 42 72 25000
21 43 80 25000
21 44 78 25000
21 45 86 25000
21 46 99 25000
21 47 86 25000
21 48 83 25000
21 49 77 25000
21 50 72 25000
21 51 90 25000
22 23 86 25000
22 24 88 25000
22 25 97 25000
22 26 88 25000
22 27 75 25000
22 28 83 25000
22 29 94 25000
22 30 82 25000
22 31 80 25000
22 32 84 25000
22 33 85 25000
22 34 92 25000
22 35 82 25000
22 36 111 25000
22 37 80 25000
22 38 68 25000
22 39 91 25000
22 40 85 25000
22 41 76 25000
22 42 87 25000
22 43 90 25000
22 44 85 25000
22 45 75 25000
22 46 79 25000
22 47 84 25000
22 48 87 25000
22 49 97 25000
22 50 70 25000
22 51 89 25000
23 24 97 25000
23 25 96 25000
23 26 87 25000
23 27 93 25000
23 28 103 25000
23 29 82 25000
23 30 73 25000
23 31 75 25000
23 32 91 25000
23 33 94 25000
23 34 70 25000
23 35 70 25000
23 36 85 25000
23 37 82 25000
23 38 98 25000
23 39 110 25000
23 40 98 25000
23 41 90 25000
23 42 79 25000
23 43 66 25000
23 44 96 25000
23 45 91 25000
23 46 83 25000
23 47 91 25000
23 48 96 25000
23 49 92 25000
23 50 83 25000
23 51 91 25000
24 25 84 25000
24 26 77 25000
24 27 87 25000
24 28 96 25000
24 29 82 25000
24 30 96 25000
24 31 89 25000
24 32 85 25000
24 33 82 25000
24 34 80 25000
24 35 86 25000
24 36 95 25000
24 37 96 25000
24 38 88 25000
24 39 86 25000
24 40 83 25000
24 41 91 25000
24 42 74 25000
24 43 80 25000
24 44 76 25000
24 45 98 25000
24 46 92 25000
24 47 98 25000
24 48 81 25000
24 49 83 25000
24 50 71 25000
24 51 81 25000
25 26 71 25000
25 27 75 25000
25 28 71 25000
25 29 82 25000
25 30 95 25000
25 31 79 25000
25 32 83 25000
25 33 82 25000
25 34 81 25000
25 35 79 25000
25 36 102 25000
25 37 77 25000
25 38 96 25000
25 39 94 25000
25 40 85 25000
25 41 65 25000
25 42 78 25000
25 43 77 25000
25 44 78 25000
25 45 107 25000
25 46 92 25000
25 47 76 25000
25 48 83 25000
25 49 84 25000
25 50 95 25000
25 51 82 25000
26 27 91 25000
26 28 110 25000
26 29 113 25000
26 30 91 25000
26 31 106 25000
26 32 98 25000
26 33 101 25000
26 34 107 25000
26 35 98 25000
26 36 107 25000
26 37 93 25000
26 38 94 25000
26 39 88 25000
26 40 89 25000
26 41 79 25000
26 42 86 25000
26 43 82 25000
26 44 79 25000
26 45 80 25000
26 46 86 25000
26 47 99 25000
26 48 106 25000
26 49 102 25000
26 50 86 25000
26 51 96 25000
27 28 89 25000
27 29 91 25000
27 30 100 25000
27 31 103 25000
27 32 98 25000
27 33 94 25000
27 34 103 25000
27 35 111 25000
27 36 109 25000
27 37 86 25000
27 38 82 25000
27 39 98 25000
27 40 69 25000
27 41 83 25000
27 42 68 25000
27 43 86 25000
27 44 76 25000
27 45 75 25000
27 46 75 25000
27 47 99 25000
27 48 72 25000
27 49 79 25000
27 50 78 25000
27 51 86 25000
28 29 96 25000
28 30 101 25000
28 31 106 25000
28 32 101 25000
28 33 87 25000
28 34 95 25000
28 35 98 25000
28 36 86 25000
28 37 91 25000
28 38 104 25000
28 39 93 25000
28 40 79 25000
28 41 84 25000
28 42 73 25000
28 43 92 25000
28 44 97 25000
28 45 75 25000
28 46 88 25000
28 47 75 25000
28 48 91 25000
28 49 88 25000
28 50 87 25000
28 51 75 25000
29 30 95 25000
29 31 94 25000
29 32 85 25000
29 33 95 25000
29 34 110 25000
29 35 94 25000
29 36 87 25000
29 37 87 25000
29 38 109 25000
29 39 87 25000
29 40 75 25000
29 41 76 25000
29 42 81 25000
29 43 85 25000
29 44 94 25000
29 45 85 25000
29 46 104 25000
29 47 84 25000
29 48 86 25000
29 49 75 25000
29 50 94 25000
29 51 95 25000
30 31 89 25000
30 32 99 25000
30 33 94 25000
30 34 94 25000
30 35 102 25000
30 36 97 25000
30 37 86 25000
30 38 85 25000
30 39 84 25000
30 40 74 25000
30 41 97 25000
30 42 93 25000
30 43 91 25000
30 44 87 25000
30 45 72 25000
30 46 88 25000
30 47 85 25000
30 48 84 25000
30 49 74 25000
30 50 80 25000
30 51 90 25000
31 32 110 25000
31 33 84 25000
31 34 91 25000
31 35 90 25000
31 36 83 25000
31 37 114 25000
31 38 100 25000
31 39 110 25000
31 40 94 25000
31 41 82 25000
31 42 85 25000
31 43 91 25000
31 44 84 25000
31 45 87 25000
31 46 83 25000
31 47 77 25000
31 48 94 25000
31 49 97 25000
31 50 75 25000
31 51 102 25000
32 33 87 25000
32 34 115 25000
32 35 94 25000
32 36 109 25000
32 37 103 25000
32 38 124 25000
32 39 104 25000
32 40 80 25000
32 41 77 25000
32 42 83 25000
32 43 87 25000
32 44 65 25000
32 45 66 25000
32 46 83 25000
32 47 101 25000
32 48 87 25000
32 49 77 25000
32 50 84 25000
32 51 92 25000
33 34 82 25000
33 35 103 25000
33 36 95 25000
33 37 100 25000
33 38 110 25000
33 39 90 25000
33 40 76 25000
33 41 82 25000
33 42 81 25000
33 43 83 25000
33 44 94 25000
33 45 69 25000
33 46 104 25000
33 47 87 25000
33 48 82 25000
33 49 90 25000
33 50 80 25000
33 51 95 25000
34 35 84 25000
34 36 106 25000
34 37 85 25000
34 38 98 25000
34 39 81 25000
34 40 83 25000
34 41 82 25000
34 42 88 25000
34 43 73 25000
34 44 83 25000
34 45 84 25000
34 46 90 25000
34 47 99 25000
34 48 94 25000
34 49 91 25000
34 50 66 25000
34 51 94 25000
35 36 72 25000
35 37 87 25000
35 38 90 25000
35 39 80 25000
35 40 89 25000
35 41 86 25000
35 42 78 25000
35 43 89 25000
35 44 67 25000
35 45 76 25000
35 46 77 25000
35 47 80 25000
35 48 77 25000
35 49 92 25000
35 50 88 25000
35 51 98 25000
36 37 95 25000
36 38 97 25000
36 39 88 25000
36 40 79 25000
36 41 76 25000
36 42 68 25000
36 43 89 25000
36 44 84 25000
36 45 85 25000
36 46 71 25000
36 47 78 25000
36 48 80 25000
36 49 98 25000
36 50 85 25000
36 51 78 25000
37 38 102 25000
37 39 89 25000
37 40 94 25000
37 41 74 25000
37 42 82 25000
37 43 100 25000
37 44 87 25000
37 45 86 25000
37 46 82 25000
37 47 63 25000
37 48 88 25000
37 49 72 25000
37 50 84 25000
37 51 87 25000
38 39 86 25000
38 40 89 25000
38 41 88 25000
38 42 79 25000
38 43 77 25000
38 44 85 25000
38 45 98 25000
38 46 86 25000
38 47 80 25000
38 48 89 25000
38 49 96 25000
38 50 85 25000
38 51 91 25000
39 40 114 25000
39 41 101 25000
39 42 95 25000
39 43 105 25000
39 44 112 25000
39 45 95 25000
39 46 110 25000
39 47 117 25000
39 48 94 25000
39 49 88 25000
39 50 112 25000
39 51 112 25000
40 41 94 25000
40 42 90 25000
40 43 95 25000
40 44 100 25000
40 45 102 25000
40 46 98 25000
40 47 105 25000
40 48 105 25000
40 49 104 25000
40 50 89 25000
40 51 93 25000
41 42 80 25000
41 43 83 25000
41 44 76 25000
41 45 98 25000
41 46 97 25000
41 47 96 25000
41 48 82 25000
41 49 90 25000
41 50 85 25000
41 51 105 25000
42 43 89 25000
42 44 93 25000
42 45 103 25000
42 46 80 25000
42 47 101 25000
42 48 97 25000
42 49 102 25000
42 50 93 25000
42 51 96 25000
43 44 98 25000
43 45 91 25000
43 46 101 25000
43 47 99 25000
43 48 85 25000
43 49 111 25000
43 50 100 25000
43 51 102 25000
44 45 91 25000
44 46 98 25000
44 47 94 25000
44 48 99 25000
44 49 83 25000
44 50 100 25000
44 51 93 25000
45 46 106 25000
45 47 99 25000
45 48 94 25000
45 49 116 25000
45 50 84 25000
45 51 97 25000
46 47 94 25000
46 48 97 25000
46 49 125 25000
46 50 100 25000
46 51 104 25000
47 48 93 25000
47 49 121 25000
47 50 98 25000
47 51 110 25000
48 49 101 25000
48 50 95 25000
48 51 90 25000
49 50 85 25000
49 51 112 25000
50 51 108 25000
