0 1 90 25000
0 2 94 25000
0 3 108 25000
0 4 92 25000
0 5 91 25000
0 6 91 25000
0 7 95 25000
0 8 88 25000
0 9 86 25000
0 10 110 25000
0 11 111 25000
0 12 127 25000
0 13 94 25000
0 14 88 25000
0 15 88 25000
0 16 100 25000
0 17 77 25000
0 18 91 25000
0 19 83 25000
0 20 74 25000
0 21 90 25000
0 22 78 25000
0 23 87 25000
0 24 93 25000
0 25 89 25000
0 26 81 25000
0 27 87 25000
0 28 71 25000
0 29 91 25000
0 30 101 25000
0 31 89 25000
0 32 92 25000
0 33 91 25000
0 34 82 25000
0 35 87 25000
0 36 68 25000
0 37 85 25000
0 38 92 25000
0 39 76 25000
0 40 110 25000
0 41 90 25000
0 42 94 25000
0 43 80 25000
0 44 77 25000
0 45 76 25000
0 46 77 25000
0 47 78 25000
0 48 68 25000
0 49 79 25000
0 50 91 25000
0 51 88 25000
1 2 103 25000
1 3 104 25000
1 4 96 25000
1 5 99 25000
1 6 98 25000
1 7 98 25000
1 8 97 25000
1 9 93 25000
1 10 99 25000
1 11 97 25000
1 12 115 25000
1 13 94 25000
1 14 79 25000
1 15 90 25000
1 16 78 25000
1 17 75 25000
1 18 82 25000
1 19 85 25000
1 20 87 25000
1 21 99 25000
1 22 96 25000
1 23 89 25000
1 24 80 25000
1 25 89 25000
1 26 75 25000
1 27 115 25000
1 28 82 25000
1 29 85 25000
1 30 84 25000
1 31 83 25000
1 32 87 25000
1 33 88 25000
1 34 85 25000
1 35 74 25000
1 36 71 25000
1 37 72 25000
1 38 109 25000
1 39 84 25000
1 40 89 25000
1 41 81 25000
1 42 82 25000
1 43 100 25000
1 44 88 25000
1 45 85 25000
1 46 101 25000
1 47 73 25000
1 48 94 25000
1 49 77 25000
1 50 74 25000
1 51 81 25000
2 3 105 25000
2 4 102 25000
2 5 98 25000
2 6 88 25000
2 7 97 25000
2 8 109 25000
2 9 95 25000
2 10 84 25000
2 11 94 25000
2 12 117 25000
2 13 81 25000
2 14 79 25000
2 15 78 25000
2 16 89 25000
2 17 81 25000
2 18 92 25000
2 19 84 25000
2 20 71 25000
2 21 105 25000
2 22 90 25000
2 23 72 25000
2 24 90 25000
2 25 96 25000
2 26 82 25000
2 27 86 25000
2 28 85 25000
2 29 80 25000
2 30 71 25000
2 31 74 25000
2 32 93 25000
2 33 93 25000
2 34 95 25000
2 35 81 25000
2 36 78 25000
2 37 59 25000
2 38 78 25000
2 39 65 25000
2 40 80 25000
2 41 84 25000
2 42 80 25000
2 43 86 25000
2 44 92 25000
2 45 83 25000
2 46 76 25000
2 47 77 25000
2 48 98 25000
2 49 80 25000
2 50 67 25000
2 51 89 25000
3 4 111 25000
3 5 119 25000
3 6 86 25000
3 7 94 25000
3 8 99 25000
3 9 95 25000
3 10 96 25000
3 11 101 25000
3 12 117 25000
3 13 104 25000
3 14 94 25000
3 15 90 25000
3 16 84 25000
3 17 98 25000
3 18 77 25000
3 19 85 25000
3 20 81 25000
3 21 99 25000
3 22 100 25000
3 23 107 25000
3 24 74 25000
3 25 100 25000
3 26 84 25000
3 27 64 25000
3 28 78 25000
3 29 93 25000
3 30 77 25000
3 31 78 25000
3 32 81 25000
3 33 79 25000
3 34 74 25000
3 35 88 25000
3 36 85 25000
3 37 97 25000
3 38 89 25000
3 39 67 25000
3 40 83 25000
3 41 78 25000
3 42 75 25000
3 43 72 25000
3 44 82 25000
3 45 93 25000
3 46 91 25000
3 47 86 25000
3 48 75 25000
3 49 77 25000
3 50 96 25000
3 51 106 25000
4 5 105 25000
4 6 109 25000
4 7 108 25000
4 8 84 25000
4 9 113 25000
4 10 95 25000
4 11 102 25000
4 12 96 25000
4 13 81 25000
4 14 89 25000
4 15 81 25000
4 16 97 25000
4 17 110 25000
4 18 90 25000
4 19 91 25000
4 20 88 25000
4 21 81 25000
4 22 82 25000
4 23 82 25000
4 24 84 25000
4 25 79 25000
4 26 81 25000
4 27 65 25000
4 28 86 25000
4 29 86 25000
4 30 87 25000
4 31 83 25000
4 32 95 25000
4 33 80 25000
4 34 63 25000
4 35 84 25000
4 36 79 25000
4 37 80 25000
4 38 96 25000
4 39 85 25000
4 40 94 25000
4 41 85 25000
4 42 80 25000
4 43 86 25000
4 44 87 25000
4 45 91 25000
4 46 89 25000
4 47 76 25000
4 48 101 25000
4 49 80 25000
4 50 82 25000
4 51 93 25000
5 6 102 25000
5 7 97 25000
5 8 88 25000
5 9 79 25000
5 10 93 25000
5 11 88 25000
5 12 112 25000
5 13 98 25000
5 14 88 25000
5 15 85 25000
5 16 96 25000
5 17 97 25000
5 18 92 25000
5 19 84 25000
5 20 72 25000
5 21 77 25000
5 22 86 25000
5 23 96 25000
5 24 92 25000
5 25 86 25000
5 26 85 25000
5 27 90 25000
5 28 90 25000
5 29 88 25000
5 30 90 25000
5 31 80 25000
5 32 85 25000
5 33 78 25000
5 34 103 25000
5 35 79 25000
5 36 95 25000
5 37 90 25000
5 38 97 25000
5 39 97 25000
5 40 91 25000
5 41 78 25000
5 42 94 25000
5 43 75 25000
5 44 88 25000
5 45 80 25000
5 46 85 25000
5 47 85 25000
5 48 89 25000
5 49 74 25000
5 50 65 25000
5 51 98 25000
6 7 91 25000
6 8 97 25000
6 9 106 25000
6 10 106 25000
6 11 93 25000
6 12 126 25000
6 13 86 25000
6 14 87 25000
6 15 79 25000
6 16 74 25000
6 17 94 25000
6 18 72 25000
6 19 87 25000
6 20 78 25000
6 21 107 25000
6 22 79 25000
6 23 80 25000
6 24 88 25000
6 25 86 25000
6 26 95 25000
6 27 90 25000
6 28 93 25000
6 29 77 25000
6 30 72 25000
6 31 73 25000
6 32 82 25000
6 33 84 25000
6 34 88 25000
6 35 95 25000
6 36 80 25000
6 37 88 25000
6 38 86 25000
6 39 76 25000
6 40 91 25000
6 41 81 25000
6 42 90 25000
6 43 92 25000
6 44 83 25000
6 45 82 25000
6 46 72 25000
6 47 73 25000
6 48 96 25000
6 49 97 25000
6 50 80 25000
6 51 72 25000
7 8 93 25000
7 9 102 25000
7 10 95 25000
7 11 84 25000
7 12 139 25000
7 13 100 25000
7 14 89 25000
7 15 90 25000
7 16 82 25000
7 17 75 25000
7 18 80 25000
7 19 93 25000
7 20 93 25000
7 21 87 25000
7 22 90 25000
7 23 87 25000
7 24 80 25000
7 25 83 25000
7 26 94 25000
7 27 74 25000
7 28 86 25000
7 29 83 25000
7 30 87 25000
7 31 72 25000
7 32 84 25000
7 33 75 25000
7 34 77 25000
7 35 98 25000
7 36 87 25000
7 37 90 25000
7 38 84 25000
7 39 95 25000
7 40 76 25000
7 41 87 25000
7 42 80 25000
7 43 93 25000
7 44 99 25000
7 45 100 25000
7 46 88 25000
7 47 80 25000
7 48 86 25000
7 49 74 25000
7 50 86 25000
7 51 87 25000
8 9 96 25000
8 10 99 25000
8 11 93 25000
8 12 122 25000
8 13 83 25000
8 14 86 25000
8 15 93 25000
8 16 94 25000
8 17 84 25000
8 18 89 25000
8 19 89 25000
8 20 87 25000
8 21 72 25000
8 22 94 25000
8 23 75 25000
8 24 89 25000
8 25 70 25000
8 26 80 25000
8 27 92 25000
8 28 80 25000
8 29 77 25000
8 30 97 25000
8 31 89 25000
8 32 83 25000
8 33 81 25000
8 34 74 25000
8 35 83 25000
8 36 82 25000
8 37 76 25000
8 38 77 25000
8 39 93 25000
8 40 73 25000
8 41 84 25000
8 42 90 25000
8 43 75 25000
8 44 77 25000
8 45 97 25000
8 46 73 25000
8 47 89 25000
8 48 73 25000
8 49 96 25000
8 50 64 25000
8 51 93 25000
9 10 101 25000
9 11 106 25000
9 12 129 25000
9 13 87 25000
9 14 84 25000
9 15 93 25000
9 16 82 25000
9 17 87 25000
9 18 77 25000
9 19 74 25000
9 20 72 25000
9 21 77 25000
9 22 87 25000
9 23 92 25000
9 24 95 25000
9 25 88 25000
9 26 82 25000
9 27 91 25000
9 28 77 25000
9 29 91 25000
9 30 77 25000
9 31 87 25000
9 32 74 25000
9 33 87 25000
9 34 96 25000
9 35 79 25000
9 36 80 25000
9 37 86 25000
9 38 89 25000
9 39 79 25000
9 40 81 25000
9 41 94 25000
9 42 83 25000
9 43 114 25000
9 44 82 25000
9 45 82 25000
9 46 85 25000
9 47 92 25000
9 48 83 25000
9 49 74 25000
9 50 82 25000
9 51 90 25000
10 11 100 25000
10 12 120 25000
10 13 85 25000
10 14 104 25000
10 15 86 25000
10 16 93 25000
10 17 78 25000
10 18 79 25000
10 19 96 25000
10 20 94 25000
10 21 78 25000
10 22 90 25000
10 23 86 25000
10 24 75 25000
10 25 81 25000
10 26 95 25000
10 27 86 25000
10 28 80 25000
10 29 84 25000
10 30 93 25000
10 31 83 25000
10 32 97 25000
10 33 94 25000
10 34 89 25000
10 35 77 25000
10 36 86 25000
10 37 89 25000
10 38 97 25000
10 39 81 25000
10 40 91 25000
10 41 93 25000
10 42 75 25000
10 43 79 25000
10 44 89 25000
10 45 84 25000
10 46 84 25000
10 47 69 25000
10 48 74 25000
10 49 102 25000
10 50 77 25000
10 51 89 25000
11 12 111 25000
11 13 78 25000
11 14 80 25000
11 15 99 25000
11 16 101 25000
11 17 90 25000
11 18 64 25000
11 19 94 25000
11 20 84 25000
11 21 81 25000
11 22 84 25000
11 23 78 25000
11 24 81 25000
11 25 94 25000
11 26 86 25000
11 27 89 25000
11 28 84 25000
11 29 72 25000
11 30 112 25000
11 31 96 25000
11 32 87 25000
11 33 79 25000
11 34 111 25000
11 35 84 25000
11 36 76 25000
11 37 77 25000
11 38 96 25000
11 39 89 25000
11 40 83 25000
11 41 89 25000
11 42 84 25000
11 43 82 25000
11 44 72 25000
11 45 93 25000
11 46 78 25000
11 47 79 25000
11 48 87 25000
11 49 81 25000
11 50 86 25000
11 51 81 25000
12 13 85 25000
12 14 112 25000
12 15 108 25000
12 16 92 25000
12 17 93 25000
12 18 89 25000
12 19 81 25000
12 20 104 25000
12 21 92 25000
12 22 103 25000
12 23 84 25000
12 24 87 25000
12 25 82 25000
12 26 82 25000
12 27 90 25000
12 28 80 25000
12 29 112 25000
12 30 89 25000
12 31 104 25000
12 32 84 25000
12 33 76 25000
12 34 75 25000
12 35 97 25000
12 36 94 25000
12 37 91 25000
12 38 90 25000
12 39 85 25000
12 40 89 25000
12 41 77 25000
12 42 90 25000
12 43 77 25000
12 44 95 25000
12 45 73 25000
12 46 82 25000
12 47 98 25000
12 48 88 25000
12 49 85 25000
12 50 81 25000
12 51 93 25000
13 14 102 25000
13 15 98 25000
13 16 103 25000
13 17 103 25000
13 18 128 25000
13 19 95 25000
13 20 102 25000
13 21 105 25000
13 22 125 25000
13 23 113 25000
13 24 93 25000
13 25 116 25000
13 26 81 25000
13 27 75 25000
13 28 81 25000
13 29 83 25000
13 30 93 25000
13 31 99 25000
13 32 100 25000
13 33 89 25000
13 34 99 25000
13 35 96 25000
13 36 91 25000
13 37 79 25000
13 38 85 25000
13 39 86 25000
13 40 109 25000
13 41 87 25000
13 42 96 25000
13 43 95 25000
13 44 93 25000
13 45 90 25000
13 46 78 25000
13 47 79 25000
13 48 93 25000
13 49 89 25000
13 50 83 25000
13 51 86 25000
14 15 95 25000
14 16 123 25000
14 17 104 25000
14 18 112 25000
14 19 107 25000
14 20 107 25000
14 21 112 25000
14 22 101 25000
14 23 79 25000
14 24 109 25000
14 25 83 25000
14 26 87 25000
14 27 80 25000
14 28 87 25000
14 29 87 25000
14 30 94 25000
14 31 61 25000
14 32 100 25000
14 33 89 25000
14 34 97 25000
14 35 86 25000
14 36 81 25000
14 37 112 25000
14 38 80 25000
14 39 74 25000
14 40 78 25000
14 41 80 25000
14 42 87 25000
14 43 98 25000
14 44 78 25000
14 45 92 25000
14 46 86 25000
14 47 75 25000
14 48 76 25000
14 49 88 25000
14 50 84 25000
14 51 85 25000
15 16 108 25000
15 17 109 25000
15 18 121 25000
15 19 88 25000
15 20 108 25000
15 21 98 25000
15 22 99 25000
15 23 107 25000
15 24 113 25000
15 25 96 25000
15 26 83 25000
15 27 85 25000
15 28 93 25000
15 29 99 25000
15 30 96 25000
15 31 73 25000
15 32 79 25000
15 33 72 25000
15 34 95 25000
15 35 86 25000
15 36 85 25000
15 37 74 25000
15 38 87 25000
15 39 99 25000
15 40 74 25000
15 41 82 25000
15 42 94 25000
15 43 83 25000
15 44 88 25000
15 45 88 25000
15 46 93 25000
15 47 69 25000
15 48 89 25000
15 49 74 25000
15 50 86 25000
15 51 90 25000
16 17 105 25000
16 18 82 25000
16 19 112 25000
16 20 106 25000
16 21 96 25000
16 22 101 25000
16 23 104 25000
16 24 91 25000
16 25 101 25000
16 26 97 25000
16 27 74 25000
16 28 78 25000
16 29 73 25000
16 30 94 25000
16 31 88 25000
16 32 101 25000
16 33 102 25000
16 34 99 25000
16 35 88 25000
16 36 101 25000
16 37 83 25000
16 38 95 25000
16 39 81 25000
16 40 83 25000
16 41 82 25000
16 42 97 25000
16 43 80 25000
16 44 92 25000
16 45 93 25000
16 46 91 25000
16 47 94 25000
16 48 103 25000
16 49 70 25000
16 50 83 25000
16 51 83 25000
17 18 113 25000
17 19 106 25000
17 20 86 25000
17 21 97 25000
17 22 101 25000
17 23 111 25000
17 24 101 25000
17 25 119 25000
17 26 95 25000
17 27 86 25000
17 28 93 25000
17 29 99 25000
17 30 86 25000
17 31 98 25000
17 32 81 25000
17 33 90 25000
17 34 103 25000
17 35 85 25000
17 36 97 25000
17 37 83 25000
17 38 81 25000
17 39 77 25000
17 40 86 25000
17 41 98 25000
17 42 69 25000
17 43 98 25000
17 44 96 25000
17 45 95 25000
17 46 106 25000
17 47 65 25000
17 48 82 25000
17 49 94 25000
17 50 79 25000
17 51 84 25000
18 19 103 25000
18 20 107 25000
18 21 99 25000
18 22 88 25000
18 23 116 25000
18 24 87 25000
18 25 74 25000
18 26 85 25000
18 27 80 25000
18 28 103 25000
18 29 72 25000
18 30 103 25000
18 31 73 25000
18 32 85 25000
18 33 86 25000
18 34 80 25000
18 35 89 25000
18 36 103 25000
18 37 84 25000
18 38 102 25000
18 39 81 25000
18 40 98 25000
18 41 81 25000
18 42 74 25000
18 43 83 25000
18 44 89 25000
18 45 72 25000
18 46 69 25000
18 47 80 25000
18 48 90 25000
18 49 85 25000
18 50 79 25000
18 51 79 25000
19 20 93 25000
19 21 102 25000
19 22 97 25000
19 23 108 25000
19 24 92 25000
19 25 79 25000
19 26 88 25000
19 27 94 25000
19 28 81 25000
19 29 87 25000
19 30 76 25000
19 31 79 25000
19 32 96 25000
19 33 78 25000
19 34 71 25000
19 35 94 25000
19 36 79 25000
19 37 86 25000
19 38 108 25000
19 39 81 25000
19 40 76 25000
19 41 92 25000
19 42 90 25000
19 43 87 25000
19 44 90 25000
19 45 92 25000
19 46 90 25000
19 47 75 25000
19 48 88 25000
19 49 84 25000
19 50 69 25000
19 51 85 25000
20 21 95 25000
20 22 107 25000
20 23 96 25000
20 24 103 25000
20 25 96 25000
20 26 86 25000
20 27 76 25000
20 28 79 25000
20 29 76 25000
20 30 83 25000
20 31 76 25000
20 32 78 25000
20 33 97 25000
20 34 87 25000
20 35 81 25000
20 36 85 25000
20 37 76 25000
20 38 97 25000
20 39 105 25000
20 40 90 25000
20 41 90 25000
20 42 71 25000
20 43 89 25000
20 44 96 25000
20 45 72 25000
20 46 74 25000
20 47 80 25000
20 48 84 25000
20 49 73 25000
20 50 83 25000
20 51 83 25000
21 22 105 25000
21 23 97 25000
21 24 99 25000
21 25 91 25000
21 26 83 25000
21 27 86 25000
21 28 93 25000
21 29 82 25000
21 30 97 25000
21 31 84 25000
21 32 79 25000
21 33 96 25000
21 34 92 25000
21 35 95 25000
21 36 84 25000
21 37 95 25000
21 38 93 25000
21 39 95 25000
21 40 89 25000
21 41 71 25000
21 42 85 25000
21 43 83 25000
21 44 93 25000
21 45 93 25000
21 46 96 25000
21 47 83 25000
21 48 93 25000
21 49 87 25000
21 50 85 25000
21 51 77 25000
22 23 126 25000
22 24 111 25000
22 25 110 25000
22 26 99 25000
22 27 89 25000
22 28 91 25000
22 29 83 25000
22 30 72 25000
22 31 90 25000
22 32 96 25000
22 33 79 25000
22 34 97 25000
22 35 74 25000
22 36 89 25000
22 37 107 25000
22 38 100 25000
22 39 87 25000
22 40 98 25000
22 41 89 25000
22 42 103 25000
22 43 85 25000
22 44 98 25000
22 45 102 25000
22 46 80 25000
22 47 92 25000
22 48 83 25000
22 49 98 25000
22 50 82 25000
22 51 79 25000
23 24 98 25000
23 25 90 25000
23 26 93 25000
23 27 91 25000
23 28 85 25000
23 29 79 25000
23 30 91 25000
23 31 86 25000
23 32 80 25000
23 33 81 25000
23 34 95 25000
23 35 78 25000
23 36 96 25000
23 37 88 25000
23 38 86 25000
23 39 84 25000
23 40 92 25000
23 41 67 25000
23 42 66 25000
23 43 73 25000
23 44 81 25000
23 45 75 25000
23 46 82 25000
23 47 71 25000
23 48 75 25000
23 49 90 25000
23 50 73 25000
23 51 83 25000
24 25 99 25000
24 26 76 25000
24 27 102 25000
24 28 76 25000
24 29 76 25000
24 30 78 25000
24 31 85 25000
24 32 76 25000
24 33 95 25000
24 34 92 25000
24 35 84 25000
24 36 68 25000
24 37 81 25000
24 38 82 25000
24 39 75 25000
24 40 89 25000
24 41 79 25000
24 42 80 25000
24 43 69 25000
24 44 101 25000
24 45 72 25000
24 46 86 25000
24 47 87 25000
24 48 89 25000
24 49 77 25000
24 50 77 25000
24 51 68 25000
25 26 84 25000
25 27 86 25000
25 28 107 25000
25 29 77 25000
25 30 96 25000
25 31 85 25000
25 32 108 25000
25 33 80 25000
25 34 82 25000
25 35 83 25000
25 36 104 25000
25 37 84 25000
25 38 74 25000
25 39 88 25000
25 40 56 25000
25 41 81 25000
25 42 83 25000
25 43 88 25000
25 44 83 25000
25 45 88 25000
25 46 77 25000
25 47 73 25000
25 48 90 25000
25 49 86 25000
25 50 75 25000
25 51 91 25000
26 27 98 25000
26 28 98 25000
26 29 88 25000
26 30 93 25000
26 31 86 25000
26 32 105 25000
26 33 90 25000
26 34 92 25000
26 35 128 25000
26 36 95 25000
26 37 102 25000
26 38 109 25000
26 39 100 25000
26 40 74 25000
26 41 72 25000
26 42 74 25000
26 43 104 25000
26 44 101 25000
26 45 83 25000
26 46 76 25000
26 47 80 25000
26 48 105 25000
26 49 92 25000
26 50 77 25000
26 51 96 25000
27 28 101 25000
27 29 99 25000
27 30 98 25000
27 31 103 25000
27 32 87 25000
27 33 76 25000
27 34 113 25000
27 35 98 25000
27 36 111 25000
27 37 88 25000
27 38 122 25000
27 39 73 25000
27 40 77 25000
27 41 69 25000
27 42 76 25000
27 43 77 25000
27 44 86 25000
27 45 64 25000
27 46 81 25000
27 47 75 25000
27 48 71 25000
27 49 108 25000
27 50 84 25000
27 51 79 25000
28 29 102 25000
28 30 112 25000
28 31 92 25000
28 32 111 25000
28 33 105 25000
28 34 99 25000
28 35 132 25000
28 36 105 25000
28 37 103 25000
28 38 121 25000
28 39 92 25000
28 40 78 25000
28 41 81 25000
28 42 90 25000
28 43 86 25000
28 44 77 25000
28 45 98 25000
28 46 74 25000
28 47 91 25000
28 48 74 25000
28 49 77 25000
28 50 77 25000
28 51 91 25000
29 30 89 25000
29 31 103 25000
29 32 104 25000
29 33 105 25000
29 34 94 25000
29 35 99 25000
29 36 94 25000
29 37 81 25000
29 38 119 25000
29 39 62 25000
29 40 89 25000
29 41 84 25000
29 42 84 25000
29 43 74 25000
29 44 84 25000
29 45 87 25000
29 46 99 25000
29 47 87 25000
29 48 89 25000
29 49 73 25000
29 50 77 25000
29 51 86 25000
30 31 100 25000
30 32 112 25000
30 33 108 25000
30 34 109 25000
30 35 85 25000
30 36 87 25000
30 37 107 25000
30 38 102 25000
30 39 84 25000
30 40 74 25000
30 41 91 25000
30 42 81 25000
30 43 88 25000
30 44 86 25000
30 45 76 25000
30 46 75 25000
30 47 74 25000
30 48 102 25000
30 49 96 25000
30 50 104 25000
30 51 81 25000
31 32 100 25000
31 33 110 25000
31 34 101 25000
31 35 99 25000
31 36 102 25000
31 37 105 25000
31 38 104 25000
31 39 106 25000
31 40 94 25000
31 41 57 25000
31 42 84 25000
31 43 73 25000
31 44 95 25000
31 45 86 25000
31 46 84 25000
31 47 81 25000
31 48 73 25000
31 49 63 25000
31 50 70 25000
31 51 90 25000
32 33 119 25000
32 34 115 25000
32 35 109 25000
32 36 91 25000
32 37 93 25000
32 38 97 25000
32 39 79 25000
32 40 103 25000
32 41 96 25000
32 42 96 25000
32 43 83 25000
32 44 84 25000
32 45 97 25000
32 46 81 25000
32 47 88 25000
32 48 81 25000
32 49 79 25000
32 50 78 25000
32 51 95 25000
33 34 111 25000
33 35 102 25000
33 36 114 25000
33 37 101 25000
33 38 104 25000
33 39 94 25000
33 40 82 25000
33 41 82 25000
33 42 75 25000
33 43 91 25000
33 44 86 25000
33 45 84 25000
33 46 84 25000
33 47 64 25000
33 48 82 25000
33 49 86 25000
33 50 92 25000
33 51 72 25000
34 35 111 25000
34 36 91 25000
34 37 94 25000
34 38 100 25000
34 39 76 25000
34 40 80 25000
34 41 82 25000
34 42 88 25000
34 43 79 25000
34 44 93 25000
34 45 103 25000
34 46 93 25000
34 47 78 25000
34 48 78 25000
34 49 80 25000
34 50 88 25000
34 51 86 25000
35 36 106 25000
35 37 103 25000
35 38 103 25000
35 39 88 25000
35 40 97 25000
35 41 88 25000
35 42 70 25000
35 43 84 25000
35 44 101 25000
35 45 84 25000
35 46 67 25000
35 47 90 25000
35 48 87 25000
35 49 90 25000
35 50 88 25000
35 51 74 25000
36 37 99 25000
36 38 93 25000
36 39 92 25000
36 40 97 25000
36 41 76 25000
36 42 81 25000
36 43 82 25000
36 44 81 25000
36 45 83 25000
36 46 100 25000
36 47 73 25000
36 48 82 25000
36 49 92 25000
36 50 83 25000
36 51 86 25000
37 38 103 25000
37 39 97 25000
37 40 80 25000
37 41 94 25000
37 42 96 25000
37 43 89 25000
37 44 83 25000
37 45 87 25000
37 46 87 25000
37 47 83 25000
37 48 93 25000
37 49 59 25000
37 50 90 25000
37 51 73 25000
38 39 72 25000
38 40 79 25000
38 41 73 25000
38 42 88 25000
38 43 90 25000
38 44 88 25000
38 45 88 25000
38 46 82 25000
38 47 78 25000
38 48 98 25000
38 49 86 25000
38 50 97 25000
38 51 100 25000
39 40 122 25000
39 41 99 25000
39 42 102 25000
39 43 96 25000
39 44 98 25000
39 45 90 25000
39 46 95 25000
39 47 82 25000
39 48 103 25000
39 49 77 25000
39 50 92 25000
39 51 107 25000
40 41 93 25000
40 42 82 25000
40 43 96 25000
40 44 98 25000
40 45 106 25000
40 46 115 25000
40 47 91 25000
40 48 96 25000
40 49 104 25000
40 50 92 25000
40 51 93 25000
41 42 103 25000
41 43 105 25000
41 44 99 25000
41 45 97 25000
41 46 83 25000
41 47 96 25000
41 48 78 25000
41 49 107 25000
41 50 63 25000
41 51 102 25000
42 43 104 25000
42 44 90 25000
42 45 111 25000
42 46 118 25000
42 47 96 25000
42 48 104 25000
42 49 102 25000
42 50 100 25000
42 51 102 25000
43 44 122 25000
43 45 88 25000
43 46 65 25000
43 47 101 25000
43 48 102 25000
43 49 99 25000
43 50 90 25000
43 51 105 25000
44 45 126 25000
44 46 111 25000
44 47 109 25000
44 48 100 25000
44 49 107 25000
44 50 100 25000
44 51 112 25000
45 46 111 25000
45 47 99 25000
45 48 95 25000
45 49 94 25000
45 50 96 25000
45 51 117 25000
46 47 92 25000
46 48 91 25000
46 49 104 25000
46 50 94 25000
46 51 105 25000
47 48 88 25000
47 49 94 25000
47 50 88 25000
47 51 93 25000
48 49 114 25000
48 50 86 25000
48 51 112 25000
49 50 93 25000
49 51 107 25000
50 51 102 25000
