0 1 88 25000
0 2 88 25000
0 3 100 25000
0 4 83 25000
0 5 106 25000
0 6 86 25000
0 7 99 25000
0 8 84 25000
0 9 91 25000
0 10 98 25000
0 11 132 25000
0 12 116 25000
0 13 83 25000
0 14 79 25000
0 15 100 25000
0 16 92 25000
0 17 89 25000
0 18 95 25000
0 19 78 25000
0 20 65 25000
0 21 90 25000
0 22 76 25000
0 23 87 25000
0 24 78 25000
0 25 105 25000
0 26 80 25000
0 27 83 25000
0 28 66 25000
0 29 87 25000
0 30 83 25000
0 31 84 25000
0 32 90 25000
0 33 83 25000
0 34 87 25000
0 35 79 25000
0 36 83 25000
0 37 91 25000
0 38 79 25000
0 39 91 25000
0 40 94 25000
0 41 92 25000
0 42 92 25000
0 43 92 25000
0 44 72 25000
0 45 80 25000
0 46 93 25000
0 47 77 25000
0 48 74 25000
0 49 88 25000
0 50 86 25000
0 51 94 25000
1 2 87 25000
1 3 97 25000
1 4 89 25000
1 5 109 25000
1 6 79 25000
1 7 105 25000
1 8 84 25000
1 9 97 25000
1 10 110 25000
1 11 105 25000
1 12 105 25000
1 13 97 25000
1 14 92 25000
1 15 86 25000
1 16 90 25000
1 17 79 25000
1 18 93 25000
1 19 87 25000
1 20 93 25000
1 21 100 25000
1 22 84 25000
1 23 79 25000
1 24 84 25000
1 25 97 25000
1 26 87 25000
1 27 103 25000
1 28 82 25000
1 29 82 25000
1 30 75 25000
1 31 76 25000
1 32 92 25000
1 33 87 25000
1 34 81 25000
1 35 71 25000
1 36 82 25000
1 37 70 25000
1 38 104 25000
1 39 85 25000
1 40 91 25000
1 41 74 25000
1 42 89 25000
1 43 82 25000
1 44 80 25000
1 45 71 25000
1 46 97 25000
1 47 79 25000
1 48 74 25000
1 49 83 25000
1 50 85 25000
1 51 66 25000
2 3 114 25000
2 4 105 25000
2 5 101 25000
2 6 104 25000
2 7 110 25000
2 8 98 25000
2 9 87 25000
2 10 100 25000
2 11 115 25000
2 12 104 25000
2 13 77 25000
2 14 80 25000
2 15 80 25000
2 16 89 25000
2 17 82 25000
2 18 91 25000
2 19 93 25000
2 20 87 25000
2 21 83 25000
2 22 90 25000
2 23 76 25000
2 24 88 25000
2 25 102 25000
2 26 73 25000
2 27 90 25000
2 28 77 25000
2 29 74 25000
2 30 81 25000
2 31 98 25000
2 32 87 25000
2 33 81 25000
2 34 86 25000
2 35 65 25000
2 36 82 25000
2 37 66 25000
2 38 85 25000
2 39 67 25000
2 40 80 25000
2 41 83 25000
2 42 70 25000
2 43 87 25000
2 44 96 25000
2 45 71 25000
2 46 85 25000
2 47 80 25000
2 48 93 25000
2 49 77 25000
2 50 74 25000
2 51 98 25000
3 4 93 25000
3 5 122 25000
3 6 92 25000
3 7 107 25000
3 8 101 25000
3 9 96 25000
3 10 99 25000
3 11 91 25000
3 12 97 25000
3 13 91 25000
3 14 86 25000
3 15 78 25000
3 16 87 25000
3 17 104 25000
3 18 94 25000
3 19 86 25000
3 20 86 25000
3 21 92 25000
3 22 94 25000
3 23 90 25000
3 24 74 25000
3 25 96 25000
3 26 95 25000
3 27 66 25000
3 28 85 25000
3 29 89 25000
3 30 76 25000
3 31 76 25000
3 32 80 25000
3 33 71 25000
3 34 64 25000
3 35 78 25000
3 36 85 25000
3 37 100 25000
3 38 92 25000
3 39 70 25000
3 40 79 25000
3 41 91 25000
3 42 74 25000
3 43 79 25000
3 44 81 25000
3 45 96 25000
3 46 89 25000
3 47 67 25000
3 48 79 25000
3 49 80 25000
3 50 90 25000
3 51 107 25000
4 5 109 25000
4 6 97 25000
4 7 109 25000
4 8 97 25000
4 9 85 25000
4 10 91 25000
4 11 93 25000
4 12 113 25000
4 13 82 25000
4 14 105 25000
4 15 96 25000
4 16 97 25000
4 17 91 25000
4 18 86 25000
4 19 84 25000
4 20 102 25000
4 21 99 25000
4 22 81 25000
4 23 76 25000
4 24 84 25000
4 25 76 25000
4 26 89 25000
4 27 68 25000
4 28 93 25000
4 29 84 25000
4 30 81 25000
4 31 87 25000
4 32 86 25000
4 33 84 25000
4 34 66 25000
4 35 93 25000
4 36 71 25000
4 37 80 25000
4 38 95 25000
4 39 87 25000
4 40 94 25000
4 41 78 25000
4 42 83 25000
4 43 100 25000
4 44 91 25000
4 45 82 25000
4 46 80 25000
4 47 69 25000
4 48 95 25000
4 49 95 25000
4 50 86 25000
4 51 79 25000
5 6 91 25000
5 7 99 25000
5 8 84 25000
5 9 96 25000
5 10 82 25000
5 11 110 25000
5 12 85 25000
5 13 91 25000
5 14 83 25000
5 15 88 25000
5 16 101 25000
5 17 93 25000
5 18 83 25000
5 19 75 25000
5 20 79 25000
5 21 71 25000
5 22 89 25000
5 23 88 25000
5 24 101 25000
5 25 87 25000
5 26 93 25000
5 27 76 25000
5 28 97 25000
5 29 87 25000
5 30 81 25000
5 31 90 25000
5 32 79 25000
5 33 80 25000
5 34 89 25000
5 35 79 25000
5 36 74 25000
5 37 85 25000
5 38 94 25000
5 39 94 25000
5 40 90 25000
5 41 95 25000
5 42 94 25000
5 43 81 25000
5 44 93 25000
5 45 88 25000
5 46 82 25000
5 47 88 25000
5 48 103 25000
5 49 84 25000
5 50 76 25000
5 51 95 25000
6 7 105 25000
6 8 91 25000
6 9 84 25000
6 10 97 25000
6 11 99 25000
6 12 107 25000
6 13 81 25000
6 14 83 25000
6 15 79 25000
6 16 80 25000
6 17 79 25000
6 18 82 25000
6 19 89 25000
6 20 87 25000
6 21 102 25000
6 22 78 25000
6 23 96 25000
6 24 86 25000
6 25 90 25000
6 26 78 25000
6 27 92 25000
6 28 84 25000
6 29 75 25000
6 30 78 25000
6 31 65 25000
6 32 77 25000
6 33 86 25000
6 34 79 25000
6 35 79 25000
6 36 70 25000
6 37 94 25000
6 38 79 25000
6 39 79 25000
6 40 83 25000
6 41 81 25000
6 42 98 25000
6 43 90 25000
6 44 94 25000
6 45 86 25000
6 46 82 25000
6 47 80 25000
6 48 88 25000
6 49 85 25000
6 50 83 25000
6 51 65 25000
7 8 93 25000
7 9 103 25000
7 10 102 25000
7 11 98 25000
7 12 101 25000
7 13 95 25000
7 14 98 25000
7 15 96 25000
7 16 78 25000
7 17 88 25000
7 18 84 25000
7 19 95 25000
7 20 96 25000
7 21 85 25000
7 22 96 25000
7 23 91 25000
7 24 82 25000
7 25 86 25000
7 26 90 25000
7 27 79 25000
7 28 99 25000
7 29 86 25000
7 30 92 25000
7 31 81 25000
7 32 82 25000
7 33 82 25000
7 34 76 25000
7 35 95 25000
7 36 97 25000
7 37 82 25000
7 38 95 25000
7 39 90 25000
7 40 70 25000
7 41 75 25000
7 42 69 25000
7 43 98 25000
7 44 102 25000
7 45 95 25000
7 46 78 25000
7 47 79 25000
7 48 91 25000
7 49 83 25000
7 50 98 25000
7 51 82 25000
8 9 100 25000
8 10 105 25000
8 11 101 25000
8 12 112 25000
8 13 99 25000
8 14 86 25000
8 15 89 25000
8 16 88 25000
8 17 81 25000
8 18 91 25000
8 19 86 25000
8 20 81 25000
8 21 72 25000
8 22 92 25000
8 23 68 25000
8 24 88 25000
8 25 84 25000
8 26 86 25000
8 27 75 25000
8 28 86 25000
8 29 92 25000
8 30 94 25000
8 31 86 25000
8 32 69 25000
8 33 82 25000
8 34 93 25000
8 35 89 25000
8 36 79 25000
8 37 77 25000
8 38 79 25000
8 39 108 25000
8 40 79 25000
8 41 71 25000
8 42 80 25000
8 43 84 25000
8 44 74 25000
8 45 86 25000
8 46 83 25000
8 47 94 25000
8 48 82 25000
8 49 94 25000
8 50 77 25000
8 51 98 25000
9 10 92 25000
9 11 114 25000
9 12 112 25000
9 13 95 25000
9 14 92 25000
9 15 87 25000
9 16 80 25000
9 17 92 25000
9 18 77 25000
9 19 81 25000
9 20 69 25000
9 21 81 25000
9 22 93 25000
9 23 95 25000
9 24 90 25000
9 25 83 25000
9 26 74 25000
9 27 81 25000
9 28 83 25000
9 29 76 25000
9 30 70 25000
9 31 86 25000
9 32 82 25000
9 33 103 25000
9 34 101 25000
9 35 78 25000
9 36 94 25000
9 37 72 25000
9 38 80 25000
9 39 78 25000
9 40 93 25000
9 41 82 25000
9 42 83 25000
9 43 82 25000
9 44 73 25000
9 45 83 25000
9 46 90 25000
9 47 85 25000
9 48 93 25000
9 49 82 25000
9 50 81 25000
9 51 88 25000
10 11 130 25000
10 12 105 25000
10 13 77 25000
10 14 91 25000
10 15 84 25000
10 16 88 25000
10 17 75 25000
10 18 78 25000
10 19 96 25000
10 20 84 25000
10 21 72 25000
10 22 85 25000
10 23 81 25000
10 24 68 25000
10 25 79 25000
10 26 86 25000
10 27 89 25000
10 28 78 25000
10 29 95 25000
10 30 94 25000
10 31 83 25000
10 32 99 25000
10 33 89 25000
10 34 87 25000
10 35 82 25000
10 36 87 25000
10 37 81 25000
10 38 88 25000
10 39 90 25000
10 40 93 25000
10 41 109 25000
10 42 70 25000
10 43 95 25000
10 44 91 25000
10 45 80 25000
10 46 84 25000
10 47 80 25000
10 48 72 25000
10 49 101 25000
10 50 84 25000
10 51 96 25000
11 12 109 25000
11 13 79 25000
11 14 84 25000
11 15 91 25000
11 16 100 25000
11 17 90 25000
11 18 71 25000
11 19 85 25000
11 20 72 25000
11 21 75 25000
11 22 75 25000
11 23 80 25000
11 24 72 25000
11 25 94 25000
11 26 87 25000
11 27 65 25000
11 28 87 25000
11 29 71 25000
11 30 103 25000
11 31 94 25000
11 32 90 25000
11 33 79 25000
11 34 94 25000
11 35 91 25000
11 36 88 25000
11 37 66 25000
11 38 86 25000
11 39 72 25000
11 40 71 25000
11 41 101 25000
11 42 82 25000
11 43 82 25000
11 44 87 25000
11 45 85 25000
11 46 77 25000
11 47 76 25000
11 48 71 25000
11 49 95 25000
11 50 93 25000
11 51 83 25000
12 13 94 25000
12 14 98 25000
12 15 104 25000
12 16 87 25000
12 17 85 25000
12 18 87 25000
12 19 89 25000
12 20 88 25000
12 21 106 25000
12 22 99 25000
12 23 84 25000
12 24 85 25000
12 25 88 25000
12 26 88 25000
12 27 96 25000
12 28 102 25000
12 29 99 25000
12 30 82 25000
12 31 85 25000
12 32 81 25000
12 33 89 25000
12 34 75 25000
12 35 96 25000
12 36 98 25000
12 37 83 25000
12 38 83 25000
12 39 88 25000
12 40 84 25000
12 41 81 25000
12 42 92 25000
12 43 84 25000
12 44 76 25000
12 45 79 25000
12 46 96 25000
12 47 92 25000
12 48 89 25000
12 49 91 25000
12 50 84 25000
12 51 85 25000
13 14 103 25000
13 15 89 25000
13 16 102 25000
13 17 106 25000
13 18 108 25000
13 19 106 25000
13 20 112 25000
13 21 102 25000
13 22 88 25000
13 23 100 25000
13 24 95 25000
13 25 117 25000
13 26 72 25000
13 27 90 25000
13 28 81 25000
13 29 76 25000
13 30 84 25000
13 31 80 25000
13 32 100 25000
13 33 97 25000
13 34 89 25000
13 35 99 25000
13 36 101 25000
13 37 75 25000
13 38 111 25000
13 39 79 25000
13 40 106 25000
13 41 87 25000
13 42 85 25000
13 43 83 25000
13 44 88 25000
13 45 85 25000
13 46 69 25000
13 47 88 25000
13 48 100 25000
13 49 76 25000
13 50 84 25000
13 51 81 25000
14 15 100 25000
14 16 95 25000
14 17 115 25000
14 18 108 25000
14 19 83 25000
14 20 82 25000
14 21 105 25000
14 22 96 25000
14 23 95 25000
14 24 96 25000
14 25 85 25000
14 26 97 25000
14 27 98 25000
14 28 98 25000
14 29 87 25000
14 30 101 25000
14 31 72 25000
14 32 100 25000
14 33 76 25000
14 34 90 25000
14 35 101 25000
14 36 72 25000
14 37 95 25000
14 38 78 25000
14 39 89 25000
14 40 92 25000
14 41 82 25000
14 42 70 25000
14 43 99 25000
14 44 74 25000
14 45 80 25000
14 46 90 25000
14 47 76 25000
14 48 82 25000
14 49 84 25000
14 50 85 25000
14 51 80 25000
15 16 110 25000
15 17 126 25000
15 18 109 25000
15 19 93 25000
15 20 112 25000
15 21 118 25000
15 22 125 25000
15 23 102 25000
15 24 120 25000
15 25 103 25000
15 26 83 25000
15 27 81 25000
15 28 92 25000
15 29 92 25000
15 30 88 25000
15 31 82 25000
15 32 79 25000
15 33 80 25000
15 34 93 25000
15 35 100 25000
15 36 81 25000
15 37 67 25000
15 38 90 25000
15 39 111 25000
15 40 80 25000
15 41 76 25000
15 42 97 25000
15 43 93 25000
15 44 88 25000
15 45 94 25000
15 46 87 25000
15 47 71 25000
15 48 101 25000
15 49 84 25000
15 50 90 25000
15 51 89 25000
16 17 99 25000
16 18 104 25000
16 19 104 25000
16 20 107 25000
16 21 102 25000
16 22 90 25000
16 23 113 25000
16 24 96 25000
16 25 92 25000
16 26 82 25000
16 27 72 25000
16 28 85 25000
16 29 79 25000
16 30 93 25000
16 31 84 25000
16 32 98 25000
16 33 96 25000
16 34 97 25000
16 35 96 25000
16 36 93 25000
16 37 93 25000
16 38 80 25000
16 39 79 25000
16 40 95 25000
16 41 72 25000
16 42 86 25000
16 43 74 25000
16 44 100 25000
16 45 89 25000
16 46 97 25000
16 47 88 25000
16 48 85 25000
16 49 63 25000
16 50 78 25000
16 51 86 25000
17 18 109 25000
17 19 113 25000
17 20 99 25000
17 21 85 25000
17 22 97 25000
17 23 113 25000
17 24 95 25000
17 25 105 25000
17 26 86 25000
17 27 86 25000
17 28 87 25000
17 29 95 25000
17 30 83 25000
17 31 103 25000
17 32 74 25000
17 33 101 25000
17 34 100 25000
17 35 95 25000
17 36 91 25000
17 37 82 25000
17 38 71 25000
17 39 68 25000
17 40 76 25000
17 41 96 25000
17 42 77 25000
17 43 100 25000
17 44 94 25000
17 45 117 25000
17 46 107 25000
17 47 74 25000
17 48 77 25000
17 49 89 25000
17 50 82 25000
17 51 77 25000
18 19 89 25000
18 20 103 25000
18 21 104 25000
18 22 99 25000
18 23 109 25000
18 24 105 25000
18 25 96 25000
18 26 90 25000
18 27 74 25000
18 28 95 25000
18 29 88 25000
18 30 77 25000
18 31 92 25000
18 32 94 25000
18 33 89 25000
18 34 85 25000
18 35 75 25000
18 36 82 25000
18 37 87 25000
18 38 116 25000
18 39 82 25000
18 40 88 25000
18 41 91 25000
18 42 76 25000
18 43 82 25000
18 44 99 25000
18 45 71 25000
18 46 79 25000
18 47 77 25000
18 48 78 25000
18 49 92 25000
18 50 70 25000
18 51 78 25000
19 20 87 25000
19 21 90 25000
19 22 93 25000
19 23 118 25000
19 24 91 25000
19 25 85 25000
19 26 94 25000
19 27 90 25000
19 28 81 25000
19 29 82 25000
19 30 78 25000
19 31 87 25000
19 32 88 25000
19 33 73 25000
19 34 73 25000
19 35 105 25000
19 36 85 25000
19 37 92 25000
19 38 103 25000
19 39 91 25000
19 40 89 25000
19 41 77 25000
19 42 84 25000
19 43 80 25000
19 44 70 25000
19 45 91 25000
19 46 94 25000
19 47 85 25000
19 48 84 25000
19 49 97 25000
19 50 78 25000
19 51 75 25000
20 21 78 25000
20 22 95 25000
20 23 86 25000
20 24 90 25000
20 25 100 25000
20 26 86 25000
20 27 88 25000
20 28 83 25000
20 29 84 25000
20 30 81 25000
20 31 82 25000
20 32 87 25000
20 33 87 25000
20 34 83 25000
20 35 88 25000
20 36 83 25000
20 37 80 25000
20 38 95 25000
20 39 87 25000
20 40 86 25000
20 41 86 25000
20 42 67 25000
20 43 86 25000
20 44 96 25000
20 45 67 25000
20 46 83 25000
20 47 78 25000
20 48 75 25000
20 49 77 25000
20 50 78 25000
20 51 79 25000
21 22 91 25000
21 23 80 25000
21 24 103 25000
21 25 92 25000
21 26 87 25000
21 27 85 25000
21 28 70 25000
21 29 74 25000
21 30 84 25000
21 31 85 25000
21 32 85 25000
21 33 67 25000
21 34 98 25000
21 35 105 25000
21 36 98 25000
21 37 92 25000
21 38 91 25000
21 39 80 25000
21 40 85 25000
21 41 74 25000
21 42 85 25000
21 43 83 25000
21 44 83 25000
21 45 71 25000
21 46 88 25000
21 47 71 25000
21 48 81 25000
21 49 74 25000
21 50 88 25000
21 51 83 25000
22 23 135 25000
22 24 107 25000
22 25 98 25000
22 26 93 25000
22 27 74 25000
22 28 81 25000
22 29 78 25000
22 30 79 25000
22 31 104 25000
22 32 96 25000
22 33 78 25000
22 34 93 25000
22 35 78 25000
22 36 77 25000
22 37 99 25000
22 38 85 25000
22 39 86 25000
22 40 89 25000
22 41 88 25000
22 42 100 25000
22 43 88 25000
22 44 101 25000
22 45 95 25000
22 46 85 25000
22 47 77 25000
22 48 79 25000
22 49 92 25000
22 50 88 25000
22 51 84 25000
23 24 99 25000
23 25 86 25000
23 26 100 25000
23 27 88 25000
23 28 90 25000
23 29 80 25000
23 30 91 25000
23 31 90 25000
23 32 92 25000
23 33 77 25000
23 34 108 25000
23 35 103 25000
23 36 91 25000
23 37 98 25000
23 38 86 25000
23 39 96 25000
23 40 92 25000
23 41 59 25000
23 42 81 25000
23 43 75 25000
23 44 88 25000
23 45 79 25000
23 46 81 25000
23 47 78 25000
23 48 72 25000
23 49 89 25000
23 50 76 25000
23 51 85 25000
24 25 89 25000
24 26 84 25000
24 27 88 25000
24 28 86 25000
24 29 82 25000
24 30 73 25000
24 31 86 25000
24 32 86 25000
24 33 90 25000
24 34 84 25000
24 35 86 25000
24 36 79 25000
24 37 74 25000
24 38 75 25000
24 39 82 25000
24 40 90 25000
24 41 84 25000
24 42 94 25000
24 43 79 25000
24 44 81 25000
24 45 87 25000
24 46 83 25000
24 47 80 25000
24 48 84 25000
24 49 73 25000
24 50 77 25000
24 51 76 25000
25 26 100 25000
25 27 90 25000
25 28 113 25000
25 29 72 25000
25 30 98 25000
25 31 75 25000
25 32 95 25000
25 33 103 25000
25 34 82 25000
25 35 85 25000
25 36 87 25000
25 37 83 25000
25 38 70 25000
25 39 77 25000
25 40 78 25000
25 41 75 25000
25 42 93 25000
25 43 85 25000
25 44 87 25000
25 45 98 25000
25 46 81 25000
25 47 88 25000
25 48 88 25000
25 49 92 25000
25 50 79 25000
25 51 96 25000
26 27 85 25000
26 28 81 25000
26 29 77 25000
26 30 83 25000
26 31 95 25000
26 32 95 25000
26 33 98 25000
26 34 89 25000
26 35 105 25000
26 36 90 25000
26 37 93 25000
26 38 93 25000
26 39 94 25000
26 40 87 25000
26 41 75 25000
26 42 90 25000
26 43 98 25000
26 44 94 25000
26 45 80 25000
26 46 72 25000
26 47 71 25000
26 48 94 25000
26 49 93 25000
26 50 82 25000
26 51 79 25000
27 28 93 25000
27 29 90 25000
27 30 102 25000
27 31 95 25000
27 32 86 25000
27 33 85 25000
27 34 107 25000
27 35 97 25000
27 36 100 25000
27 37 82 25000
27 38 89 25000
27 39 75 25000
27 40 89 25000
27 41 70 25000
27 42 76 25000
27 43 76 25000
27 44 76 25000
27 45 80 25000
27 46 78 25000
27 47 68 25000
27 48 69 25000
27 49 99 25000
27 50 92 25000
27 51 77 25000
28 29 92 25000
28 30 107 25000
28 31 94 25000
28 32 118 25000
28 33 104 25000
28 34 92 25000
28 35 115 25000
28 36 100 25000
28 37 73 25000
28 38 91 25000
28 39 99 25000
28 40 96 25000
28 41 69 25000
28 42 87 25000
28 43 80 25000
28 44 74 25000
28 45 101 25000
28 46 72 25000
28 47 77 25000
28 48 83 25000
28 49 69 25000
28 50 73 25000
28 51 85 25000
29 30 89 25000
29 31 100 25000
29 32 98 25000
29 33 91 25000
29 34 94 25000
29 35 122 25000
29 36 98 25000
29 37 85 25000
29 38 108 25000
29 39 78 25000
29 40 103 25000
29 41 84 25000
29 42 72 25000
29 43 80 25000
29 44 79 25000
29 45 79 25000
29 46 93 25000
29 47 80 25000
29 48 72 25000
29 49 76 25000
29 50 75 25000
29 51 106 25000
30 31 108 25000
30 32 103 25000
30 33 101 25000
30 34 107 25000
30 35 90 25000
30 36 91 25000
30 37 108 25000
30 38 110 25000
30 39 89 25000
30 40 59 25000
30 41 94 25000
30 42 80 25000
30 43 82 25000
30 44 82 25000
30 45 72 25000
30 46 72 25000
30 47 84 25000
30 48 85 25000
30 49 86 25000
30 50 97 25000
30 51 79 25000
31 32 101 25000
31 33 101 25000
31 34 98 25000
31 35 100 25000
31 36 91 25000
31 37 91 25000
31 38 97 25000
31 39 95 25000
31 40 104 25000
31 41 65 25000
31 42 86 25000
31 43 81 25000
31 44 75 25000
31 45 88 25000
31 46 97 25000
31 47 83 25000
31 48 78 25000
31 49 69 25000
31 50 76 25000
31 51 87 25000
32 33 116 25000
32 34 103 25000
32 35 96 25000
32 36 95 25000
32 37 92 25000
32 38 106 25000
32 39 79 25000
32 40 103 25000
32 41 76 25000
32 42 84 25000
32 43 78 25000
32 44 79 25000
32 45 99 25000
32 46 83 25000
32 47 91 25000
32 48 71 25000
32 49 77 25000
32 50 75 25000
32 51 97 25000
33 34 107 25000
33 35 89 25000
33 36 96 25000
33 37 95 25000
33 38 106 25000
33 39 86 25000
33 40 86 25000
33 41 86 25000
33 42 82 25000
33 43 74 25000
33 44 94 25000
33 45 69 25000
33 46 90 25000
33 47 70 25000
33 48 73 25000
33 49 88 25000
33 50 84 25000
33 51 76 25000
34 35 103 25000
34 36 107 25000
34 37 86 25000
34 38 95 25000
34 39 83 25000
34 40 82 25000
34 41 76 25000
34 42 87 25000
34 43 74 25000
34 44 100 25000
34 45 100 25000
34 46 85 25000
34 47 77 25000
34 48 83 25000
34 49 81 25000
34 50 90 25000
34 51 82 25000
35 36 103 25000
35 37 90 25000
35 38 101 25000
35 39 84 25000
35 40 89 25000
35 41 109 25000
35 42 75 25000
35 43 81 25000
35 44 85 25000
35 45 85 25000
35 46 67 25000
35 47 81 25000
35 48 89 25000
35 49 93 25000
35 50 79 25000
35 51 48 25000
36 37 95 25000
36 38 94 25000
36 39 99 25000
36 40 94 25000
36 41 76 25000
36 42 82 25000
36 43 72 25000
36 44 86 25000
36 45 82 25000
36 46 91 25000
36 47 77 25000
36 48 84 25000
36 49 89 25000
36 50 97 25000
36 51 100 25000
37 38 102 25000
37 39 79 25000
37 40 82 25000
37 41 83 25000
37 42 103 25000
37 43 89 25000
37 44 101 25000
37 45 81 25000
37 46 87 25000
37 47 97 25000
37 48 84 25000
37 49 81 25000
37 50 80 25000
37 51 73 25000
38 39 85 25000
38 40 71 25000
38 41 78 25000
38 42 76 25000
38 43 83 25000
38 44 85 25000
38 45 82 25000
38 46 74 25000
38 47 71 25000
38 48 82 25000
38 49 85 25000
38 50 102 25000
38 51 92 25000
39 40 105 25000
39 41 90 25000
39 42 97 25000
39 43 93 25000
39 44 96 25000
39 45 86 25000
39 46 93 25000
39 47 94 25000
39 48 106 25000
39 49 83 25000
39 50 102 25000
39 51 99 25000
40 41 94 25000
40 42 99 25000
40 43 93 25000
40 44 97 25000
40 45 96 25000
40 46 110 25000
40 47 89 25000
40 48 101 25000
40 49 104 25000
40 50 94 25000
40 51 108 25000
41 42 84 25000
41 43 91 25000
41 44 103 25000
41 45 92 25000
41 46 93 25000
41 47 97 25000
41 48 75 25000
41 49 83 25000
41 50 77 25000
41 51 100 25000
42 43 95 25000
42 44 95 25000
42 45 101 25000
42 46 105 25000
42 47 92 25000
42 48 90 25000
42 49 98 25000
42 50 95 25000
42 51 110 25000
43 44 104 25000
43 45 86 25000
43 46 78 25000
43 47 95 25000
43 48 99 25000
43 49 98 25000
43 50 94 25000
43 51 100 25000
44 45 101 25000
44 46 95 25000
44 47 99 25000
44 48 102 25000
44 49 104 25000
44 50 91 25000
44 51 93 25000
45 46 109 25000
45 47 99 25000
45 48 94 25000
45 49 92 25000
45 50 94 25000
45 51 88 25000
46 47 88 25000
46 48 94 25000
46 49 90 25000
46 50 82 25000
46 51 101 25000
47 48 78 25000
47 49 96 25000
47 50 77 25000
47 51 100 25000
48 49 112 25000
48 50 93 25000
48 51 111 25000
49 50 81 25000
49 51 87 25000
50 51 93 25000
