0 1 136 25000
0 2 112 25000
0 3 110 25000
0 4 121 25000
0 5 122 25000
0 6 113 25000
0 7 136 25000
0 8 107 25000
0 9 118 25000
0 10 104 25000
0 11 117 25000
0 12 147 25000
0 13 74 25000
0 14 80 25000
0 15 71 25000
0 16 78 25000
0 17 92 25000
0 18 66 25000
0 19 77 25000
0 20 82 25000
0 21 81 25000
0 22 94 25000
0 23 90 25000
0 24 90 25000
0 25 81 25000
0 26 66 25000
0 27 84 25000
0 28 85 25000
0 29 67 25000
0 30 69 25000
0 31 87 25000
0 32 92 25000
0 33 81 25000
0 34 85 25000
0 35 81 25000
0 36 83 25000
0 37 66 25000
0 38 91 25000
0 39 83 25000
0 40 80 25000
0 41 83 25000
0 42 74 25000
0 43 84 25000
0 44 77 25000
0 45 86 25000
0 46 89 25000
0 47 86 25000
0 48 88 25000
0 49 67 25000
0 50 82 25000
0 51 88 25000
1 2 149 25000
1 3 124 25000
1 4 135 25000
1 5 101 25000
1 6 124 25000
1 7 117 25000
1 8 116 25000
1 9 117 25000
1 10 121 25000
1 11 118 25000
1 12 140 25000
1 13 62 25000
1 14 79 25000
1 15 80 25000
1 16 74 25000
1 17 83 25000
1 18 87 25000
1 19 86 25000
1 20 87 25000
1 21 86 25000
1 22 81 25000
1 23 102 25000
1 24 92 25000
1 25 67 25000
1 26 82 25000
1 27 85 25000
1 28 69 25000
1 29 76 25000
1 30 75 25000
1 31 74 25000
1 32 74 25000
1 33 77 25000
1 34 95 25000
1 35 82 25000
1 36 64 25000
1 37 70 25000
1 38 92 25000
1 39 75 25000
1 40 74 25000
1 41 80 25000
1 42 82 25000
1 43 88 25000
1 44 92 25000
1 45 100 25000
1 46 78 25000
1 47 71 25000
1 48 74 25000
1 49 71 25000
1 50 74 25000
1 51 85 25000
2 3 117 25000
2 4 119 25000
2 5 122 25000
2 6 144 25000
2 7 128 25000
2 8 124 25000
2 9 115 25000
2 10 97 25000
2 11 118 25000
2 12 137 25000
2 13 86 25000
2 14 87 25000
2 15 70 25000
2 16 68 25000
2 17 84 25000
2 18 82 25000
2 19 75 25000
2 20 79 25000
2 21 73 25000
2 22 66 25000
2 23 93 25000
2 24 56 25000
2 25 79 25000
2 26 77 25000
2 27 64 25000
2 28 91 25000
2 29 88 25000
2 30 73 25000
2 31 79 25000
2 32 93 25000
2 33 79 25000
2 34 72 25000
2 35 85 25000
2 36 88 25000
2 37 72 25000
2 38 80 25000
2 39 72 25000
2 40 93 25000
2 41 64 25000
2 42 76 25000
2 43 95 25000
2 44 83 25000
2 45 73 25000
2 46 84 25000
2 47 72 25000
2 48 77 25000
2 49 96 25000
2 50 69 25000
2 51 74 25000
3 4 133 25000
3 5 112 25000
3 6 132 25000
3 7 125 25000
3 8 116 25000
3 9 123 25000
3 10 130 25000
3 11 123 25000
3 12 137 25000
3 13 75 25000
3 14 88 25000
3 15 78 25000
3 16 83 25000
3 17 71 25000
3 18 85 25000
3 19 77 25000
3 20 75 25000
3 21 76 25000
3 22 98 25000
3 23 80 25000
3 24 76 25000
3 25 86 25000
3 26 80 25000
3 27 77 25000
3 28 76 25000
3 29 82 25000
3 30 91 25000
3 31 66 25000
3 32 80 25000
3 33 85 25000
3 34 78 25000
3 35 58 25000
3 36 73 25000
3 37 87 25000
3 38 85 25000
3 39 77 25000
3 40 70 25000
3 41 67 25000
3 42 77 25000
3 43 78 25000
3 44 85 25000
3 45 85 25000
3 46 88 25000
3 47 79 25000
3 48 83 25000
3 49 88 25000
3 50 79 25000
3 51 93 25000
4 5 115 25000
4 6 134 25000
4 7 121 25000
4 8 127 25000
4 9 122 25000
4 10 114 25000
4 11 127 25000
4 12 135 25000
4 13 73 25000
4 14 80 25000
4 15 86 25000
4 16 84 25000
4 17 82 25000
4 18 58 25000
4 19 79 25000
4 20 72 25000
4 21 74 25000
4 22 89 25000
4 23 63 25000
4 24 76 25000
4 25 69 25000
4 26 106 25000
4 27 71 25000
4 28 72 25000
4 29 75 25000
4 30 79 25000
4 31 74 25000
4 32 96 25000
4 33 76 25000
4 34 75 25000
4 35 88 25000
4 36 83 25000
4 37 85 25000
4 38 71 25000
4 39 74 25000
4 40 82 25000
4 41 67 25000
4 42 70 25000
4 43 86 25000
4 44 84 25000
4 45 82 25000
4 46 84 25000
4 47 81 25000
4 48 79 25000
4 49 95 25000
4 50 80 25000
4 51 94 25000
5 6 107 25000
5 7 118 25000
5 8 114 25000
5 9 108 25000
5 10 120 25000
5 11 123 25000
5 12 134 25000
5 13 80 25000
5 14 80 25000
5 15 68 25000
5 16 71 25000
5 17 77 25000
5 18 95 25000
5 19 74 25000
5 20 77 25000
5 21 72 25000
5 22 76 25000
5 23 70 25000
5 24 83 25000
5 25 78 25000
5 26 86 25000
5 27 71 25000
5 28 83 25000
5 29 69 25000
5 30 73 25000
5 31 59 25000
5 32 82 25000
5 33 69 25000
5 34 84 25000
5 35 63 25000
5 36 80 25000
5 37 54 25000
5 38 88 25000
5 39 88 25000
5 40 88 25000
5 41 65 25000
5 42 85 25000
5 43 70 25000
5 44 77 25000
5 45 81 25000
5 46 79 25000
5 47 82 25000
5 48 77 25000
5 49 74 25000
5 50 87 25000
5 51 75 25000
6 7 119 25000
6 8 121 25000
6 9 133 25000
6 10 123 25000
6 11 122 25000
6 12 121 25000
6 13 78 25000
6 14 73 25000
6 15 72 25000
6 16 85 25000
6 17 85 25000
6 18 84 25000
6 19 79 25000
6 20 77 25000
6 21 81 25000
6 22 95 25000
6 23 81 25000
6 24 100 25000
6 25 92 25000
6 26 85 25000
6 27 90 25000
6 28 75 25000
6 29 89 25000
6 30 93 25000
6 31 80 25000
6 32 91 25000
6 33 71 25000
6 34 86 25000
6 35 77 25000
6 36 85 25000
6 37 71 25000
6 38 69 25000
6 39 79 25000
6 40 106 25000
6 41 75 25000
6 42 89 25000
6 43 72 25000
6 44 90 25000
6 45 81 25000
6 46 85 25000
6 47 74 25000
6 48 92 25000
6 49 72 25000
6 50 80 25000
6 51 75 25000
7 8 134 25000
7 9 135 25000
7 10 107 25000
7 11 120 25000
7 12 135 25000
7 13 79 25000
7 14 84 25000
7 15 60 25000
7 16 88 25000
7 17 70 25000
7 18 77 25000
7 19 87 25000
7 20 79 25000
7 21 101 25000
7 22 78 25000
7 23 76 25000
7 24 91 25000
7 25 51 25000
7 26 87 25000
7 27 81 25000
7 28 82 25000
7 29 84 25000
7 30 84 25000
7 31 85 25000
7 32 74 25000
7 33 88 25000
7 34 75 25000
7 35 75 25000
7 36 109 25000
7 37 84 25000
7 38 78 25000
7 39 85 25000
7 40 90 25000
7 41 90 25000
7 42 71 25000
7 43 64 25000
7 44 69 25000
7 45 87 25000
7 46 86 25000
7 47 84 25000
7 48 78 25000
7 49 67 25000
7 50 83 25000
7 51 94 25000
8 9 123 25000
8 10 108 25000
8 11 127 25000
8 12 129 25000
8 13 75 25000
8 14 91 25000
8 15 84 25000
8 16 66 25000
8 17 75 25000
8 18 72 25000
8 19 72 25000
8 20 73 25000
8 21 84 25000
8 22 82 25000
8 23 76 25000
8 24 81 25000
8 25 74 25000
8 26 75 25000
8 27 64 25000
8 28 65 25000
8 29 98 25000
8 30 76 25000
8 31 85 25000
8 32 71 25000
8 33 69 25000
8 34 82 25000
8 35 86 25000
8 36 72 25000
8 37 75 25000
8 38 88 25000
8 39 84 25000
8 40 89 25000
8 41 76 25000
8 42 80 25000
8 43 70 25000
8 44 91 25000
8 45 78 25000
8 46 75 25000
8 47 79 25000
8 48 87 25000
8 49 80 25000
8 50 78 25000
8 51 82 25000
9 10 117 25000
9 11 112 25000
9 12 131 25000
9 13 69 25000
9 14 90 25000
9 15 64 25000
9 16 86 25000
9 17 72 25000
9 18 78 25000
9 19 86 25000
9 20 81 25000
9 21 72 25000
9 22 83 25000
9 23 76 25000
9 24 80 25000
9 25 68 25000
9 26 80 25000
9 27 80 25000
9 28 89 25000
9 29 70 25000
9 30 71 25000
9 31 78 25000
9 32 90 25000
9 33 70 25000
9 34 78 25000
9 35 73 25000
9 36 82 25000
9 37 81 25000
9 38 69 25000
9 39 84 25000
9 40 84 25000
9 41 82 25000
9 42 83 25000
9 43 83 25000
9 44 70 25000
9 45 76 25000
9 46 80 25000
9 47 76 25000
9 48 87 25000
9 49 83 25000
9 50 61 25000
9 51 87 25000
10 11 116 25000
10 12 130 25000
10 13 80 25000
10 14 78 25000
10 15 82 25000
10 16 78 25000
10 17 85 25000
10 18 73 25000
10 19 57 25000
10 20 70 25000
10 21 74 25000
10 22 80 25000
10 23 76 25000
10 24 67 25000
10 25 83 25000
10 26 97 25000
10 27 75 25000
10 28 79 25000
10 29 77 25000
10 30 86 25000
10 31 78 25000
10 32 98 25000
10 33 86 25000
10 34 73 25000
10 35 73 25000
10 36 83 25000
10 37 77 25000
10 38 82 25000
10 39 75 25000
10 40 84 25000
10 41 88 25000
10 42 91 25000
10 43 76 25000
10 44 82 25000
10 45 78 25000
10 46 83 25000
10 47 77 25000
10 48 73 25000
10 49 74 25000
10 50 94 25000
10 51 67 25000
11 12 140 25000
11 13 74 25000
11 14 74 25000
11 15 85 25000
11 16 86 25000
11 17 84 25000
11 18 70 25000
11 19 84 25000
11 20 96 25000
11 21 66 25000
11 22 71 25000
11 23 93 25000
11 24 87 25000
11 25 73 25000
11 26 67 25000
11 27 78 25000
11 28 84 25000
11 29 76 25000
11 30 82 25000
11 31 94 25000
11 32 80 25000
11 33 87 25000
11 34 85 25000
11 35 84 25000
11 36 91 25000
11 37 92 25000
11 38 75 25000
11 39 94 25000
11 40 81 25000
11 41 90 25000
11 42 67 25000
11 43 89 25000
11 44 100 25000
11 45 81 25000
11 46 62 25000
11 47 68 25000
11 48 81 25000
11 49 80 25000
11 50 83 25000
11 51 103 25000
12 13 131 25000
12 14 133 25000
12 15 136 25000
12 16 130 25000
12 17 133 25000
12 18 134 25000
12 19 122 25000
12 20 120 25000
12 21 130 25000
12 22 120 25000
12 23 108 25000
12 24 130 25000
12 25 127 25000
12 26 137 25000
12 27 127 25000
12 28 124 25000
12 29 136 25000
12 30 119 25000
12 31 120 25000
12 32 138 25000
12 33 129 25000
12 34 131 25000
12 35 129 25000
12 36 108 25000
12 37 162 25000
12 38 122 25000
12 39 127 25000
12 40 134 25000
12 41 132 25000
12 42 106 25000
12 43 144 25000
12 44 132 25000
12 45 122 25000
12 46 128 25000
12 47 143 25000
12 48 113 25000
12 49 130 25000
12 50 116 25000
12 51 137 25000
13 14 66 25000
13 15 79 25000
13 16 72 25000
13 17 80 25000
13 18 82 25000
13 19 85 25000
13 20 88 25000
13 21 78 25000
13 22 85 25000
13 23 67 25000
13 24 89 25000
13 25 90 25000
13 26 77 25000
13 27 97 25000
13 28 72 25000
13 29 69 25000
13 30 100 25000
13 31 87 25000
13 32 83 25000
13 33 85 25000
13 34 86 25000
13 35 77 25000
13 36 111 25000
13 37 81 25000
13 38 72 25000
13 39 86 25000
13 40 89 25000
13 41 78 25000
13 42 74 25000
13 43 84 25000
13 44 86 25000
13 45 85 25000
13 46 84 25000
13 47 102 25000
13 48 94 25000
13 49 87 25000
13 50 67 25000
13 51 70 25000
14 15 97 25000
14 16 93 25000
14 17 80 25000
14 18 85 25000
14 19 85 25000
14 20 78 25000
14 21 73 25000
14 22 70 25000
14 23 82 25000
14 24 88 25000
14 25 89 25000
14 26 81 25000
14 27 87 25000
14 28 75 25000
14 29 94 25000
14 30 88 25000
14 31 68 25000
14 32 70 25000
14 33 72 25000
14 34 96 25000
14 35 85 25000
14 36 73 25000
14 37 87 25000
14 38 75 25000
14 39 77 25000
14 40 82 25000
14 41 72 25000
14 42 77 25000
14 43 99 25000
14 44 71 25000
14 45 76 25000
14 46 81 25000
14 47 80 25000
14 48 76 25000
14 49 79 25000
14 50 78 25000
14 51 98 25000
15 16 68 25000
15 17 96 25000
15 18 69 25000
15 19 84 25000
15 20 84 25000
15 21 73 25000
15 22 91 25000
15 23 60 25000
15 24 78 25000
15 25 63 25000
15 26 90 25000
15 27 88 25000
15 28 87 25000
15 29 75 25000
15 30 71 25000
15 31 101 25000
15 32 77 25000
15 33 81 25000
15 34 85 25000
15 35 90 25000
15 36 87 25000
15 37 64 25000
15 38 77 25000
15 39 75 25000
15 40 62 25000
15 41 72 25000
15 42 80 25000
15 43 70 25000
15 44 65 25000
15 45 77 25000
15 46 70 25000
15 47 102 25000
15 48 96 25000
15 49 93 25000
15 50 74 25000
15 51 68 25000
16 17 84 25000
16 18 84 25000
16 19 94 25000
16 20 84 25000
16 21 90 25000
16 22 79 25000
16 23 75 25000
16 24 95 25000
16 25 83 25000
16 26 73 25000
16 27 78 25000
16 28 71 25000
16 29 69 25000
16 30 77 25000
16 31 97 25000
16 32 94 25000
16 33 103 25000
16 34 84 25000
16 35 87 25000
16 36 91 25000
16 37 84 25000
16 38 105 25000
16 39 82 25000
16 40 73 25000
16 41 71 25000
16 42 76 25000
16 43 71 25000
16 44 78 25000
16 45 80 25000
16 46 101 25000
16 47 84 25000
16 48 99 25000
16 49 78 25000
16 50 72 25000
16 51 76 25000
17 18 59 25000
17 19 95 25000
17 20 67 25000
17 21 92 25000
17 22 75 25000
17 23 82 25000
17 24 87 25000
17 25 89 25000
17 26 85 25000
17 27 86 25000
17 28 84 25000
17 29 88 25000
17 30 112 25000
17 31 96 25000
17 32 89 25000
17 33 86 25000
17 34 80 25000
17 35 94 25000
17 36 90 25000
17 37 84 25000
17 38 79 25000
17 39 85 25000
17 40 77 25000
17 41 71 25000
17 42 73 25000
17 43 81 25000
17 44 85 25000
17 45 79 25000
17 46 93 25000
17 47 79 25000
17 48 70 25000
17 49 98 25000
17 50 83 25000
17 51 82 25000
18 19 95 25000
18 20 75 25000
18 21 84 25000
18 22 89 25000
18 23 94 25000
18 24 101 25000
18 25 83 25000
18 26 92 25000
18 27 75 25000
18 28 85 25000
18 29 91 25000
18 30 77 25000
18 31 88 25000
18 32 84 25000
18 33 75 25000
18 34 68 25000
18 35 78 25000
18 36 82 25000
18 37 98 25000
18 38 83 25000
18 39 63 25000
18 40 98 25000
18 41 71 25000
18 42 72 25000
18 43 92 25000
18 44 79 25000
18 45 85 25000
18 46 73 25000
18 47 82 25000
18 48 81 25000
18 49 96 25000
18 50 76 25000
18 51 74 25000
19 20 81 25000
19 21 65 25000
19 22 78 25000
19 23 79 25000
19 24 109 25000
19 25 86 25000
19 26 94 25000
19 27 99 25000
19 28 99 25000
19 29 95 25000
19 30 89 25000
19 31 74 25000
19 32 90 25000
19 33 101 25000
19 34 111 25000
19 35 76 25000
19 36 85 25000
19 37 95 25000
19 38 78 25000
19 39 98 25000
19 40 81 25000
19 41 88 25000
19 42 81 25000
19 43 69 25000
19 44 97 25000
19 45 73 25000
19 46 95 25000
19 47 75 25000
19 48 90 25000
19 49 92 25000
19 50 90 25000
19 51 78 25000
20 21 82 25000
20 22 84 25000
20 23 83 25000
20 24 76 25000
20 25 64 25000
20 26 75 25000
20 27 76 25000
20 28 87 25000
20 29 82 25000
20 30 59 25000
20 31 78 25000
20 32 62 25000
20 33 71 25000
20 34 68 25000
20 35 87 25000
20 36 82 25000
20 37 95 25000
20 38 89 25000
20 39 74 25000
20 40 91 25000
20 41 80 25000
20 42 89 25000
20 43 106 25000
20 44 84 25000
20 45 90 25000
20 46 83 25000
20 47 94 25000
20 48 94 25000
20 49 76 25000
20 50 82 25000
20 51 97 25000
21 22 68 25000
21 23 83 25000
21 24 71 25000
21 25 68 25000
21 26 77 25000
21 27 57 25000
21 28 85 25000
21 29 95 25000
21 30 85 25000
21 31 82 25000
21 32 87 25000
21 33 94 25000
21 34 71 25000
21 35 88 25000
21 36 90 25000
21 37 76 25000
21 38 80 25000
21 39 93 25000
21 40 67 25000
21 41 77 25000
21 42 82 25000
21 43 72 25000
21 44 82 25000
21 45 79 25000
21 46 84 25000
21 47 78 25000
21 48 88 25000
21 49 83 25000
21 50 74 25000
21 51 65 25000
22 23 81 25000
22 24 90 25000
22 25 89 25000
22 26 95 25000
22 27 74 25000
22 28 83 25000
22 29 83 25000
22 30 81 25000
22 31 93 25000
22 32 97 25000
22 33 84 25000
22 34 70 25000
22 35 63 25000
22 36 98 25000
22 37 65 25000
22 38 79 25000
22 39 81 25000
22 40 76 25000
22 41 100 25000
22 42 80 25000
22 43 84 25000
22 44 84 25000
22 45 82 25000
22 46 94 25000
22 47 75 25000
22 48 76 25000
22 49 81 25000
22 50 76 25000
22 51 93 25000
23 24 79 25000
23 25 77 25000
23 26 80 25000
23 27 94 25000
23 28 114 25000
23 29 80 25000
23 30 84 25000
23 31 67 25000
23 32 90 25000
23 33 78 25000
23 34 105 25000
23 35 70 25000
23 36 87 25000
23 37 86 25000
23 38 97 25000
23 39 68 25000
23 40 97 25000
23 41 92 25000
23 42 70 25000
23 43 90 25000
23 44 76 25000
23 45 105 25000
23 46 102 25000
23 47 93 25000
23 48 97 25000
23 49 85 25000
23 50 85 25000
23 51 66 25000
24 25 84 25000
24 26 77 25000
24 27 96 25000
24 28 99 25000
24 29 89 25000
24 30 88 25000
24 31 81 25000
24 32 73 25000
24 33 83 25000
24 34 65 25000
24 35 74 25000
24 36 111 25000
24 37 85 25000
24 38 74 25000
24 39 89 25000
24 40 79 25000
24 41 83 25000
24 42 70 25000
24 43 70 25000
24 44 88 25000
24 45 87 25000
24 46 76 25000
24 47 74 25000
24 48 86 25000
24 49 89 25000
24 50 88 25000
24 51 85 25000
25 26 76 25000
25 27 77 25000
25 28 68 25000
25 29 79 25000
25 30 84 25000
25 31 83 25000
25 32 81 25000
25 33 85 25000
25 34 79 25000
25 35 75 25000
25 36 74 25000
25 37 100 25000
25 38 100 25000
25 39 70 25000
25 40 83 25000
25 41 76 25000
25 42 82 25000
25 43 66 25000
25 44 86 25000
25 45 78 25000
25 46 63 25000
25 47 86 25000
25 48 66 25000
25 49 83 25000
25 50 76 25000
25 51 113 25000
26 27 90 25000
26 28 86 25000
26 29 74 25000
26 30 78 25000
26 31 86 25000
26 32 94 25000
26 33 70 25000
26 34 83 25000
26 35 95 25000
26 36 90 25000
26 37 88 25000
26 38 84 25000
26 39 76 25000
26 40 73 25000
26 41 81 25000
26 42 93 25000
26 43 78 25000
26 44 71 25000
26 45 111 25000
26 46 83 25000
26 47 84 25000
26 48 91 25000
26 49 88 25000
26 50 88 25000
26 51 79 25000
27 28 84 25000
27 29 70 25000
27 30 80 25000
27 31 72 25000
27 32 87 25000
27 33 94 25000
27 34 79 25000
27 35 77 25000
27 36 93 25000
27 37 89 25000
27 38 76 25000
27 39 102 25000
27 40 65 25000
27 41 93 25000
27 42 80 25000
27 43 77 25000
27 44 87 25000
27 45 83 25000
27 46 80 25000
27 47 77 25000
27 48 88 25000
27 49 69 25000
27 50 99 25000
27 51 91 25000
28 29 67 25000
28 30 79 25000
28 31 76 25000
28 32 80 25000
28 33 91 25000
28 34 87 25000
28 35 82 25000
28 36 89 25000
28 37 87 25000
28 38 80 25000
28 39 74 25000
28 40 74 25000
28 41 72 25000
28 42 70 25000
28 43 84 25000
28 44 69 25000
28 45 84 25000
28 46 96 25000
28 47 83 25000
28 48 72 25000
28 49 75 25000
28 50 60 25000
28 51 81 25000
29 30 92 25000
29 31 79 25000
29 32 90 25000
29 33 76 25000
29 34 88 25000
29 35 95 25000
29 36 86 25000
29 37 78 25000
29 38 83 25000
29 39 84 25000
29 40 97 25000
29 41 75 25000
29 42 83 25000
29 43 73 25000
29 44 90 25000
29 45 60 25000
29 46 85 25000
29 47 81 25000
29 48 87 25000
29 49 80 25000
29 50 82 25000
29 51 83 25000
30 31 91 25000
30 32 86 25000
30 33 88 25000
30 34 82 25000
30 35 81 25000
30 36 89 25000
30 37 97 25000
30 38 85 25000
30 39 96 25000
30 40 88 25000
30 41 82 25000
30 42 96 25000
30 43 86 25000
30 44 77 25000
30 45 83 25000
30 46 84 25000
30 47 89 25000
30 48 94 25000
30 49 80 25000
30 50 74 25000
30 51 74 25000
31 32 91 25000
31 33 78 25000
31 34 98 25000
31 35 87 25000
31 36 95 25000
31 37 87 25000
31 38 75 25000
31 39 87 25000
31 40 77 25000
31 41 114 25000
31 42 80 25000
31 43 83 25000
31 44 98 25000
31 45 91 25000
31 46 92 25000
31 47 92 25000
31 48 88 25000
31 49 95 25000
31 50 84 25000
31 51 72 25000
32 33 76 25000
32 34 102 25000
32 35 79 25000
32 36 103 25000
32 37 98 25000
32 38 88 25000
32 39 78 25000
32 40 75 25000
32 41 79 25000
32 42 78 25000
32 43 81 25000
32 44 80 25000
32 45 88 25000
32 46 99 25000
32 47 75 25000
32 48 108 25000
32 49 84 25000
32 50 93 25000
32 51 88 25000
33 34 83 25000
33 35 89 25000
33 36 72 25000
33 37 67 25000
33 38 83 25000
33 39 69 25000
33 40 91 25000
33 41 80 25000
33 42 106 25000
33 43 70 25000
33 44 78 25000
33 45 96 25000
33 46 92 25000
33 47 84 25000
33 48 92 25000
33 49 72 25000
33 50 78 25000
33 51 82 25000
34 35 93 25000
34 36 80 25000
34 37 78 25000
34 38 73 25000
34 39 81 25000
34 40 102 25000
34 41 74 25000
34 42 67 25000
34 43 87 25000
34 44 70 25000
34 45 95 25000
34 46 67 25000
34 47 83 25000
34 48 76 25000
34 49 91 25000
34 50 80 25000
34 51 83 25000
35 36 90 25000
35 37 88 25000
35 38 71 25000
35 39 90 25000
35 40 92 25000
35 41 70 25000
35 42 72 25000
35 43 96 25000
35 44 87 25000
35 45 76 25000
35 46 83 25000
35 47 85 25000
35 48 70 25000
35 49 72 25000
35 50 58 25000
35 51 85 25000
36 37 89 25000
36 38 67 25000
36 39 80 25000
36 40 82 25000
36 41 83 25000
36 42 81 25000
36 43 91 25000
36 44 87 25000
36 45 72 25000
36 46 86 25000
36 47 77 25000
36 48 91 25000
36 49 101 25000
36 50 107 25000
36 51 81 25000
37 38 89 25000
37 39 78 25000
37 40 79 25000
37 41 97 25000
37 42 69 25000
37 43 94 25000
37 44 109 25000
37 45 89 25000
37 46 99 25000
37 47 66 25000
37 48 71 25000
37 49 80 25000
37 50 85 25000
37 51 75 25000
38 39 89 25000
38 40 87 25000
38 41 76 25000
38 42 79 25000
38 43 75 25000
38 44 80 25000
38 45 82 25000
38 46 81 25000
38 47 62 25000
38 48 89 25000
38 49 81 25000
38 50 95 25000
38 51 104 25000
39 40 86 25000
39 41 75 25000
39 42 85 25000
39 43 81 25000
39 44 86 25000
39 45 98 25000
39 46 86 25000
39 47 73 25000
39 48 87 25000
39 49 92 25000
39 50 75 25000
39 51 86 25000
40 41 96 25000
40 42 82 25000
40 43 76 25000
40 44 95 25000
40 45 92 25000
40 46 85 25000
40 47 79 25000
40 48 89 25000
40 49 94 25000
40 50 81 25000
40 51 87 25000
41 42 77 25000
41 43 78 25000
41 44 71 25000
41 45 91 25000
41 46 81 25000
41 47 72 25000
41 48 87 25000
41 49 88 25000
41 50 85 25000
41 51 76 25000
42 43 71 25000
42 44 76 25000
42 45 79 25000
42 46 75 25000
42 47 78 25000
42 48 81 25000
42 49 88 25000
42 50 78 25000
42 51 76 25000
43 44 67 25000
43 45 69 25000
43 46 85 25000
43 47 73 25000
43 48 75 25000
43 49 79 25000
43 50 79 25000
43 51 90 25000
44 45 89 25000
44 46 69 25000
44 47 80 25000
44 48 79 25000
44 49 69 25000
44 50 79 25000
44 51 75 25000
45 46 106 25000
45 47 86 25000
45 48 84 25000
45 49 100 25000
45 50 86 25000
45 51 81 25000
46 47 92 25000
46 48 78 25000
46 49 86 25000
46 50 82 25000
46 51 86 25000
47 48 80 25000
47 49 89 25000
47 50 94 25000
47 51 90 25000
48 49 95 25000
48 50 89 25000
48 51 97 25000
49 50 87 25000
49 51 76 25000
50 51 75 25000
