0 1 121 25000
0 2 136 25000
0 3 140 25000
0 4 125 25000
0 5 143 25000
0 6 119 25000
0 7 130 25000
0 8 124 25000
0 9 129 25000
0 10 142 25000
0 11 128 25000
0 12 135 25000
0 13 89 25000
0 14 65 25000
0 15 72 25000
0 16 81 25000
0 17 87 25000
0 18 80 25000
0 19 78 25000
0 20 88 25000
0 21 87 25000
0 22 69 25000
0 23 89 25000
0 24 85 25000
0 25 66 25000
0 26 97 25000
0 27 82 25000
0 28 83 25000
0 29 62 25000
0 30 79 25000
0 31 81 25000
0 32 77 25000
0 33 81 25000
0 34 103 25000
0 35 80 25000
0 36 99 25000
0 37 85 25000
0 38 90 25000
0 39 76 25000
0 40 80 25000
0 41 84 25000
0 42 87 25000
0 43 79 25000
0 44 84 25000
0 45 84 25000
0 46 66 25000
0 47 79 25000
0 48 76 25000
0 49 69 25000
0 50 78 25000
0 51 95 25000
1 2 129 25000
1 3 133 25000
1 4 131 25000
1 5 131 25000
1 6 125 25000
1 7 126 25000
1 8 110 25000
1 9 128 25000
1 10 122 25000
1 11 142 25000
1 12 153 25000
1 13 70 25000
1 14 88 25000
1 15 74 25000
1 16 72 25000
1 17 85 25000
1 18 88 25000
1 19 82 25000
1 20 75 25000
1 21 92 25000
1 22 85 25000
1 23 66 25000
1 24 93 25000
1 25 79 25000
1 26 86 25000
1 27 82 25000
1 28 91 25000
1 29 91 25000
1 30 90 25000
1 31 86 25000
1 32 79 25000
1 33 77 25000
1 34 98 25000
1 35 85 25000
1 36 87 25000
1 37 78 25000
1 38 65 25000
1 39 66 25000
1 40 84 25000
1 41 73 25000
1 42 96 25000
1 43 86 25000
1 44 89 25000
1 45 60 25000
1 46 78 25000
1 47 96 25000
1 48 84 25000
1 49 70 25000
1 50 86 25000
1 51 95 25000
2 3 116 25000
2 4 114 25000
2 5 125 25000
2 6 122 25000
2 7 114 25000
2 8 135 25000
2 9 122 25000
2 10 137 25000
2 11 124 25000
2 12 132 25000
2 13 84 25000
2 14 94 25000
2 15 90 25000
2 16 86 25000
2 17 83 25000
2 18 79 25000
2 19 86 25000
2 20 79 25000
2 21 78 25000
2 22 79 25000
2 23 84 25000
2 24 86 25000
2 25 93 25000
2 26 90 25000
2 27 96 25000
2 28 78 25000
2 29 96 25000
2 30 80 25000
2 31 88 25000
2 32 77 25000
2 33 78 25000
2 34 87 25000
2 35 92 25000
2 36 86 25000
2 37 82 25000
2 38 108 25000
2 39 92 25000
2 40 72 25000
2 41 86 25000
2 42 78 25000
2 43 81 25000
2 44 64 25000
2 45 89 25000
2 46 102 25000
2 47 70 25000
2 48 96 25000
2 49 83 25000
2 50 88 25000
2 51 88 25000
3 4 125 25000
3 5 144 25000
3 6 101 25000
3 7 153 25000
3 8 134 25000
3 9 139 25000
3 10 139 25000
3 11 128 25000
3 12 129 25000
3 13 73 25000
3 14 70 25000
3 15 68 25000
3 16 78 25000
3 17 65 25000
3 18 85 25000
3 19 70 25000
3 20 69 25000
3 21 63 25000
3 22 74 25000
3 23 78 25000
3 24 76 25000
3 25 75 25000
3 26 84 25000
3 27 82 25000
3 28 84 25000
3 29 73 25000
3 30 79 25000
3 31 83 25000
3 32 64 25000
3 33 74 25000
3 34 79 25000
3 35 85 25000
3 36 76 25000
3 37 76 25000
3 38 82 25000
3 39 62 25000
3 40 67 25000
3 41 88 25000
3 42 62 25000
3 43 75 25000
3 44 83 25000
3 45 73 25000
3 46 77 25000
3 47 84 25000
3 48 84 25000
3 49 76 25000
3 50 66 25000
3 51 69 25000
4 5 139 25000
4 6 115 25000
4 7 117 25000
4 8 119 25000
4 9 146 25000
4 10 144 25000
4 11 126 25000
4 12 125 25000
4 13 70 25000
4 14 78 25000
4 15 86 25000
4 16 71 25000
4 17 59 25000
4 18 73 25000
4 19 66 25000
4 20 77 25000
4 21 82 25000
4 22 73 25000
4 23 84 25000
4 24 80 25000
4 25 80 25000
4 26 88 25000
4 27 97 25000
4 28 95 25000
4 29 112 25000
4 30 86 25000
4 31 84 25000
4 32 93 25000
4 33 81 25000
4 34 91 25000
4 35 88 25000
4 36 80 25000
4 37 80 25000
4 38 79 25000
4 39 101 25000
4 40 86 25000
4 41 75 25000
4 42 77 25000
4 43 85 25000
4 44 91 25000
4 45 80 25000
4 46 92 25000
4 47 92 25000
4 48 90 25000
4 49 82 25000
4 50 94 25000
4 51 96 25000
5 6 129 25000
5 7 117 25000
5 8 132 25000
5 9 133 25000
5 10 119 25000
5 11 127 25000
5 12 131 25000
5 13 73 25000
5 14 67 25000
5 15 73 25000
5 16 84 25000
5 17 77 25000
5 18 83 25000
5 19 88 25000
5 20 84 25000
5 21 87 25000
5 22 76 25000
5 23 83 25000
5 24 94 25000
5 25 107 25000
5 26 89 25000
5 27 90 25000
5 28 81 25000
5 29 92 25000
5 30 86 25000
5 31 98 25000
5 32 104 25000
5 33 90 25000
5 34 98 25000
5 35 75 25000
5 36 81 25000
5 37 83 25000
5 38 72 25000
5 39 67 25000
5 40 86 25000
5 41 78 25000
5 42 67 25000
5 43 74 25000
5 44 87 25000
5 45 98 25000
5 46 101 25000
5 47 86 25000
5 48 83 25000
5 49 85 25000
5 50 74 25000
5 51 92 25000
6 7 114 25000
6 8 110 25000
6 9 117 25000
6 10 124 25000
6 11 130 25000
6 12 105 25000
6 13 96 25000
6 14 85 25000
6 15 64 25000
6 16 64 25000
6 17 71 25000
6 18 79 25000
6 19 68 25000
6 20 73 25000
6 21 91 25000
6 22 81 25000
6 23 70 25000
6 24 68 25000
6 25 84 25000
6 26 79 25000
6 27 85 25000
6 28 91 25000
6 29 91 25000
6 30 75 25000
6 31 78 25000
6 32 76 25000
6 33 76 25000
6 34 98 25000
6 35 86 25000
6 36 98 25000
6 37 90 25000
6 38 77 25000
6 39 71 25000
6 40 81 25000
6 41 63 25000
6 42 92 25000
6 43 75 25000
6 44 75 25000
6 45 64 25000
6 46 77 25000
6 47 76 25000
6 48 79 25000
6 49 81 25000
6 50 73 25000
6 51 92 25000
7 8 107 25000
7 9 144 25000
7 10 137 25000
7 11 120 25000
7 12 116 25000
7 13 70 25000
7 14 71 25000
7 15 65 25000
7 16 66 25000
7 17 99 25000
7 18 79 25000
7 19 67 25000
7 20 84 25000
7 21 65 25000
7 22 67 25000
7 23 73 25000
7 24 78 25000
7 25 80 25000
7 26 72 25000
7 27 76 25000
7 28 82 25000
7 29 91 25000
7 30 78 25000
7 31 85 25000
7 32 77 25000
7 33 70 25000
7 34 91 25000
7 35 63 25000
7 36 96 25000
7 37 81 25000
7 38 74 25000
7 39 71 25000
7 40 70 25000
7 41 78 25000
7 42 91 25000
7 43 83 25000
7 44 73 25000
7 45 91 25000
7 46 77 25000
7 47 101 25000
7 48 63 25000
7 49 77 25000
7 50 76 25000
7 51 72 25000
8 9 147 25000
8 10 137 25000
8 11 130 25000
8 12 133 25000
8 13 73 25000
8 14 82 25000
8 15 95 25000
8 16 80 25000
8 17 81 25000
8 18 79 25000
8 19 85 25000
8 20 67 25000
8 21 70 25000
8 22 77 25000
8 23 74 25000
8 24 75 25000
8 25 57 25000
8 26 85 25000
8 27 100 25000
8 28 92 25000
8 29 102 25000
8 30 74 25000
8 31 84 25000
8 32 86 25000
8 33 88 25000
8 34 88 25000
8 35 100 25000
8 36 84 25000
8 37 103 25000
8 38 79 25000
8 39 70 25000
8 40 87 25000
8 41 81 25000
8 42 71 25000
8 43 68 25000
8 44 85 25000
8 45 81 25000
8 46 76 25000
8 47 78 25000
8 48 86 25000
8 49 78 25000
8 50 83 25000
8 51 84 25000
9 10 164 25000
9 11 133 25000
9 12 142 25000
9 13 86 25000
9 14 98 25000
9 15 95 25000
9 16 71 25000
9 17 74 25000
9 18 86 25000
9 19 91 25000
9 20 77 25000
9 21 89 25000
9 22 76 25000
9 23 103 25000
9 24 85 25000
9 25 82 25000
9 26 68 25000
9 27 73 25000
9 28 95 25000
9 29 98 25000
9 30 74 25000
9 31 80 25000
9 32 88 25000
9 33 83 25000
9 34 101 25000
9 35 91 25000
9 36 110 25000
9 37 68 25000
9 38 73 25000
9 39 95 25000
9 40 80 25000
9 41 92 25000
9 42 99 25000
9 43 66 25000
9 44 78 25000
9 45 82 25000
9 46 94 25000
9 47 93 25000
9 48 108 25000
9 49 88 25000
9 50 79 25000
9 51 90 25000
10 11 136 25000
10 12 130 25000
10 13 83 25000
10 14 79 25000
10 15 82 25000
10 16 91 25000
10 17 73 25000
10 18 93 25000
10 19 71 25000
10 20 64 25000
10 21 70 25000
10 22 90 25000
10 23 82 25000
10 24 99 25000
10 25 88 25000
10 26 93 25000
10 27 91 25000
10 28 95 25000
10 29 76 25000
10 30 87 25000
10 31 86 25000
10 32 90 25000
10 33 82 25000
10 34 94 25000
10 35 90 25000
10 36 81 25000
10 37 90 25000
10 38 90 25000
10 39 69 25000
10 40 79 25000
10 41 89 25000
10 42 68 25000
10 43 85 25000
10 44 63 25000
10 45 76 25000
10 46 102 25000
10 47 57 25000
10 48 82 25000
10 49 86 25000
10 50 78 25000
10 51 74 25000
11 12 145 25000
11 13 79 25000
11 14 78 25000
11 15 68 25000
11 16 85 25000
11 17 74 25000
11 18 67 25000
11 19 84 25000
11 20 82 25000
11 21 99 25000
11 22 80 25000
11 23 73 25000
11 24 83 25000
11 25 68 25000
11 26 93 25000
11 27 74 25000
11 28 92 25000
11 29 85 25000
11 30 82 25000
11 31 78 25000
11 32 86 25000
11 33 81 25000
11 34 79 25000
11 35 91 25000
11 36 87 25000
11 37 77 25000
11 38 103 25000
11 39 85 25000
11 40 80 25000
11 41 84 25000
11 42 101 25000
11 43 71 25000
11 44 61 25000
11 45 68 25000
11 46 82 25000
11 47 84 25000
11 48 85 25000
11 49 79 25000
11 50 78 25000
11 51 72 25000
12 13 87 25000
12 14 82 25000
12 15 67 25000
12 16 72 25000
12 17 79 25000
12 18 83 25000
12 19 69 25000
12 20 86 25000
12 21 82 25000
12 22 77 25000
12 23 90 25000
12 24 91 25000
12 25 76 25000
12 26 89 25000
12 27 91 25000
12 28 96 25000
12 29 84 25000
12 30 79 25000
12 31 82 25000
12 32 91 25000
12 33 102 25000
12 34 81 25000
12 35 87 25000
12 36 88 25000
12 37 92 25000
12 38 104 25000
12 39 93 25000
12 40 87 25000
12 41 74 25000
12 42 89 25000
12 43 84 25000
12 44 81 25000
12 45 88 25000
12 46 83 25000
12 47 88 25000
12 48 94 25000
12 49 74 25000
12 50 81 25000
12 51 73 25000
13 14 138 25000
13 15 121 25000
13 16 125 25000
13 17 121 25000
13 18 117 25000
13 19 130 25000
13 20 124 25000
13 21 119 25000
13 22 117 25000
13 23 119 25000
13 24 141 25000
13 25 141 25000
13 26 82 25000
13 27 73 25000
13 28 83 25000
13 29 77 25000
13 30 79 25000
13 31 88 25000
13 32 75 25000
13 33 79 25000
13 34 87 25000
13 35 60 25000
13 36 72 25000
13 37 98 25000
13 38 107 25000
13 39 102 25000
13 40 83 25000
13 41 86 25000
13 42 93 25000
13 43 94 25000
13 44 69 25000
13 45 89 25000
13 46 63 25000
13 47 84 25000
13 48 79 25000
13 49 83 25000
13 50 77 25000
13 51 93 25000
14 15 130 25000
14 16 111 25000
14 17 139 25000
14 18 128 25000
14 19 128 25000
14 20 131 25000
14 21 118 25000
14 22 112 25000
14 23 133 25000
14 24 129 25000
14 25 117 25000
14 26 66 25000
14 27 89 25000
14 28 78 25000
14 29 83 25000
14 30 75 25000
14 31 89 25000
14 32 82 25000
14 33 90 25000
14 34 81 25000
14 35 90 25000
14 36 71 25000
14 37 79 25000
14 38 66 25000
14 39 81 25000
14 40 77 25000
14 41 88 25000
14 42 87 25000
14 43 92 25000
14 44 98 25000
14 45 81 25000
14 46 78 25000
14 47 79 25000
14 48 77 25000
14 49 76 25000
14 50 83 25000
14 51 91 25000
15 16 120 25000
15 17 128 25000
15 18 125 25000
15 19 119 25000
15 20 110 25000
15 21 157 25000
15 22 128 25000
15 23 122 25000
15 24 133 25000
15 25 152 25000
15 26 84 25000
15 27 80 25000
15 28 80 25000
15 29 72 25000
15 30 74 25000
15 31 65 25000
15 32 88 25000
15 33 82 25000
15 34 82 25000
15 35 73 25000
15 36 74 25000
15 37 85 25000
15 38 64 25000
15 39 91 25000
15 40 70 25000
15 41 95 25000
15 42 88 25000
15 43 61 25000
15 44 74 25000
15 45 91 25000
15 46 83 25000
15 47 74 25000
15 48 79 25000
15 49 85 25000
15 50 88 25000
15 51 82 25000
16 17 130 25000
16 18 122 25000
16 19 144 25000
16 20 152 25000
16 21 128 25000
16 22 120 25000
16 23 153 25000
16 24 115 25000
16 25 118 25000
16 26 82 25000
16 27 55 25000
16 28 69 25000
16 29 68 25000
16 30 84 25000
16 31 75 25000
16 32 89 25000
16 33 61 25000
16 34 90 25000
16 35 76 25000
16 36 84 25000
16 37 95 25000
16 38 90 25000
16 39 86 25000
16 40 92 25000
16 41 87 25000
16 42 91 25000
16 43 91 25000
16 44 95 25000
16 45 88 25000
16 46 65 25000
16 47 86 25000
16 48 81 25000
16 49 81 25000
16 50 72 25000
16 51 97 25000
17 18 137 25000
17 19 112 25000
17 20 134 25000
17 21 131 25000
17 22 125 25000
17 23 119 25000
17 24 130 25000
17 25 112 25000
17 26 80 25000
17 27 84 25000
17 28 61 25000
17 29 81 25000
17 30 88 25000
17 31 85 25000
17 32 63 25000
17 33 74 25000
17 34 76 25000
17 35 74 25000
17 36 76 25000
17 37 94 25000
17 38 78 25000
17 39 92 25000
17 40 79 25000
17 41 84 25000
17 42 67 25000
17 43 79 25000
17 44 76 25000
17 45 94 25000
17 46 79 25000
17 47 87 25000
17 48 85 25000
17 49 76 25000
17 50 93 25000
17 51 81 25000
18 19 123 25000
18 20 144 25000
18 21 126 25000
18 22 131 25000
18 23 142 25000
18 24 165 25000
18 25 118 25000
18 26 76 25000
18 27 73 25000
18 28 74 25000
18 29 81 25000
18 30 83 25000
18 31 87 25000
18 32 73 25000
18 33 69 25000
18 34 81 25000
18 35 76 25000
18 36 81 25000
18 37 63 25000
18 38 73 25000
18 39 82 25000
18 40 85 25000
18 41 96 25000
18 42 81 25000
18 43 84 25000
18 44 67 25000
18 45 99 25000
18 46 74 25000
18 47 90 25000
18 48 77 25000
18 49 91 25000
18 50 76 25000
18 51 84 25000
19 20 152 25000
19 21 117 25000
19 22 133 25000
19 23 139 25000
19 24 114 25000
19 25 115 25000
19 26 83 25000
19 27 80 25000
19 28 76 25000
19 29 76 25000
19 30 78 25000
19 31 76 25000
19 32 77 25000
19 33 78 25000
19 34 74 25000
19 35 74 25000
19 36 80 25000
19 37 71 25000
19 38 78 25000
19 39 69 25000
19 40 89 25000
19 41 80 25000
19 42 87 25000
19 43 80 25000
19 44 88 25000
19 45 79 25000
19 46 93 25000
19 47 71 25000
19 48 75 25000
19 49 81 25000
19 50 85 25000
19 51 81 25000
20 21 143 25000
20 22 130 25000
20 23 126 25000
20 24 107 25000
20 25 123 25000
20 26 79 25000
20 27 78 25000
20 28 72 25000
20 29 74 25000
20 30 64 25000
20 31 74 25000
20 32 78 25000
20 33 80 25000
20 34 80 25000
20 35 100 25000
20 36 88 25000
20 37 85 25000
20 38 87 25000
20 39 96 25000
20 40 98 25000
20 41 102 25000
20 42 84 25000
20 43 96 25000
20 44 83 25000
20 45 81 25000
20 46 88 25000
20 47 100 25000
20 48 69 25000
20 49 90 25000
20 50 107 25000
20 51 83 25000
21 22 128 25000
21 23 121 25000
21 24 145 25000
21 25 127 25000
21 26 67 25000
21 27 80 25000
21 28 84 25000
21 29 89 25000
21 30 75 25000
21 31 104 25000
21 32 97 25000
21 33 87 25000
21 34 74 25000
21 35 68 25000
21 36 88 25000
21 37 82 25000
21 38 76 25000
21 39 85 25000
21 40 95 25000
21 41 78 25000
21 42 88 25000
21 43 71 25000
21 44 92 25000
21 45 100 25000
21 46 100 25000
21 47 98 25000
21 48 88 25000
21 49 73 25000
21 50 95 25000
21 51 86 25000
22 23 135 25000
22 24 138 25000
22 25 155 25000
22 26 93 25000
22 27 95 25000
22 28 87 25000
22 29 84 25000
22 30 84 25000
22 31 89 25000
22 32 86 25000
22 33 76 25000
22 34 72 25000
22 35 70 25000
22 36 88 25000
22 37 83 25000
22 38 86 25000
22 39 79 25000
22 40 85 25000
22 41 86 25000
22 42 82 25000
22 43 98 25000
22 44 84 25000
22 45 83 25000
22 46 92 25000
22 47 80 25000
22 48 78 25000
22 49 82 25000
22 50 79 25000
22 51 80 25000
23 24 146 25000
23 25 137 25000
23 26 70 25000
23 27 80 25000
23 28 79 25000
23 29 72 25000
23 30 104 25000
23 31 87 25000
23 32 58 25000
23 33 81 25000
23 34 80 25000
23 35 89 25000
23 36 92 25000
23 37 75 25000
23 38 86 25000
23 39 95 25000
23 40 80 25000
23 41 85 25000
23 42 85 25000
23 43 76 25000
23 44 81 25000
23 45 76 25000
23 46 90 25000
23 47 75 25000
23 48 96 25000
23 49 79 25000
23 50 76 25000
23 51 91 25000
24 25 142 25000
24 26 96 25000
24 27 95 25000
24 28 67 25000
24 29 84 25000
24 30 66 25000
24 31 100 25000
24 32 86 25000
24 33 88 25000
24 34 84 25000
24 35 76 25000
24 36 77 25000
24 37 84 25000
24 38 88 25000
24 39 83 25000
24 40 99 25000
24 41 93 25000
24 42 90 25000
24 43 89 25000
24 44 82 25000
24 45 85 25000
24 46 72 25000
24 47 78 25000
24 48 91 25000
24 49 89 25000
24 50 76 25000
24 51 98 25000
25 26 80 25000
25 27 90 25000
25 28 86 25000
25 29 78 25000
25 30 88 25000
25 31 76 25000
25 32 97 25000
25 33 73 25000
25 34 86 25000
25 35 87 25000
25 36 76 25000
25 37 70 25000
25 38 82 25000
25 39 79 25000
25 40 86 25000
25 41 81 25000
25 42 83 25000
25 43 74 25000
25 44 109 25000
25 45 87 25000
25 46 85 25000
25 47 83 25000
25 48 73 25000
25 49 90 25000
25 50 72 25000
25 51 83 25000
26 27 134 25000
26 28 133 25000
26 29 123 25000
26 30 133 25000
26 31 129 25000
26 32 128 25000
26 33 123 25000
26 34 138 25000
26 35 128 25000
26 36 130 25000
26 37 124 25000
26 38 113 25000
26 39 87 25000
26 40 85 25000
26 41 73 25000
26 42 75 25000
26 43 80 25000
26 44 93 25000
26 45 78 25000
26 46 69 25000
26 47 76 25000
26 48 74 25000
26 49 62 25000
26 50 69 25000
26 51 87 25000
27 28 128 25000
27 29 121 25000
27 30 130 25000
27 31 122 25000
27 32 139 25000
27 33 129 25000
27 34 126 25000
27 35 128 25000
27 36 138 25000
27 37 132 25000
27 38 137 25000
27 39 93 25000
27 40 88 25000
27 41 71 25000
27 42 73 25000
27 43 83 25000
27 44 94 25000
27 45 73 25000
27 46 86 25000
27 47 78 25000
27 48 66 25000
27 49 85 25000
27 50 59 25000
27 51 83 25000
28 29 123 25000
28 30 130 25000
28 31 134 25000
28 32 132 25000
28 33 129 25000
28 34 127 25000
28 35 132 25000
28 36 128 25000
28 37 125 25000
28 38 112 25000
28 39 89 25000
28 40 86 25000
28 41 94 25000
28 42 74 25000
28 43 76 25000
28 44 89 25000
28 45 79 25000
28 46 89 25000
28 47 76 25000
28 48 66 25000
28 49 86 25000
28 50 86 25000
28 51 79 25000
29 30 144 25000
29 31 126 25000
29 32 127 25000
29 33 154 25000
29 34 120 25000
29 35 130 25000
29 36 124 25000
29 37 129 25000
29 38 136 25000
29 39 73 25000
29 40 76 25000
29 41 79 25000
29 42 73 25000
29 43 88 25000
29 44 88 25000
29 45 77 25000
29 46 96 25000
29 47 82 25000
29 48 95 25000
29 49 77 25000
29 50 84 25000
29 51 83 25000
30 31 137 25000
30 32 126 25000
30 33 115 25000
30 34 127 25000
30 35 128 25000
30 36 130 25000
30 37 127 25000
30 38 103 25000
30 39 94 25000
30 40 78 25000
30 41 99 25000
30 42 83 25000
30 43 76 25000
30 44 76 25000
30 45 79 25000
30 46 78 25000
30 47 90 25000
30 48 78 25000
30 49 73 25000
30 50 78 25000
30 51 72 25000
31 32 137 25000
31 33 133 25000
31 34 123 25000
31 35 128 25000
31 36 119 25000
31 37 120 25000
31 38 118 25000
31 39 84 25000
31 40 79 25000
31 41 82 25000
31 42 70 25000
31 43 94 25000
31 44 91 25000
31 45 75 25000
31 46 87 25000
31 47 78 25000
31 48 79 25000
31 49 76 25000
31 50 75 25000
31 51 91 25000
32 33 133 25000
32 34 108 25000
32 35 132 25000
32 36 127 25000
32 37 124 25000
32 38 133 25000
32 39 71 25000
32 40 71 25000
32 41 68 25000
32 42 80 25000
32 43 72 25000
32 44 70 25000
32 45 79 25000
32 46 83 25000
32 47 74 25000
32 48 74 25000
32 49 78 25000
32 50 83 25000
32 51 94 25000
33 34 123 25000
33 35 124 25000
33 36 129 25000
33 37 135 25000
33 38 139 25000
33 39 60 25000
33 40 77 25000
33 41 79 25000
33 42 86 25000
33 43 69 25000
33 44 81 25000
33 45 92 25000
33 46 93 25000
33 47 81 25000
33 48 93 25000
33 49 71 25000
33 50 83 25000
33 51 74 25000
34 35 143 25000
34 36 147 25000
34 37 134 25000
34 38 111 25000
34 39 79 25000
34 40 86 25000
34 41 94 25000
34 42 71 25000
34 43 80 25000
34 44 76 25000
34 45 83 25000
34 46 82 25000
34 47 77 25000
34 48 64 25000
34 49 88 25000
34 50 89 25000
34 51 86 25000
35 36 118 25000
35 37 130 25000
35 38 138 25000
35 39 86 25000
35 40 80 25000
35 41 80 25000
35 42 70 25000
35 43 76 25000
35 44 80 25000
35 45 74 25000
35 46 77 25000
35 47 82 25000
35 48 86 25000
35 49 72 25000
35 50 79 25000
35 51 94 25000
36 37 138 25000
36 38 142 25000
36 39 90 25000
36 40 79 25000
36 41 67 25000
36 42 86 25000
36 43 92 25000
36 44 81 25000
36 45 87 25000
36 46 99 25000
36 47 90 25000
36 48 73 25000
36 49 80 25000
36 50 88 25000
36 51 89 25000
37 38 153 25000
37 39 87 25000
37 40 80 25000
37 41 87 25000
37 42 81 25000
37 43 83 25000
37 44 87 25000
37 45 76 25000
37 46 71 25000
37 47 70 25000
37 48 76 25000
37 49 84 25000
37 50 85 25000
37 51 75 25000
38 39 78 25000
38 40 89 25000
38 41 71 25000
38 42 80 25000
38 43 77 25000
38 44 82 25000
38 45 89 25000
38 46 59 25000
38 47 74 25000
38 48 85 25000
38 49 78 25000
38 50 84 25000
38 51 84 25000
39 40 118 25000
39 41 133 25000
39 42 133 25000
39 43 116 25000
39 44 131 25000
39 45 131 25000
39 46 120 25000
39 47 112 25000
39 48 108 25000
39 49 122 25000
39 50 133 25000
39 51 169 25000
40 41 131 25000
40 42 127 25000
40 43 131 25000
40 44 135 25000
40 45 139 25000
40 46 130 25000
40 47 127 25000
40 48 134 25000
40 49 122 25000
40 50 129 25000
40 51 131 25000
41 42 148 25000
41 43 136 25000
41 44 117 25000
41 45 113 25000
41 46 118 25000
41 47 125 25000
41 48 115 25000
41 49 145 25000
41 50 115 25000
41 51 133 25000
42 43 131 25000
42 44 133 25000
42 45 121 25000
42 46 133 25000
42 47 121 25000
42 48 122 25000
42 49 132 25000
42 50 116 25000
42 51 136 25000
43 44 116 25000
43 45 143 25000
43 46 130 25000
43 47 133 25000
43 48 136 25000
43 49 129 25000
43 50 117 25000
43 51 123 25000
44 45 135 25000
44 46 142 25000
44 47 116 25000
44 48 97 25000
44 49 135 25000
44 50 121 25000
44 51 126 25000
45 46 135 25000
45 47 118 25000
45 48 133 25000
45 49 133 25000
45 50 115 25000
45 51 132 25000
46 47 138 25000
46 48 130 25000
46 49 123 25000
46 50 115 25000
46 51 132 25000
47 48 143 25000
47 49 124 25000
47 50 116 25000
47 51 117 25000
48 49 137 25000
48 50 123 25000
48 51 135 25000
49 50 129 25000
49 51 145 25000
50 51 111 25000
