0 1 102 25000
0 2 89 25000
0 3 90 25000
0 4 99 25000
0 5 94 25000
0 6 99 25000
0 7 119 25000
0 8 96 25000
0 9 90 25000
0 10 93 25000
0 11 90 25000
0 12 117 25000
0 13 86 25000
0 14 88 25000
0 15 74 25000
0 16 94 25000
0 17 85 25000
0 18 62 25000
0 19 81 25000
0 20 88 25000
0 21 88 25000
0 22 81 25000
0 23 86 25000
0 24 86 25000
0 25 89 25000
0 26 79 25000
0 27 90 25000
0 28 86 25000
0 29 77 25000
0 30 72 25000
0 31 92 25000
0 32 107 25000
0 33 98 25000
0 34 95 25000
0 35 90 25000
0 36 79 25000
0 37 67 25000
0 38 84 25000
0 39 79 25000
0 40 86 25000
0 41 81 25000
0 42 81 25000
0 43 85 25000
0 44 90 25000
0 45 79 25000
0 46 89 25000
0 47 87 25000
0 48 83 25000
0 49 79 25000
0 50 81 25000
0 51 100 25000
1 2 111 25000
1 3 108 25000
1 4 100 25000
1 5 96 25000
1 6 108 25000
1 7 98 25000
1 8 104 25000
1 9 88 25000
1 10 102 25000
1 11 93 25000
1 12 116 25000
1 13 91 25000
1 14 83 25000
1 15 72 25000
1 16 86 25000
1 17 96 25000
1 18 88 25000
1 19 87 25000
1 20 89 25000
1 21 94 25000
1 22 79 25000
1 23 87 25000
1 24 97 25000
1 25 71 25000
1 26 98 25000
1 27 77 25000
1 28 73 25000
1 29 86 25000
1 30 79 25000
1 31 82 25000
1 32 86 25000
1 33 86 25000
1 34 92 25000
1 35 93 25000
1 36 85 25000
1 37 79 25000
1 38 85 25000
1 39 80 25000
1 40 97 25000
1 41 87 25000
1 42 82 25000
1 43 92 25000
1 44 92 25000
1 45 101 25000
1 46 93 25000
1 47 81 25000
1 48 80 25000
1 49 75 25000
1 50 73 25000
1 51 83 25000
2 3 99 25000
2 4 103 25000
2 5 91 25000
2 6 109 25000
2 7 98 25000
2 8 103 25000
2 9 104 25000
2 10 102 25000
2 11 97 25000
2 12 120 25000
2 13 81 25000
2 14 81 25000
2 15 80 25000
2 16 76 25000
2 17 81 25000
2 18 80 25000
2 19 87 25000
2 20 94 25000
2 21 82 25000
2 22 71 25000
2 23 92 25000
2 24 62 25000
2 25 82 25000
2 26 88 25000
2 27 70 25000
2 28 87 25000
2 29 82 25000
2 30 90 25000
2 31 79 25000
2 32 84 25000
2 33 71 25000
2 34 77 25000
2 35 81 25000
2 36 88 25000
2 37 73 25000
2 38 80 25000
2 39 79 25000
2 40 86 25000
2 41 92 25000
2 42 79 25000
2 43 82 25000
2 44 91 25000
2 45 78 25000
2 46 94 25000
2 47 85 25000
2 48 76 25000
2 49 79 25000
2 50 78 25000
2 51 78 25000
3 4 112 25000
3 5 71 25000
3 6 88 25000
3 7 110 25000
3 8 99 25000
3 9 104 25000
3 10 107 25000
3 11 107 25000
3 12 103 25000
3 13 74 25000
3 14 97 25000
3 15 94 25000
3 16 92 25000
3 17 89 25000
3 18 81 25000
3 19 89 25000
3 20 72 25000
3 21 77 25000
3 22 103 25000
3 23 86 25000
3 24 86 25000
3 25 89 25000
3 26 90 25000
3 27 77 25000
3 28 82 25000
3 29 93 25000
3 30 79 25000
3 31 68 25000
3 32 83 25000
3 33 93 25000
3 34 84 25000
3 35 63 25000
3 36 74 25000
3 37 94 25000
3 38 74 25000
3 39 71 25000
3 40 85 25000
3 41 92 25000
3 42 85 25000
3 43 71 25000
3 44 86 25000
3 45 84 25000
3 46 97 25000
3 47 83 25000
3 48 99 25000
3 49 86 25000
3 50 80 25000
3 51 79 25000
4 5 98 25000
4 6 106 25000
4 7 82 25000
4 8 98 25000
4 9 92 25000
4 10 101 25000
4 11 103 25000
4 12 127 25000
4 13 78 25000
4 14 83 25000
4 15 78 25000
4 16 94 25000
4 17 82 25000
4 18 67 25000
4 19 76 25000
4 20 80 25000
4 21 74 25000
4 22 106 25000
4 23 76 25000
4 24 77 25000
4 25 75 25000
4 26 100 25000
4 27 83 25000
4 28 87 25000
4 29 96 25000
4 30 95 25000
4 31 96 25000
4 32 97 25000
4 33 84 25000
4 34 86 25000
4 35 83 25000
4 36 88 25000
4 37 94 25000
4 38 95 25000
4 39 67 25000
4 40 91 25000
4 41 76 25000
4 42 78 25000
4 43 97 25000
4 44 82 25000
4 45 86 25000
4 46 96 25000
4 47 83 25000
4 48 99 25000
4 49 83 25000
4 50 84 25000
4 51 94 25000
5 6 92 25000
5 7 116 25000
5 8 82 25000
5 9 92 25000
5 10 95 25000
5 11 118 25000
5 12 118 25000
5 13 74 25000
5 14 90 25000
5 15 85 25000
5 16 75 25000
5 17 88 25000
5 18 90 25000
5 19 88 25000
5 20 81 25000
5 21 87 25000
5 22 88 25000
5 23 85 25000
5 24 86 25000
5 25 86 25000
5 26 84 25000
5 27 89 25000
5 28 75 25000
5 29 83 25000
5 30 94 25000
5 31 71 25000
5 32 81 25000
5 33 68 25000
5 34 91 25000
5 35 67 25000
5 36 80 25000
5 37 75 25000
5 38 73 25000
5 39 98 25000
5 40 87 25000
5 41 82 25000
5 42 102 25000
5 43 81 25000
5 44 79 25000
5 45 89 25000
5 46 92 25000
5 47 77 25000
5 48 74 25000
5 49 96 25000
5 50 89 25000
5 51 85 25000
6 7 100 25000
6 8 105 25000
6 9 109 25000
6 10 100 25000
6 11 95 25000
6 12 102 25000
6 13 98 25000
6 14 92 25000
6 15 92 25000
6 16 87 25000
6 17 98 25000
6 18 80 25000
6 19 91 25000
6 20 97 25000
6 21 83 25000
6 22 98 25000
6 23 79 25000
6 24 91 25000
6 25 89 25000
6 26 91 25000
6 27 99 25000
6 28 95 25000
6 29 91 25000
6 30 104 25000
6 31 90 25000
6 32 101 25000
6 33 88 25000
6 34 97 25000
6 35 87 25000
6 36 93 25000
6 37 85 25000
6 38 81 25000
6 39 94 25000
6 40 86 25000
6 41 81 25000
6 42 83 25000
6 43 93 25000
6 44 90 25000
6 45 88 25000
6 46 96 25000
6 47 83 25000
6 48 79 25000
6 49 84 25000
6 50 90 25000
6 51 88 25000
7 8 92 25000
7 9 110 25000
7 10 109 25000
7 11 103 25000
7 12 129 25000
7 13 80 25000
7 14 93 25000
7 15 84 25000
7 16 83 25000
7 17 76 25000
7 18 86 25000
7 19 75 25000
7 20 74 25000
7 21 104 25000
7 22 84 25000
7 23 86 25000
7 24 85 25000
7 25 68 25000
7 26 91 25000
7 27 88 25000
7 28 75 25000
7 29 75 25000
7 30 81 25000
7 31 90 25000
7 32 85 25000
7 33 90 25000
7 34 83 25000
7 35 70 25000
7 36 114 25000
7 37 93 25000
7 38 74 25000
7 39 71 25000
7 40 92 25000
7 41 86 25000
7 42 77 25000
7 43 68 25000
7 44 80 25000
7 45 100 25000
7 46 79 25000
7 47 94 25000
7 48 85 25000
7 49 88 25000
7 50 97 25000
7 51 90 25000
8 9 96 25000
8 10 88 25000
8 11 104 25000
8 12 110 25000
8 13 92 25000
8 14 97 25000
8 15 92 25000
8 16 74 25000
8 17 88 25000
8 18 81 25000
8 19 74 25000
8 20 87 25000
8 21 85 25000
8 22 77 25000
8 23 74 25000
8 24 81 25000
8 25 77 25000
8 26 90 25000
8 27 83 25000
8 28 64 25000
8 29 98 25000
8 30 79 25000
8 31 78 25000
8 32 88 25000
8 33 86 25000
8 34 81 25000
8 35 76 25000
8 36 68 25000
8 37 81 25000
8 38 96 25000
8 39 83 25000
8 40 94 25000
8 41 81 25000
8 42 99 25000
8 43 80 25000
8 44 97 25000
8 45 77 25000
8 46 80 25000
8 47 83 25000
8 48 90 25000
8 49 85 25000
8 50 75 25000
8 51 84 25000
9 10 98 25000
9 11 92 25000
9 12 115 25000
9 13 83 25000
9 14 86 25000
9 15 69 25000
9 16 94 25000
9 17 76 25000
9 18 86 25000
9 19 96 25000
9 20 87 25000
9 21 88 25000
9 22 103 25000
9 23 89 25000
9 24 74 25000
9 25 85 25000
9 26 81 25000
9 27 77 25000
9 28 82 25000
9 29 68 25000
9 30 79 25000
9 31 77 25000
9 32 89 25000
9 33 74 25000
9 34 77 25000
9 35 76 25000
9 36 89 25000
9 37 82 25000
9 38 76 25000
9 39 82 25000
9 40 87 25000
9 41 67 25000
9 42 79 25000
9 43 80 25000
9 44 80 25000
9 45 71 25000
9 46 79 25000
9 47 79 25000
9 48 87 25000
9 49 89 25000
9 50 80 25000
9 51 88 25000
10 11 90 25000
10 12 115 25000
10 13 78 25000
10 14 96 25000
10 15 78 25000
10 16 85 25000
10 17 90 25000
10 18 89 25000
10 19 80 25000
10 20 90 25000
10 21 83 25000
10 22 83 25000
10 23 68 25000
10 24 84 25000
10 25 80 25000
10 26 99 25000
10 27 77 25000
10 28 75 25000
10 29 89 25000
10 30 87 25000
10 31 79 25000
10 32 98 25000
10 33 88 25000
10 34 87 25000
10 35 68 25000
10 36 91 25000
10 37 79 25000
10 38 89 25000
10 39 76 25000
10 40 86 25000
10 41 97 25000
10 42 93 25000
10 43 81 25000
10 44 94 25000
10 45 82 25000
10 46 81 25000
10 47 88 25000
10 48 68 25000
10 49 86 25000
10 50 93 25000
10 51 70 25000
11 12 118 25000
11 13 80 25000
11 14 80 25000
11 15 87 25000
11 16 84 25000
11 17 88 25000
11 18 73 25000
11 19 86 25000
11 20 85 25000
11 21 69 25000
11 22 71 25000
11 23 96 25000
11 24 91 25000
11 25 84 25000
11 26 70 25000
11 27 90 25000
11 28 93 25000
11 29 98 25000
11 30 103 25000
11 31 102 25000
11 32 88 25000
11 33 84 25000
11 34 86 25000
11 35 72 25000
11 36 93 25000
11 37 93 25000
11 38 73 25000
11 39 90 25000
11 40 79 25000
11 41 86 25000
11 42 77 25000
11 43 86 25000
11 44 104 25000
11 45 76 25000
11 46 69 25000
11 47 82 25000
11 48 80 25000
11 49 91 25000
11 50 75 25000
11 51 99 25000
12 13 89 25000
12 14 81 25000
12 15 92 25000
12 16 96 25000
12 17 105 25000
12 18 84 25000
12 19 89 25000
12 20 87 25000
12 21 89 25000
12 22 86 25000
12 23 82 25000
12 24 75 25000
12 25 96 25000
12 26 81 25000
12 27 82 25000
12 28 86 25000
12 29 90 25000
12 30 90 25000
12 31 78 25000
12 32 70 25000
12 33 72 25000
12 34 77 25000
12 35 84 25000
12 36 82 25000
12 37 103 25000
12 38 95 25000
12 39 71 25000
12 40 92 25000
12 41 90 25000
12 42 82 25000
12 43 92 25000
12 44 99 25000
12 45 79 25000
12 46 76 25000
12 47 93 25000
12 48 90 25000
12 49 87 25000
12 50 77 25000
12 51 101 25000
13 14 96 25000
13 15 92 25000
13 16 93 25000
13 17 104 25000
13 18 92 25000
13 19 100 25000
13 20 121 25000
13 21 94 25000
13 22 103 25000
13 23 88 25000
13 24 102 25000
13 25 122 25000
13 26 79 25000
13 27 88 25000
13 28 88 25000
13 29 85 25000
13 30 94 25000
13 31 83 25000
13 32 89 25000
13 33 74 25000
13 34 90 25000
13 35 82 25000
13 36 84 25000
13 37 85 25000
13 38 85 25000
13 39 89 25000
13 40 90 25000
13 41 74 25000
13 42 94 25000
13 43 86 25000
13 44 83 25000
13 45 77 25000
13 46 97 25000
13 47 86 25000
13 48 90 25000
13 49 90 25000
13 50 69 25000
13 51 107 25000
14 15 100 25000
14 16 99 25000
14 17 102 25000
14 18 105 25000
14 19 99 25000
14 20 111 25000
14 21 77 25000
14 22 95 25000
14 23 105 25000
14 24 126 25000
14 25 111 25000
14 26 83 25000
14 27 75 25000
14 28 80 25000
14 29 80 25000
14 30 82 25000
14 31 67 25000
14 32 73 25000
14 33 85 25000
14 34 98 25000
14 35 67 25000
14 36 88 25000
14 37 102 25000
14 38 84 25000
14 39 83 25000
14 40 90 25000
14 41 72 25000
14 42 104 25000
14 43 86 25000
14 44 96 25000
14 45 91 25000
14 46 101 25000
14 47 84 25000
14 48 75 25000
14 49 70 25000
14 50 75 25000
14 51 99 25000
15 16 86 25000
15 17 108 25000
15 18 87 25000
15 19 94 25000
15 20 98 25000
15 21 89 25000
15 22 102 25000
15 23 73 25000
15 24 99 25000
15 25 86 25000
15 26 93 25000
15 27 80 25000
15 28 96 25000
15 29 84 25000
15 30 78 25000
15 31 79 25000
15 32 87 25000
15 33 78 25000
15 34 84 25000
15 35 110 25000
15 36 87 25000
15 37 68 25000
15 38 75 25000
15 39 82 25000
15 40 71 25000
15 41 78 25000
15 42 86 25000
15 43 73 25000
15 44 66 25000
15 45 87 25000
15 46 83 25000
15 47 94 25000
15 48 77 25000
15 49 84 25000
15 50 64 25000
15 51 83 25000
16 17 112 25000
16 18 94 25000
16 19 103 25000
16 20 102 25000
16 21 97 25000
16 22 91 25000
16 23 87 25000
16 24 108 25000
16 25 108 25000
16 26 73 25000
16 27 80 25000
16 28 89 25000
16 29 88 25000
16 30 84 25000
16 31 100 25000
16 32 100 25000
16 33 76 25000
16 34 83 25000
16 35 97 25000
16 36 100 25000
16 37 97 25000
16 38 90 25000
16 39 88 25000
16 40 88 25000
16 41 87 25000
16 42 94 25000
16 43 78 25000
16 44 80 25000
16 45 79 25000
16 46 101 25000
16 47 72 25000
16 48 74 25000
16 49 67 25000
16 50 77 25000
16 51 87 25000
17 18 93 25000
17 19 110 25000
17 20 94 25000
17 21 93 25000
17 22 91 25000
17 23 94 25000
17 24 98 25000
17 25 113 25000
17 26 79 25000
17 27 91 25000
17 28 59 25000
17 29 77 25000
17 30 101 25000
17 31 99 25000
17 32 97 25000
17 33 97 25000
17 34 89 25000
17 35 83 25000
17 36 101 25000
17 37 93 25000
17 38 87 25000
17 39 96 25000
17 40 83 25000
17 41 88 25000
17 42 72 25000
17 43 80 25000
17 44 91 25000
17 45 80 25000
17 46 78 25000
17 47 78 25000
17 48 75 25000
17 49 102 25000
17 50 86 25000
17 51 84 25000
18 19 105 25000
18 20 85 25000
18 21 87 25000
18 22 108 25000
18 23 92 25000
18 24 114 25000
18 25 118 25000
18 26 86 25000
18 27 77 25000
18 28 92 25000
18 29 101 25000
18 30 77 25000
18 31 97 25000
18 32 87 25000
18 33 78 25000
18 34 85 25000
18 35 86 25000
18 36 85 25000
18 37 90 25000
18 38 94 25000
18 39 70 25000
18 40 85 25000
18 41 84 25000
18 42 79 25000
18 43 88 25000
18 44 86 25000
18 45 79 25000
18 46 77 25000
18 47 64 25000
18 48 80 25000
18 49 108 25000
18 50 84 25000
18 51 86 25000
19 20 97 25000
19 21 79 25000
19 22 104 25000
19 23 97 25000
19 24 124 25000
19 25 98 25000
19 26 83 25000
19 27 83 25000
19 28 93 25000
19 29 97 25000
19 30 89 25000
19 31 82 25000
19 32 95 25000
19 33 87 25000
19 34 86 25000
19 35 91 25000
19 36 98 25000
19 37 75 25000
19 38 81 25000
19 39 93 25000
19 40 74 25000
19 41 87 25000
19 42 85 25000
19 43 66 25000
19 44 74 25000
19 45 91 25000
19 46 67 25000
19 47 85 25000
19 48 84 25000
19 49 86 25000
19 50 82 25000
19 51 91 25000
20 21 90 25000
20 22 101 25000
20 23 90 25000
20 24 89 25000
20 25 80 25000
20 26 87 25000
20 27 84 25000
20 28 85 25000
20 29 92 25000
20 30 77 25000
20 31 84 25000
20 32 80 25000
20 33 86 25000
20 34 88 25000
20 35 79 25000
20 36 80 25000
20 37 77 25000
20 38 116 25000
20 39 84 25000
20 40 108 25000
20 41 83 25000
20 42 95 25000
20 43 90 25000
20 44 83 25000
20 45 93 25000
20 46 79 25000
20 47 95 25000
20 48 96 25000
20 49 84 25000
20 50 78 25000
20 51 91 25000
21 22 92 25000
21 23 85 25000
21 24 82 25000
21 25 86 25000
21 26 79 25000
21 27 78 25000
21 28 92 25000
21 29 91 25000
21 30 81 25000
21 31 67 25000
21 32 95 25000
21 33 80 25000
21 34 67 25000
21 35 85 25000
21 36 90 25000
21 37 95 25000
21 38 75 25000
21 39 93 25000
21 40 73 25000
21 41 76 25000
21 42 75 25000
21 43 79 25000
21 44 91 25000
21 45 92 25000
21 46 75 25000
21 47 77 25000
21 48 87 25000
21 49 77 25000
21 50 74 25000
21 51 69 25000
22 23 104 25000
22 24 96 25000
22 25 103 25000
22 26 105 25000
22 27 81 25000
22 28 79 25000
22 29 90 25000
22 30 90 25000
22 31 86 25000
22 32 86 25000
22 33 86 25000
22 34 97 25000
22 35 85 25000
22 36 79 25000
22 37 84 25000
22 38 80 25000
22 39 87 25000
22 40 86 25000
22 41 77 25000
22 42 91 25000
22 43 85 25000
22 44 97 25000
22 45 82 25000
22 46 100 25000
22 47 86 25000
22 48 80 25000
22 49 69 25000
22 50 75 25000
22 51 107 25000
23 24 109 25000
23 25 98 25000
23 26 70 25000
23 27 83 25000
23 28 108 25000
23 29 68 25000
23 30 81 25000
23 31 89 25000
23 32 88 25000
23 33 81 25000
23 34 67 25000
23 35 84 25000
23 36 90 25000
23 37 84 25000
23 38 108 25000
23 39 78 25000
23 40 65 25000
23 41 103 25000
23 42 86 25000
23 43 84 25000
23 44 93 25000
23 45 94 25000
23 46 83 25000
23 47 94 25000
23 48 78 25000
23 49 88 25000
23 50 83 25000
23 51 67 25000
24 25 98 25000
24 26 85 25000
24 27 75 25000
24 28 92 25000
24 29 85 25000
24 30 93 25000
24 31 87 25000
24 32 87 25000
24 33 77 25000
24 34 76 25000
24 35 90 25000
24 36 85 25000
24 37 90 25000
24 38 90 25000
24 39 84 25000
24 40 79 25000
24 41 84 25000
24 42 78 25000
24 43 83 25000
24 44 92 25000
24 45 79 25000
24 46 79 25000
24 47 82 25000
24 48 77 25000
24 49 95 25000
24 50 70 25000
24 51 80 25000
25 26 67 25000
25 27 75 25000
25 28 78 25000
25 29 94 25000
25 30 88 25000
25 31 79 25000
25 32 98 25000
25 33 98 25000
25 34 91 25000
25 35 83 25000
25 36 98 25000
25 37 96 25000
25 38 79 25000
25 39 68 25000
25 40 76 25000
25 41 85 25000
25 42 88 25000
25 43 77 25000
25 44 84 25000
25 45 77 25000
25 46 74 25000
25 47 81 25000
25 48 81 25000
25 49 81 25000
25 50 87 25000
25 51 83 25000
26 27 118 25000
26 28 104 25000
26 29 90 25000
26 30 105 25000
26 31 101 25000
26 32 108 25000
26 33 92 25000
26 34 120 25000
26 35 108 25000
26 36 110 25000
26 37 101 25000
26 38 96 25000
26 39 77 25000
26 40 81 25000
26 41 92 25000
26 42 91 25000
26 43 82 25000
26 44 69 25000
26 45 95 25000
26 46 91 25000
26 47 84 25000
26 48 93 25000
26 49 94 25000
26 50 89 25000
26 51 83 25000
27 28 107 25000
27 29 78 25000
27 30 99 25000
27 31 92 25000
27 32 123 25000
27 33 100 25000
27 34 102 25000
27 35 94 25000
27 36 113 25000
27 37 97 25000
27 38 109 25000
27 39 92 25000
27 40 72 25000
27 41 82 25000
27 42 95 25000
27 43 98 25000
27 44 99 25000
27 45 71 25000
27 46 96 25000
27 47 86 25000
27 48 94 25000
27 49 73 25000
27 50 86 25000
27 51 93 25000
28 29 89 25000
28 30 95 25000
28 31 97 25000
28 32 78 25000
28 33 102 25000
28 34 115 25000
28 35 80 25000
28 36 113 25000
28 37 105 25000
28 38 96 25000
28 39 75 25000
28 40 85 25000
28 41 75 25000
28 42 65 25000
28 43 85 25000
28 44 73 25000
28 45 74 25000
28 46 93 25000
28 47 85 25000
28 48 87 25000
28 49 90 25000
28 50 75 25000
28 51 92 25000
29 30 113 25000
29 31 112 25000
29 32 106 25000
29 33 92 25000
29 34 101 25000
29 35 98 25000
29 36 91 25000
29 37 103 25000
29 38 110 25000
29 39 86 25000
29 40 93 25000
29 41 84 25000
29 42 76 25000
29 43 75 25000
29 44 87 25000
29 45 73 25000
29 46 90 25000
29 47 90 25000
29 48 88 25000
29 49 95 25000
29 50 82 25000
29 51 91 25000
30 31 98 25000
30 32 91 25000
30 33 97 25000
30 34 117 25000
30 35 94 25000
30 36 103 25000
30 37 121 25000
30 38 98 25000
30 39 90 25000
30 40 108 25000
30 41 77 25000
30 42 81 25000
30 43 91 25000
30 44 85 25000
30 45 82 25000
30 46 97 25000
30 47 88 25000
30 48 86 25000
30 49 90 25000
30 50 78 25000
30 51 90 25000
31 32 105 25000
31 33 94 25000
31 34 101 25000
31 35 105 25000
31 36 112 25000
31 37 106 25000
31 38 97 25000
31 39 93 25000
31 40 72 25000
31 41 84 25000
31 42 91 25000
31 43 77 25000
31 44 91 25000
31 45 87 25000
31 46 97 25000
31 47 81 25000
31 48 88 25000
31 49 104 25000
31 50 93 25000
31 51 92 25000
32 33 96 25000
32 34 114 25000
32 35 90 25000
32 36 118 25000
32 37 106 25000
32 38 105 25000
32 39 82 25000
32 40 94 25000
32 41 72 25000
32 42 82 25000
32 43 87 25000
32 44 95 25000
32 45 95 25000
32 46 92 25000
32 47 75 25000
32 48 88 25000
32 49 104 25000
32 50 96 25000
32 51 96 25000
33 34 106 25000
33 35 87 25000
33 36 89 25000
33 37 95 25000
33 38 98 25000
33 39 78 25000
33 40 82 25000
33 41 69 25000
33 42 93 25000
33 43 89 25000
33 44 89 25000
33 45 106 25000
33 46 91 25000
33 47 81 25000
33 48 81 25000
33 49 81 25000
33 50 89 25000
33 51 77 25000
34 35 97 25000
34 36 92 25000
34 37 97 25000
34 38 88 25000
34 39 72 25000
34 40 95 25000
34 41 87 25000
34 42 82 25000
34 43 84 25000
34 44 71 25000
34 45 92 25000
34 46 71 25000
34 47 86 25000
34 48 74 25000
34 49 80 25000
34 50 87 25000
34 51 109 25000
35 36 127 25000
35 37 101 25000
35 38 84 25000
35 39 89 25000
35 40 80 25000
35 41 73 25000
35 42 74 25000
35 43 75 25000
35 44 87 25000
35 45 97 25000
35 46 77 25000
35 47 82 25000
35 48 75 25000
35 49 72 25000
35 50 62 25000
35 51 97 25000
36 37 113 25000
36 38 100 25000
36 39 84 25000
36 40 83 25000
36 41 92 25000
36 42 96 25000
36 43 96 25000
36 44 94 25000
36 45 85 25000
36 46 96 25000
36 47 85 25000
36 48 85 25000
36 49 97 25000
36 50 75 25000
36 51 95 25000
37 38 111 25000
37 39 82 25000
37 40 80 25000
37 41 84 25000
37 42 80 25000
37 43 92 25000
37 44 93 25000
37 45 82 25000
37 46 100 25000
37 47 68 25000
37 48 81 25000
37 49 87 25000
37 50 86 25000
37 51 78 25000
38 39 95 25000
38 40 102 25000
38 41 94 25000
38 42 92 25000
38 43 87 25000
38 44 84 25000
38 45 93 25000
38 46 87 25000
38 47 78 25000
38 48 80 25000
38 49 101 25000
38 50 85 25000
38 51 89 25000
39 40 105 25000
39 41 108 25000
39 42 104 25000
39 43 75 25000
39 44 101 25000
39 45 113 25000
39 46 100 25000
39 47 89 25000
39 48 112 25000
39 49 107 25000
39 50 77 25000
39 51 90 25000
40 41 116 25000
40 42 103 25000
40 43 90 25000
40 44 118 25000
40 45 133 25000
40 46 114 25000
40 47 97 25000
40 48 119 25000
40 49 109 25000
40 50 96 25000
40 51 120 25000
41 42 98 25000
41 43 87 25000
41 44 94 25000
41 45 107 25000
41 46 98 25000
41 47 84 25000
41 48 106 25000
41 49 109 25000
41 50 94 25000
41 51 96 25000
42 43 90 25000
42 44 92 25000
42 45 107 25000
42 46 100 25000
42 47 99 25000
42 48 98 25000
42 49 88 25000
42 50 88 25000
42 51 104 25000
43 44 87 25000
43 45 83 25000
43 46 98 25000
43 47 99 25000
43 48 97 25000
43 49 82 25000
43 50 94 25000
43 51 98 25000
44 45 105 25000
44 46 88 25000
44 47 100 25000
44 48 85 25000
44 49 92 25000
44 50 111 25000
44 51 84 25000
45 46 127 25000
45 47 103 25000
45 48 97 25000
45 49 116 25000
45 50 89 25000
45 51 111 25000
46 47 103 25000
46 48 108 25000
46 49 91 25000
46 50 107 25000
46 51 114 25000
47 48 114 25000
47 49 104 25000
47 50 94 25000
47 51 108 25000
48 49 89 25000
48 50 95 25000
48 51 104 25000
49 50 101 25000
49 51 96 25000
50 51 92 25000
