0 1 130 25000
0 2 129 25000
0 3 132 25000
0 4 139 25000
0 5 121 25000
0 6 135 25000
0 7 119 25000
0 8 126 25000
0 9 128 25000
0 10 134 25000
0 11 123 25000
0 12 123 25000
0 13 118 25000
0 14 124 25000
0 15 111 25000
0 16 132 25000
0 17 138 25000
0 18 110 25000
0 19 133 25000
0 20 137 25000
0 21 138 25000
0 22 118 25000
0 23 121 25000
0 24 133 25000
0 25 139 25000
0 26 116 25000
0 27 103 25000
0 28 131 25000
0 29 118 25000
0 30 154 25000
0 31 117 25000
0 32 134 25000
0 33 113 25000
0 34 122 25000
0 35 114 25000
0 36 116 25000
0 37 117 25000
0 38 108 25000
0 39 116 25000
0 40 103 25000
0 41 115 25000
0 42 117 25000
0 43 130 25000
0 44 136 25000
0 45 126 25000
0 46 116 25000
0 47 122 25000
0 48 125 25000
0 49 134 25000
0 50 123 25000
0 51 109 25000
1 2 120 25000
1 3 123 25000
1 4 115 25000
1 5 133 25000
1 6 110 25000
1 7 106 25000
1 8 124 25000
1 9 139 25000
1 10 134 25000
1 11 125 25000
1 12 143 25000
1 13 130 25000
1 14 128 25000
1 15 132 25000
1 16 117 25000
1 17 121 25000
1 18 112 25000
1 19 111 25000
1 20 127 25000
1 21 128 25000
1 22 116 25000
1 23 101 25000
1 24 110 25000
1 25 106 25000
1 26 121 25000
1 27 119 25000
1 28 119 25000
1 29 113 25000
1 30 134 25000
1 31 123 25000
1 32 141 25000
1 33 120 25000
1 34 132 25000
1 35 104 25000
1 36 111 25000
1 37 101 25000
1 38 130 25000
1 39 106 25000
1 40 130 25000
1 41 114 25000
1 42 104 25000
1 43 119 25000
1 44 110 25000
1 45 126 25000
1 46 120 25000
1 47 116 25000
1 48 124 25000
1 49 116 25000
1 50 141 25000
1 51 122 25000
2 3 115 25000
2 4 128 25000
2 5 150 25000
2 6 146 25000
2 7 111 25000
2 8 126 25000
2 9 145 25000
2 10 125 25000
2 11 141 25000
2 12 138 25000
2 13 127 25000
2 14 121 25000
2 15 131 25000
2 16 130 25000
2 17 145 25000
2 18 139 25000
2 19 129 25000
2 20 119 25000
2 21 125 25000
2 22 133 25000
2 23 110 25000
2 24 128 25000
2 25 128 25000
2 26 138 25000
2 27 121 25000
2 28 125 25000
2 29 111 25000
2 30 119 25000
2 31 115 25000
2 32 116 25000
2 33 148 25000
2 34 116 25000
2 35 133 25000
2 36 121 25000
2 37 129 25000
2 38 113 25000
2 39 131 25000
2 40 140 25000
2 41 129 25000
2 42 118 25000
2 43 127 25000
2 44 123 25000
2 45 129 25000
2 46 136 25000
2 47 113 25000
2 48 119 25000
2 49 129 25000
2 50 122 25000
2 51 119 25000
3 4 124 25000
3 5 136 25000
3 6 146 25000
3 7 121 25000
3 8 109 25000
3 9 122 25000
3 10 125 25000
3 11 121 25000
3 12 122 25000
3 13 127 25000
3 14 129 25000
3 15 142 25000
3 16 133 25000
3 17 112 25000
3 18 143 25000
3 19 108 25000
3 20 113 25000
3 21 154 25000
3 22 133 25000
3 23 120 25000
3 24 120 25000
3 25 130 25000
3 26 137 25000
3 27 145 25000
3 28 123 25000
3 29 137 25000
3 30 116 25000
3 31 116 25000
3 32 101 25000
3 33 130 25000
3 34 123 25000
3 35 135 25000
3 36 122 25000
3 37 130 25000
3 38 130 25000
3 39 119 25000
3 40 119 25000
3 41 135 25000
3 42 129 25000
3 43 133 25000
3 44 124 25000
3 45 136 25000
3 46 123 25000
3 47 108 25000
3 48 113 25000
3 49 125 25000
3 50 108 25000
3 51 123 25000
4 5 139 25000
4 6 118 25000
4 7 120 25000
4 8 145 25000
4 9 139 25000
4 10 135 25000
4 11 134 25000
4 12 135 25000
4 13 123 25000
4 14 132 25000
4 15 132 25000
4 16 120 25000
4 17 120 25000
4 18 135 25000
4 19 138 25000
4 20 113 25000
4 21 127 25000
4 22 124 25000
4 23 121 25000
4 24 146 25000
4 25 116 25000
4 26 134 25000
4 27 126 25000
4 28 123 25000
4 29 113 25000
4 30 149 25000
4 31 138 25000
4 32 125 25000
4 33 116 25000
4 34 129 25000
4 35 133 25000
4 36 138 25000
4 37 125 25000
4 38 122 25000
4 39 135 25000
4 40 112 25000
4 41 154 25000
4 42 108 25000
4 43 137 25000
4 44 122 25000
4 45 110 25000
4 46 117 25000
4 47 113 25000
4 48 118 25000
4 49 113 25000
4 50 120 25000
4 51 127 25000
5 6 117 25000
5 7 133 25000
5 8 116 25000
5 9 124 25000
5 10 119 25000
5 11 126 25000
5 12 137 25000
5 13 129 25000
5 14 131 25000
5 15 140 25000
5 16 138 25000
5 17 112 25000
5 18 140 25000
5 19 115 25000
5 20 136 25000
5 21 122 25000
5 22 130 25000
5 23 130 25000
5 24 133 25000
5 25 110 25000
5 26 109 25000
5 27 124 25000
5 28 136 25000
5 29 124 25000
5 30 123 25000
5 31 140 25000
5 32 132 25000
5 33 116 25000
5 34 128 25000
5 35 132 25000
5 36 130 25000
5 37 141 25000
5 38 132 25000
5 39 126 25000
5 40 123 25000
5 41 137 25000
5 42 124 25000
5 43 126 25000
5 44 103 25000
5 45 115 25000
5 46 116 25000
5 47 127 25000
5 48 137 25000
5 49 102 25000
5 50 137 25000
5 51 126 25000
6 7 129 25000
6 8 110 25000
6 9 151 25000
6 10 118 25000
6 11 117 25000
6 12 127 25000
6 13 125 25000
6 14 118 25000
6 15 122 25000
6 16 122 25000
6 17 116 25000
6 18 129 25000
6 19 131 25000
6 20 124 25000
6 21 152 25000
6 22 128 25000
6 23 111 25000
6 24 121 25000
6 25 123 25000
6 26 126 25000
6 27 124 25000
6 28 135 25000
6 29 127 25000
6 30 107 25000
6 31 120 25000
6 32 95 25000
6 33 116 25000
6 34 129 25000
6 35 138 25000
6 36 137 25000
6 37 110 25000
6 38 118 25000
6 39 121 25000
6 40 116 25000
6 41 137 25000
6 42 120 25000
6 43 114 25000
6 44 117 25000
6 45 134 25000
6 46 99 25000
6 47 127 25000
6 48 122 25000
6 49 111 25000
6 50 126 25000
6 51 130 25000
7 8 121 25000
7 9 128 25000
7 10 127 25000
7 11 100 25000
7 12 161 25000
7 13 126 25000
7 14 121 25000
7 15 124 25000
7 16 127 25000
7 17 124 25000
7 18 116 25000
7 19 131 25000
7 20 130 25000
7 21 111 25000
7 22 128 25000
7 23 138 25000
7 24 140 25000
7 25 129 25000
7 26 104 25000
7 27 101 25000
7 28 113 25000
7 29 116 25000
7 30 115 25000
7 31 113 25000
7 32 106 25000
7 33 109 25000
7 34 125 25000
7 35 113 25000
7 36 131 25000
7 37 112 25000
7 38 125 25000
7 39 140 25000
7 40 123 25000
7 41 126 25000
7 42 111 25000
7 43 118 25000
7 44 126 25000
7 45 115 25000
7 46 117 25000
7 47 147 25000
7 48 125 25000
7 49 111 25000
7 50 124 25000
7 51 141 25000
8 9 132 25000
8 10 121 25000
8 11 127 25000
8 12 116 25000
8 13 128 25000
8 14 104 25000
8 15 111 25000
8 16 107 25000
8 17 105 25000
8 18 108 25000
8 19 116 25000
8 20 120 25000
8 21 129 25000
8 22 116 25000
8 23 120 25000
8 24 115 25000
8 25 126 25000
8 26 120 25000
8 27 118 25000
8 28 127 25000
8 29 118 25000
8 30 107 25000
8 31 129 25000
8 32 112 25000
8 33 120 25000
8 34 126 25000
8 35 116 25000
8 36 127 25000
8 37 120 25000
8 38 133 25000
8 39 128 25000
8 40 109 25000
8 41 136 25000
8 42 115 25000
8 43 98 25000
8 44 116 25000
8 45 144 25000
8 46 111 25000
8 47 110 25000
8 48 147 25000
8 49 128 25000
8 50 123 25000
8 51 125 25000
9 10 130 25000
9 11 129 25000
9 12 141 25000
9 13 151 25000
9 14 146 25000
9 15 134 25000
9 16 152 25000
9 17 124 25000
9 18 128 25000
9 19 121 25000
9 20 109 25000
9 21 122 25000
9 22 134 25000
9 23 128 25000
9 24 128 25000
9 25 128 25000
9 26 134 25000
9 27 142 25000
9 28 129 25000
9 29 123 25000
9 30 121 25000
9 31 126 25000
9 32 132 25000
9 33 136 25000
9 34 115 25000
9 35 131 25000
9 36 135 25000
9 37 123 25000
9 38 125 25000
9 39 136 25000
9 40 134 25000
9 41 131 25000
9 42 123 25000
9 43 127 25000
9 44 123 25000
9 45 114 25000
9 46 129 25000
9 47 136 25000
9 48 124 25000
9 49 151 25000
9 50 117 25000
9 51 141 25000
10 11 109 25000
10 12 122 25000
10 13 125 25000
10 14 106 25000
10 15 135 25000
10 16 132 25000
10 17 117 25000
10 18 118 25000
10 19 125 25000
10 20 127 25000
10 21 126 25000
10 22 113 25000
10 23 131 25000
10 24 119 25000
10 25 120 25000
10 26 130 25000
10 27 129 25000
10 28 147 25000
10 29 123 25000
10 30 116 25000
10 31 121 25000
10 32 130 25000
10 33 137 25000
10 34 130 25000
10 35 102 25000
10 36 132 25000
10 37 140 25000
10 38 134 25000
10 39 106 25000
10 40 106 25000
10 41 107 25000
10 42 133 25000
10 43 117 25000
10 44 130 25000
10 45 124 25000
10 46 112 25000
10 47 131 25000
10 48 123 25000
10 49 109 25000
10 50 120 25000
10 51 120 25000
11 12 135 25000
11 13 113 25000
11 14 136 25000
11 15 118 25000
11 16 104 25000
11 17 125 25000
11 18 129 25000
11 19 121 25000
11 20 113 25000
11 21 133 25000
11 22 128 25000
11 23 117 25000
11 24 105 25000
11 25 130 25000
11 26 105 25000
11 27 120 25000
11 28 118 25000
11 29 127 25000
11 30 129 25000
11 31 113 25000
11 32 128 25000
11 33 132 25000
11 34 147 25000
11 35 116 25000
11 36 126 25000
11 37 132 25000
11 38 144 25000
11 39 134 25000
11 40 144 25000
11 41 104 25000
11 42 118 25000
11 43 144 25000
11 44 138 25000
11 45 118 25000
11 46 126 25000
11 47 139 25000
11 48 130 25000
11 49 121 25000
11 50 121 25000
11 51 126 25000
12 13 110 25000
12 14 140 25000
12 15 142 25000
12 16 121 25000
12 17 114 25000
12 18 126 25000
12 19 102 25000
12 20 139 25000
12 21 140 25000
12 22 120 25000
12 23 113 25000
12 24 135 25000
12 25 107 25000
12 26 130 25000
12 27 131 25000
12 28 127 25000
12 29 126 25000
12 30 143 25000
12 31 117 25000
12 32 100 25000
12 33 111 25000
12 34 125 25000
12 35 123 25000
12 36 108 25000
12 37 123 25000
12 38 138 25000
12 39 117 25000
12 40 112 25000
12 41 141 25000
12 42 116 25000
12 43 131 25000
12 44 129 25000
12 45 142 25000
12 46 118 25000
12 47 129 25000
12 48 128 25000
12 49 142 25000
12 50 143 25000
12 51 112 25000
13 14 107 25000
13 15 127 25000
13 16 130 25000
13 17 115 25000
13 18 114 25000
13 19 142 25000
13 20 113 25000
13 21 113 25000
13 22 128 25000
13 23 130 25000
13 24 133 25000
13 25 129 25000
13 26 98 25000
13 27 121 25000
13 28 142 25000
13 29 129 25000
13 30 123 25000
13 31 125 25000
13 32 131 25000
13 33 127 25000
13 34 120 25000
13 35 99 25000
13 36 104 25000
13 37 116 25000
13 38 126 25000
13 39 99 25000
13 40 120 25000
13 41 137 25000
13 42 127 25000
13 43 115 25000
13 44 115 25000
13 45 137 25000
13 46 117 25000
13 47 113 25000
13 48 130 25000
13 49 119 25000
13 50 120 25000
13 51 138 25000
14 15 143 25000
14 16 131 25000
14 17 124 25000
14 18 138 25000
14 19 102 25000
14 20 131 25000
14 21 144 25000
14 22 137 25000
14 23 115 25000
14 24 106 25000
14 25 139 25000
14 26 129 25000
14 27 129 25000
14 28 145 25000
14 29 112 25000
14 30 157 25000
14 31 118 25000
14 32 102 25000
14 33 131 25000
14 34 108 25000
14 35 119 25000
14 36 127 25000
14 37 132 25000
14 38 133 25000
14 39 133 25000
14 40 109 25000
14 41 128 25000
14 42 124 25000
14 43 135 25000
14 44 137 25000
14 45 129 25000
14 46 121 25000
14 47 122 25000
14 48 137 25000
14 49 131 25000
14 50 131 25000
14 51 146 25000
15 16 131 25000
15 17 133 25000
15 18 108 25000
15 19 144 25000
15 20 104 25000
15 21 128 25000
15 22 130 25000
15 23 113 25000
15 24 117 25000
15 25 122 25000
15 26 119 25000
15 27 138 25000
15 28 143 25000
15 29 129 25000
15 30 130 25000
15 31 131 25000
15 32 123 25000
15 33 146 25000
15 34 122 25000
15 35 125 25000
15 36 131 25000
15 37 104 25000
15 38 124 25000
15 39 111 25000
15 40 109 25000
15 41 102 25000
15 42 132 25000
15 43 121 25000
15 44 152 25000
15 45 128 25000
15 46 97 25000
15 47 120 25000
15 48 132 25000
15 49 122 25000
15 50 123 25000
15 51 124 25000
16 17 135 25000
16 18 158 25000
16 19 123 25000
16 20 130 25000
16 21 117 25000
16 22 119 25000
16 23 126 25000
16 24 139 25000
16 25 140 25000
16 26 125 25000
16 27 164 25000
16 28 116 25000
16 29 120 25000
16 30 134 25000
16 31 131 25000
16 32 127 25000
16 33 128 25000
16 34 120 25000
16 35 128 25000
16 36 116 25000
16 37 138 25000
16 38 129 25000
16 39 106 25000
16 40 130 25000
16 41 116 25000
16 42 96 25000
16 43 112 25000
16 44 127 25000
16 45 129 25000
16 46 117 25000
16 47 126 25000
16 48 126 25000
16 49 131 25000
16 50 110 25000
16 51 123 25000
17 18 126 25000
17 19 124 25000
17 20 140 25000
17 21 129 25000
17 22 118 25000
17 23 130 25000
17 24 136 25000
17 25 135 25000
17 26 124 25000
17 27 110 25000
17 28 124 25000
17 29 144 25000
17 30 137 25000
17 31 136 25000
17 32 121 25000
17 33 116 25000
17 34 118 25000
17 35 135 25000
17 36 131 25000
17 37 141 25000
17 38 134 25000
17 39 130 25000
17 40 126 25000
17 41 118 25000
17 42 130 25000
17 43 118 25000
17 44 125 25000
17 45 133 25000
17 46 126 25000
17 47 134 25000
17 48 141 25000
17 49 104 25000
17 50 107 25000
17 51 126 25000
18 19 121 25000
18 20 141 25000
18 21 130 25000
18 22 123 25000
18 23 110 25000
18 24 140 25000
18 25 130 25000
18 26 116 25000
18 27 128 25000
18 28 115 25000
18 29 118 25000
18 30 136 25000
18 31 115 25000
18 32 134 25000
18 33 109 25000
18 34 121 25000
18 35 118 25000
18 36 128 25000
18 37 106 25000
18 38 130 25000
18 39 102 25000
18 40 133 25000
18 41 120 25000
18 42 106 25000
18 43 140 25000
18 44 137 25000
18 45 130 25000
18 46 146 25000
18 47 117 25000
18 48 147 25000
18 49 115 25000
18 50 143 25000
18 51 124 25000
19 20 121 25000
19 21 132 25000
19 22 124 25000
19 23 147 25000
19 24 119 25000
19 25 134 25000
19 26 144 25000
19 27 129 25000
19 28 116 25000
19 29 139 25000
19 30 126 25000
19 31 121 25000
19 32 99 25000
19 33 125 25000
19 34 110 25000
19 35 128 25000
19 36 121 25000
19 37 118 25000
19 38 131 25000
19 39 117 25000
19 40 118 25000
19 41 130 25000
19 42 118 25000
19 43 127 25000
19 44 126 25000
19 45 120 25000
19 46 103 25000
19 47 123 25000
19 48 123 25000
19 49 94 25000
19 50 113 25000
19 51 122 25000
20 21 128 25000
20 22 129 25000
20 23 101 25000
20 24 123 25000
20 25 124 25000
20 26 131 25000
20 27 135 25000
20 28 139 25000
20 29 117 25000
20 30 136 25000
20 31 129 25000
20 32 118 25000
20 33 133 25000
20 34 115 25000
20 35 129 25000
20 36 121 25000
20 37 125 25000
20 38 92 25000
20 39 118 25000
20 40 122 25000
20 41 129 25000
20 42 120 25000
20 43 138 25000
20 44 120 25000
20 45 132 25000
20 46 134 25000
20 47 124 25000
20 48 116 25000
20 49 113 25000
20 50 124 25000
20 51 135 25000
21 22 121 25000
21 23 132 25000
21 24 136 25000
21 25 133 25000
21 26 113 25000
21 27 132 25000
21 28 119 25000
21 29 123 25000
21 30 121 25000
21 31 120 25000
21 32 122 25000
21 33 118 25000
21 34 115 25000
21 35 126 25000
21 36 127 25000
21 37 122 25000
21 38 124 25000
21 39 107 25000
21 40 126 25000
21 41 140 25000
21 42 126 25000
21 43 118 25000
21 44 97 25000
21 45 144 25000
21 46 117 25000
21 47 131 25000
21 48 133 25000
21 49 119 25000
21 50 122 25000
21 51 116 25000
22 23 133 25000
22 24 121 25000
22 25 141 25000
22 26 118 25000
22 27 132 25000
22 28 113 25000
22 29 126 25000
22 30 109 25000
22 31 129 25000
22 32 122 25000
22 33 121 25000
22 34 121 25000
22 35 127 25000
22 36 112 25000
22 37 126 25000
22 38 133 25000
22 39 119 25000
22 40 116 25000
22 41 110 25000
22 42 101 25000
22 43 135 25000
22 44 120 25000
22 45 147 25000
22 46 124 25000
22 47 133 25000
22 48 125 25000
22 49 129 25000
22 50 123 25000
22 51 118 25000
23 24 123 25000
23 25 155 25000
23 26 122 25000
23 27 140 25000
23 28 114 25000
23 29 120 25000
23 30 145 25000
23 31 122 25000
23 32 122 25000
23 33 124 25000
23 34 123 25000
23 35 127 25000
23 36 121 25000
23 37 117 25000
23 38 132 25000
23 39 125 25000
23 40 145 25000
23 41 112 25000
23 42 117 25000
23 43 116 25000
23 44 131 25000
23 45 125 25000
23 46 126 25000
23 47 116 25000
23 48 131 25000
23 49 112 25000
23 50 116 25000
23 51 125 25000
24 25 139 25000
24 26 114 25000
24 27 134 25000
24 28 129 25000
24 29 150 25000
24 30 126 25000
24 31 146 25000
24 32 120 25000
24 33 126 25000
24 34 115 25000
24 35 109 25000
24 36 160 25000
24 37 112 25000
24 38 137 25000
24 39 121 25000
24 40 133 25000
24 41 135 25000
24 42 130 25000
24 43 120 25000
24 44 109 25000
24 45 134 25000
24 46 122 25000
24 47 133 25000
24 48 107 25000
24 49 117 25000
24 50 117 25000
24 51 121 25000
25 26 117 25000
25 27 124 25000
25 28 124 25000
25 29 125 25000
25 30 148 25000
25 31 126 25000
25 32 114 25000
25 33 140 25000
25 34 124 25000
25 35 117 25000
25 36 114 25000
25 37 111 25000
25 38 130 25000
25 39 125 25000
25 40 116 25000
25 41 152 25000
25 42 127 25000
25 43 122 25000
25 44 136 25000
25 45 113 25000
25 46 137 25000
25 47 128 25000
25 48 135 25000
25 49 130 25000
25 50 126 25000
25 51 117 25000
26 27 123 25000
26 28 138 25000
26 29 103 25000
26 30 138 25000
26 31 109 25000
26 32 120 25000
26 33 117 25000
26 34 134 25000
26 35 153 25000
26 36 138 25000
26 37 146 25000
26 38 119 25000
26 39 125 25000
26 40 122 25000
26 41 115 25000
26 42 111 25000
26 43 113 25000
26 44 113 25000
26 45 122 25000
26 46 96 25000
26 47 120 25000
26 48 126 25000
26 49 110 25000
26 50 101 25000
26 51 106 25000
27 28 131 25000
27 29 125 25000
27 30 130 25000
27 31 141 25000
27 32 140 25000
27 33 140 25000
27 34 115 25000
27 35 141 25000
27 36 129 25000
27 37 121 25000
27 38 133 25000
27 39 114 25000
27 40 105 25000
27 41 122 25000
27 42 128 25000
27 43 134 25000
27 44 135 25000
27 45 118 25000
27 46 147 25000
27 47 122 25000
27 48 113 25000
27 49 131 25000
27 50 104 25000
27 51 112 25000
28 29 140 25000
28 30 124 25000
28 31 133 25000
28 32 146 25000
28 33 143 25000
28 34 136 25000
28 35 123 25000
28 36 139 25000
28 37 129 25000
28 38 141 25000
28 39 123 25000
28 40 124 25000
28 41 125 25000
28 42 127 25000
28 43 105 25000
28 44 139 25000
28 45 145 25000
28 46 141 25000
28 47 121 25000
28 48 145 25000
28 49 114 25000
28 50 124 25000
28 51 147 25000
29 30 137 25000
29 31 152 25000
29 32 130 25000
29 33 150 25000
29 34 130 25000
29 35 105 25000
29 36 121 25000
29 37 140 25000
29 38 139 25000
29 39 107 25000
29 40 147 25000
29 41 119 25000
29 42 160 25000
29 43 107 25000
29 44 125 25000
29 45 105 25000
29 46 125 25000
29 47 142 25000
29 48 110 25000
29 49 120 25000
29 50 130 25000
29 51 132 25000
30 31 125 25000
30 32 136 25000
30 33 137 25000
30 34 128 25000
30 35 117 25000
30 36 115 25000
30 37 130 25000
30 38 140 25000
30 39 133 25000
30 40 110 25000
30 41 125 25000
30 42 121 25000
30 43 129 25000
30 44 108 25000
30 45 121 25000
30 46 136 25000
30 47 130 25000
30 48 119 25000
30 49 106 25000
30 50 132 25000
30 51 138 25000
31 32 135 25000
31 33 122 25000
31 34 127 25000
31 35 141 25000
31 36 121 25000
31 37 142 25000
31 38 134 25000
31 39 107 25000
31 40 132 25000
31 41 121 25000
31 42 126 25000
31 43 135 25000
31 44 113 25000
31 45 120 25000
31 46 107 25000
31 47 132 25000
31 48 115 25000
31 49 100 25000
31 50 128 25000
31 51 131 25000
32 33 145 25000
32 34 113 25000
32 35 132 25000
32 36 119 25000
32 37 113 25000
32 38 147 25000
32 39 105 25000
32 40 111 25000
32 41 136 25000
32 42 129 25000
32 43 133 25000
32 44 118 25000
32 45 130 25000
32 46 119 25000
32 47 144 25000
32 48 107 25000
32 49 105 25000
32 50 132 25000
32 51 144 25000
33 34 137 25000
33 35 141 25000
33 36 126 25000
33 37 123 25000
33 38 130 25000
33 39 124 25000
33 40 119 25000
33 41 137 25000
33 42 125 25000
33 43 120 25000
33 44 138 25000
33 45 145 25000
33 46 114 25000
33 47 125 25000
33 48 140 25000
33 49 130 25000
33 50 123 25000
33 51 134 25000
34 35 130 25000
34 36 130 25000
34 37 113 25000
34 38 121 25000
34 39 112 25000
34 40 118 25000
34 41 142 25000
34 42 136 25000
34 43 125 25000
34 44 100 25000
34 45 112 25000
34 46 92 25000
34 47 132 25000
34 48 122 25000
34 49 144 25000
34 50 132 25000
34 51 135 25000
35 36 121 25000
35 37 127 25000
35 38 134 25000
35 39 125 25000
35 40 128 25000
35 41 109 25000
35 42 110 25000
35 43 138 25000
35 44 124 25000
35 45 109 25000
35 46 137 25000
35 47 121 25000
35 48 119 25000
35 49 120 25000
35 50 130 25000
35 51 115 25000
36 37 116 25000
36 38 134 25000
36 39 126 25000
36 40 131 25000
36 41 122 25000
36 42 131 25000
36 43 145 25000
36 44 115 25000
36 45 141 25000
36 46 139 25000
36 47 120 25000
36 48 124 25000
36 49 111 25000
36 50 143 25000
36 51 110 25000
37 38 161 25000
37 39 127 25000
37 40 141 25000
37 41 121 25000
37 42 114 25000
37 43 140 25000
37 44 121 25000
37 45 124 25000
37 46 126 25000
37 47 105 25000
37 48 123 25000
37 49 122 25000
37 50 122 25000
37 51 125 25000
38 39 125 25000
38 40 132 25000
38 41 133 25000
38 42 136 25000
38 43 114 25000
38 44 121 25000
38 45 145 25000
38 46 124 25000
38 47 112 25000
38 48 146 25000
38 49 129 25000
38 50 134 25000
38 51 124 25000
39 40 136 25000
39 41 124 25000
39 42 113 25000
39 43 128 25000
39 44 138 25000
39 45 119 25000
39 46 127 25000
39 47 116 25000
39 48 117 25000
39 49 116 25000
39 50 126 25000
39 51 143 25000
40 41 129 25000
40 42 135 25000
40 43 139 25000
40 44 127 25000
40 45 107 25000
40 46 128 25000
40 47 146 25000
40 48 136 25000
40 49 116 25000
40 50 121 25000
40 51 122 25000
41 42 125 25000
41 43 129 25000
41 44 121 25000
41 45 115 25000
41 46 114 25000
41 47 118 25000
41 48 126 25000
41 49 143 25000
41 50 126 25000
41 51 144 25000
42 43 103 25000
42 44 127 25000
42 45 118 25000
42 46 109 25000
42 47 123 25000
42 48 112 25000
42 49 107 25000
42 50 128 25000
42 51 140 25000
43 44 112 25000
43 45 143 25000
43 46 114 25000
43 47 119 25000
43 48 127 25000
43 49 102 25000
43 50 142 25000
43 51 141 25000
44 45 156 25000
44 46 142 25000
44 47 115 25000
44 48 137 25000
44 49 115 25000
44 50 115 25000
44 51 142 25000
45 46 129 25000
45 47 113 25000
45 48 137 25000
45 49 118 25000
45 50 115 25000
45 51 136 25000
46 47 140 25000
46 48 119 25000
46 49 135 25000
46 50 129 25000
46 51 120 25000
47 48 129 25000
47 49 138 25000
47 50 122 25000
47 51 122 25000
48 49 131 25000
48 50 135 25000
48 51 145 25000
49 50 108 25000
49 51 129 25000
50 51 131 25000
