0 1 124 25000
0 2 134 25000
0 3 119 25000
0 4 100 25000
0 5 123 25000
0 6 111 25000
0 7 119 25000
0 8 112 25000
0 9 116 25000
0 10 120 25000
0 11 139 25000
0 12 140 25000
0 13 84 25000
0 14 76 25000
0 15 96 25000
0 16 99 25000
0 17 84 25000
0 18 84 25000
0 19 94 25000
0 20 73 25000
0 21 74 25000
0 22 65 25000
0 23 86 25000
0 24 80 25000
0 25 93 25000
0 26 87 25000
0 27 78 25000
0 28 68 25000
0 29 82 25000
0 30 80 25000
0 31 82 25000
0 32 96 25000
0 33 89 25000
0 34 75 25000
0 35 85 25000
0 36 79 25000
0 37 93 25000
0 38 83 25000
0 39 69 25000
0 40 92 25000
0 41 82 25000
0 42 89 25000
0 43 84 25000
0 44 66 25000
0 45 77 25000
0 46 70 25000
0 47 81 25000
0 48 73 25000
0 49 81 25000
0 50 71 25000
0 51 73 25000
1 2 103 25000
1 3 112 25000
1 4 107 25000
1 5 142 25000
1 6 103 25000
1 7 125 25000
1 8 124 25000
1 9 110 25000
1 10 126 25000
1 11 116 25000
1 12 153 25000
1 13 77 25000
1 14 82 25000
1 15 83 25000
1 16 84 25000
1 17 61 25000
1 18 84 25000
1 19 81 25000
1 20 79 25000
1 21 82 25000
1 22 91 25000
1 23 82 25000
1 24 66 25000
1 25 84 25000
1 26 71 25000
1 27 87 25000
1 28 81 25000
1 29 78 25000
1 30 85 25000
1 31 81 25000
1 32 83 25000
1 33 95 25000
1 34 82 25000
1 35 85 25000
1 36 84 25000
1 37 75 25000
1 38 113 25000
1 39 68 25000
1 40 78 25000
1 41 75 25000
1 42 87 25000
1 43 92 25000
1 44 84 25000
1 45 66 25000
1 46 86 25000
1 47 77 25000
1 48 65 25000
1 49 72 25000
1 50 71 25000
1 51 78 25000
2 3 138 25000
2 4 116 25000
2 5 117 25000
2 6 115 25000
2 7 130 25000
2 8 110 25000
2 9 104 25000
2 10 92 25000
2 11 110 25000
2 12 140 25000
2 13 76 25000
2 14 76 25000
2 15 79 25000
2 16 73 25000
2 17 80 25000
2 18 89 25000
2 19 76 25000
2 20 79 25000
2 21 90 25000
2 22 69 25000
2 23 86 25000
2 24 78 25000
2 25 86 25000
2 26 68 25000
2 27 73 25000
2 28 66 25000
2 29 61 25000
2 30 66 25000
2 31 78 25000
2 32 82 25000
2 33 75 25000
2 34 87 25000
2 35 76 25000
2 36 86 25000
2 37 61 25000
2 38 77 25000
2 39 49 25000
2 40 69 25000
2 41 68 25000
2 42 84 25000
2 43 82 25000
2 44 93 25000
2 45 66 25000
2 46 70 25000
2 47 74 25000
2 48 88 25000
2 49 63 25000
2 50 64 25000
2 51 76 25000
3 4 122 25000
3 5 134 25000
3 6 114 25000
3 7 148 25000
3 8 112 25000
3 9 112 25000
3 10 127 25000
3 11 124 25000
3 12 131 25000
3 13 87 25000
3 14 83 25000
3 15 78 25000
3 16 81 25000
3 17 89 25000
3 18 79 25000
3 19 77 25000
3 20 74 25000
3 21 84 25000
3 22 88 25000
3 23 89 25000
3 24 71 25000
3 25 87 25000
3 26 85 25000
3 27 70 25000
3 28 79 25000
3 29 77 25000
3 30 77 25000
3 31 73 25000
3 32 75 25000
3 33 67 25000
3 34 69 25000
3 35 89 25000
3 36 86 25000
3 37 82 25000
3 38 66 25000
3 39 69 25000
3 40 76 25000
3 41 83 25000
3 42 71 25000
3 43 75 25000
3 44 75 25000
3 45 78 25000
3 46 78 25000
3 47 76 25000
3 48 71 25000
3 49 72 25000
3 50 87 25000
3 51 86 25000
4 5 143 25000
4 6 119 25000
4 7 129 25000
4 8 127 25000
4 9 123 25000
4 10 115 25000
4 11 124 25000
4 12 126 25000
4 13 79 25000
4 14 85 25000
4 15 72 25000
4 16 92 25000
4 17 103 25000
4 18 64 25000
4 19 72 25000
4 20 95 25000
4 21 82 25000
4 22 78 25000
4 23 70 25000
4 24 81 25000
4 25 66 25000
4 26 84 25000
4 27 62 25000
4 28 88 25000
4 29 87 25000
4 30 71 25000
4 31 86 25000
4 32 92 25000
4 33 76 25000
4 34 60 25000
4 35 79 25000
4 36 74 25000
4 37 74 25000
4 38 87 25000
4 39 78 25000
4 40 88 25000
4 41 89 25000
4 42 78 25000
4 43 81 25000
4 44 89 25000
4 45 81 25000
4 46 73 25000
4 47 72 25000
4 48 89 25000
4 49 80 25000
4 50 66 25000
4 51 92 25000
5 6 125 25000
5 7 142 25000
5 8 99 25000
5 9 104 25000
5 10 105 25000
5 11 133 25000
5 12 114 25000
5 13 77 25000
5 14 76 25000
5 15 74 25000
5 16 87 25000
5 17 92 25000
5 18 85 25000
5 19 67 25000
5 20 68 25000
5 21 85 25000
5 22 90 25000
5 23 101 25000
5 24 90 25000
5 25 76 25000
5 26 75 25000
5 27 81 25000
5 28 101 25000
5 29 74 25000
5 30 86 25000
5 31 72 25000
5 32 72 25000
5 33 78 25000
5 34 93 25000
5 35 76 25000
5 36 91 25000
5 37 98 25000
5 38 92 25000
5 39 93 25000
5 40 91 25000
5 41 90 25000
5 42 86 25000
5 43 72 25000
5 44 82 25000
5 45 85 25000
5 46 76 25000
5 47 74 25000
5 48 94 25000
5 49 89 25000
5 50 73 25000
5 51 90 25000
6 7 115 25000
6 8 121 25000
6 9 120 25000
6 10 122 25000
6 11 115 25000
6 12 164 25000
6 13 87 25000
6 14 67 25000
6 15 72 25000
6 16 76 25000
6 17 77 25000
6 18 86 25000
6 19 79 25000
6 20 60 25000
6 21 99 25000
6 22 70 25000
6 23 76 25000
6 24 78 25000
6 25 77 25000
6 26 85 25000
6 27 90 25000
6 28 73 25000
6 29 72 25000
6 30 78 25000
6 31 56 25000
6 32 91 25000
6 33 69 25000
6 34 81 25000
6 35 97 25000
6 36 73 25000
6 37 83 25000
6 38 82 25000
6 39 69 25000
6 40 70 25000
6 41 81 25000
6 42 93 25000
6 43 81 25000
6 44 79 25000
6 45 86 25000
6 46 80 25000
6 47 76 25000
6 48 91 25000
6 49 88 25000
6 50 74 25000
6 51 69 25000
7 8 126 25000
7 9 133 25000
7 10 111 25000
7 11 109 25000
7 12 152 25000
7 13 95 25000
7 14 84 25000
7 15 85 25000
7 16 82 25000
7 17 73 25000
7 18 83 25000
7 19 93 25000
7 20 93 25000
7 21 78 25000
7 22 81 25000
7 23 98 25000
7 24 82 25000
7 25 69 25000
7 26 86 25000
7 27 73 25000
7 28 83 25000
7 29 74 25000
7 30 76 25000
7 31 77 25000
7 32 62 25000
7 33 80 25000
7 34 69 25000
7 35 78 25000
7 36 91 25000
7 37 78 25000
7 38 95 25000
7 39 83 25000
7 40 77 25000
7 41 77 25000
7 42 68 25000
7 43 80 25000
7 44 103 25000
7 45 95 25000
7 46 81 25000
7 47 82 25000
7 48 84 25000
7 49 78 25000
7 50 91 25000
7 51 64 25000
8 9 125 25000
8 10 128 25000
8 11 109 25000
8 12 151 25000
8 13 96 25000
8 14 87 25000
8 15 86 25000
8 16 74 25000
8 17 92 25000
8 18 93 25000
8 19 70 25000
8 20 82 25000
8 21 72 25000
8 22 89 25000
8 23 77 25000
8 24 86 25000
8 25 78 25000
8 26 86 25000
8 27 85 25000
8 28 84 25000
8 29 87 25000
8 30 86 25000
8 31 81 25000
8 32 80 25000
8 33 87 25000
8 34 84 25000
8 35 79 25000
8 36 79 25000
8 37 67 25000
8 38 74 25000
8 39 95 25000
8 40 80 25000
8 41 69 25000
8 42 87 25000
8 43 69 25000
8 44 83 25000
8 45 85 25000
8 46 86 25000
8 47 80 25000
8 48 71 25000
8 49 94 25000
8 50 75 25000
8 51 82 25000
9 10 105 25000
9 11 123 25000
9 12 134 25000
9 13 88 25000
9 14 84 25000
9 15 93 25000
9 16 72 25000
9 17 84 25000
9 18 77 25000
9 19 84 25000
9 20 69 25000
9 21 75 25000
9 22 79 25000
9 23 96 25000
9 24 90 25000
9 25 81 25000
9 26 79 25000
9 27 86 25000
9 28 85 25000
9 29 84 25000
9 30 65 25000
9 31 87 25000
9 32 73 25000
9 33 90 25000
9 34 84 25000
9 35 65 25000
9 36 88 25000
9 37 71 25000
9 38 74 25000
9 39 70 25000
9 40 82 25000
9 41 75 25000
9 42 69 25000
9 43 80 25000
9 44 67 25000
9 45 85 25000
9 46 87 25000
9 47 89 25000
9 48 70 25000
9 49 79 25000
9 50 78 25000
9 51 87 25000
10 11 129 25000
10 12 136 25000
10 13 83 25000
10 14 86 25000
10 15 89 25000
10 16 85 25000
10 17 69 25000
10 18 64 25000
10 19 74 25000
10 20 91 25000
10 21 70 25000
10 22 75 25000
10 23 84 25000
10 24 67 25000
10 25 68 25000
10 26 78 25000
10 27 73 25000
10 28 81 25000
10 29 81 25000
10 30 86 25000
10 31 77 25000
10 32 99 25000
10 33 89 25000
10 34 82 25000
10 35 77 25000
10 36 78 25000
10 37 72 25000
10 38 92 25000
10 39 79 25000
10 40 87 25000
10 41 95 25000
10 42 72 25000
10 43 77 25000
10 44 95 25000
10 45 79 25000
10 46 78 25000
10 47 77 25000
10 48 73 25000
10 49 87 25000
10 50 86 25000
10 51 99 25000
11 12 153 25000
11 13 70 25000
11 14 76 25000
11 15 85 25000
11 16 94 25000
11 17 86 25000
11 18 58 25000
11 19 83 25000
11 20 75 25000
11 21 84 25000
11 22 74 25000
11 23 71 25000
11 24 76 25000
11 25 80 25000
11 26 86 25000
11 27 72 25000
11 28 75 25000
11 29 67 25000
11 30 88 25000
11 31 90 25000
11 32 79 25000
11 33 67 25000
11 34 75 25000
11 35 83 25000
11 36 92 25000
11 37 76 25000
11 38 83 25000
11 39 73 25000
11 40 58 25000
11 41 70 25000
11 42 66 25000
11 43 73 25000
11 44 80 25000
11 45 94 25000
11 46 74 25000
11 47 76 25000
11 48 60 25000
11 49 73 25000
11 50 84 25000
11 51 92 25000
12 13 134 25000
12 14 140 25000
12 15 141 25000
12 16 122 25000
12 17 122 25000
12 18 143 25000
12 19 130 25000
12 20 134 25000
12 21 144 25000
12 22 151 25000
12 23 137 25000
12 24 137 25000
12 25 107 25000
12 26 128 25000
12 27 125 25000
12 28 127 25000
12 29 132 25000
12 30 128 25000
12 31 116 25000
12 32 127 25000
12 33 115 25000
12 34 108 25000
12 35 143 25000
12 36 131 25000
12 37 122 25000
12 38 123 25000
12 39 147 25000
12 40 132 25000
12 41 118 25000
12 42 129 25000
12 43 139 25000
12 44 118 25000
12 45 137 25000
12 46 121 25000
12 47 120 25000
12 48 131 25000
12 49 114 25000
12 50 120 25000
12 51 146 25000
13 14 78 25000
13 15 83 25000
13 16 84 25000
13 17 81 25000
13 18 102 25000
13 19 89 25000
13 20 89 25000
13 21 82 25000
13 22 89 25000
13 23 91 25000
13 24 82 25000
13 25 80 25000
13 26 91 25000
13 27 89 25000
13 28 89 25000
13 29 81 25000
13 30 94 25000
13 31 79 25000
13 32 93 25000
13 33 73 25000
13 34 75 25000
13 35 82 25000
13 36 98 25000
13 37 71 25000
13 38 83 25000
13 39 77 25000
13 40 102 25000
13 41 100 25000
13 42 90 25000
13 43 83 25000
13 44 71 25000
13 45 80 25000
13 46 79 25000
13 47 78 25000
13 48 104 25000
13 49 77 25000
13 50 100 25000
13 51 81 25000
14 15 82 25000
14 16 78 25000
14 17 93 25000
14 18 89 25000
14 19 76 25000
14 20 82 25000
14 21 88 25000
14 22 78 25000
14 23 81 25000
14 24 83 25000
14 25 63 25000
14 26 75 25000
14 27 69 25000
14 28 93 25000
14 29 99 25000
14 30 92 25000
14 31 71 25000
14 32 76 25000
14 33 82 25000
14 34 95 25000
14 35 96 25000
14 36 79 25000
14 37 85 25000
14 38 82 25000
14 39 74 25000
14 40 66 25000
14 41 90 25000
14 42 68 25000
14 43 94 25000
14 44 83 25000
14 45 86 25000
14 46 75 25000
14 47 82 25000
14 48 81 25000
14 49 101 25000
14 50 87 25000
14 51 70 25000
15 16 88 25000
15 17 89 25000
15 18 95 25000
15 19 81 25000
15 20 94 25000
15 21 84 25000
15 22 104 25000
15 23 76 25000
15 24 92 25000
15 25 84 25000
15 26 72 25000
15 27 86 25000
15 28 99 25000
15 29 92 25000
15 30 97 25000
15 31 95 25000
15 32 82 25000
15 33 78 25000
15 34 82 25000
15 35 77 25000
15 36 86 25000
15 37 74 25000
15 38 75 25000
15 39 89 25000
15 40 58 25000
15 41 87 25000
15 42 95 25000
15 43 82 25000
15 44 73 25000
15 45 95 25000
15 46 91 25000
15 47 94 25000
15 48 115 25000
15 49 88 25000
15 50 100 25000
15 51 82 25000
16 17 74 25000
16 18 87 25000
16 19 81 25000
16 20 94 25000
16 21 82 25000
16 22 76 25000
16 23 88 25000
16 24 74 25000
16 25 85 25000
16 26 82 25000
16 27 64 25000
16 28 79 25000
16 29 86 25000
16 30 96 25000
16 31 75 25000
16 32 103 25000
16 33 103 25000
16 34 102 25000
16 35 91 25000
16 36 92 25000
16 37 87 25000
16 38 88 25000
16 39 79 25000
16 40 75 25000
16 41 79 25000
16 42 88 25000
16 43 67 25000
16 44 90 25000
16 45 89 25000
16 46 89 25000
16 47 109 25000
16 48 85 25000
16 49 66 25000
16 50 76 25000
16 51 72 25000
17 18 97 25000
17 19 80 25000
17 20 89 25000
17 21 80 25000
17 22 83 25000
17 23 84 25000
17 24 75 25000
17 25 101 25000
17 26 96 25000
17 27 79 25000
17 28 94 25000
17 29 94 25000
17 30 77 25000
17 31 90 25000
17 32 73 25000
17 33 88 25000
17 34 91 25000
17 35 103 25000
17 36 83 25000
17 37 97 25000
17 38 65 25000
17 39 70 25000
17 40 87 25000
17 41 99 25000
17 42 64 25000
17 43 101 25000
17 44 85 25000
17 45 105 25000
17 46 122 25000
17 47 69 25000
17 48 84 25000
17 49 93 25000
17 50 79 25000
17 51 73 25000
18 19 88 25000
18 20 96 25000
18 21 81 25000
18 22 72 25000
18 23 100 25000
18 24 73 25000
18 25 94 25000
18 26 86 25000
18 27 70 25000
18 28 88 25000
18 29 93 25000
18 30 96 25000
18 31 85 25000
18 32 79 25000
18 33 100 25000
18 34 91 25000
18 35 84 25000
18 36 105 25000
18 37 104 25000
18 38 90 25000
18 39 79 25000
18 40 96 25000
18 41 99 25000
18 42 65 25000
18 43 82 25000
18 44 73 25000
18 45 88 25000
18 46 69 25000
18 47 94 25000
18 48 89 25000
18 49 89 25000
18 50 75 25000
18 51 70 25000
19 20 80 25000
19 21 92 25000
19 22 89 25000
19 23 92 25000
19 24 77 25000
19 25 75 25000
19 26 98 25000
19 27 77 25000
19 28 58 25000
19 29 91 25000
19 30 75 25000
19 31 77 25000
19 32 87 25000
19 33 68 25000
19 34 76 25000
19 35 90 25000
19 36 82 25000
19 37 88 25000
19 38 85 25000
19 39 70 25000
19 40 83 25000
19 41 84 25000
19 42 79 25000
19 43 71 25000
19 44 96 25000
19 45 82 25000
19 46 87 25000
19 47 74 25000
19 48 80 25000
19 49 77 25000
19 50 59 25000
19 51 76 25000
20 21 84 25000
20 22 83 25000
20 23 71 25000
20 24 94 25000
20 25 94 25000
20 26 86 25000
20 27 76 25000
20 28 97 25000
20 29 87 25000
20 30 90 25000
20 31 81 25000
20 32 72 25000
20 33 80 25000
20 34 81 25000
20 35 91 25000
20 36 70 25000
20 37 78 25000
20 38 92 25000
20 39 75 25000
20 40 84 25000
20 41 81 25000
20 42 57 25000
20 43 124 25000
20 44 82 25000
20 45 83 25000
20 46 76 25000
20 47 75 25000
20 48 81 25000
20 49 77 25000
20 50 76 25000
20 51 82 25000
21 22 75 25000
21 23 78 25000
21 24 91 25000
21 25 86 25000
21 26 84 25000
21 27 70 25000
21 28 77 25000
21 29 76 25000
21 30 101 25000
21 31 94 25000
21 32 81 25000
21 33 96 25000
21 34 94 25000
21 35 94 25000
21 36 89 25000
21 37 78 25000
21 38 83 25000
21 39 87 25000
21 40 80 25000
21 41 88 25000
21 42 98 25000
21 43 92 25000
21 44 84 25000
21 45 73 25000
21 46 91 25000
21 47 78 25000
21 48 79 25000
21 49 82 25000
21 50 69 25000
21 51 76 25000
22 23 106 25000
22 24 70 25000
22 25 81 25000
22 26 85 25000
22 27 80 25000
22 28 78 25000
22 29 87 25000
22 30 78 25000
22 31 90 25000
22 32 108 25000
22 33 77 25000
22 34 79 25000
22 35 80 25000
22 36 84 25000
22 37 108 25000
22 38 94 25000
22 39 85 25000
22 40 81 25000
22 41 101 25000
22 42 86 25000
22 43 79 25000
22 44 93 25000
22 45 97 25000
22 46 88 25000
22 47 77 25000
22 48 75 25000
22 49 96 25000
22 50 91 25000
22 51 84 25000
23 24 82 25000
23 25 68 25000
23 26 76 25000
23 27 72 25000
23 28 101 25000
23 29 92 25000
23 30 79 25000
23 31 79 25000
23 32 84 25000
23 33 67 25000
23 34 109 25000
23 35 78 25000
23 36 78 25000
23 37 86 25000
23 38 68 25000
23 39 93 25000
23 40 113 25000
23 41 59 25000
23 42 67 25000
23 43 68 25000
23 44 86 25000
23 45 89 25000
23 46 95 25000
23 47 80 25000
23 48 75 25000
23 49 88 25000
23 50 86 25000
23 51 69 25000
24 25 75 25000
24 26 77 25000
24 27 101 25000
24 28 79 25000
24 29 80 25000
24 30 77 25000
24 31 81 25000
24 32 77 25000
24 33 92 25000
24 34 78 25000
24 35 70 25000
24 36 78 25000
24 37 75 25000
24 38 78 25000
24 39 85 25000
24 40 86 25000
24 41 71 25000
24 42 89 25000
24 43 80 25000
24 44 72 25000
24 45 74 25000
24 46 83 25000
24 47 68 25000
24 48 108 25000
24 49 83 25000
24 50 86 25000
24 51 74 25000
25 26 77 25000
25 27 81 25000
25 28 93 25000
25 29 84 25000
25 30 88 25000
25 31 84 25000
25 32 101 25000
25 33 82 25000
25 34 77 25000
25 35 86 25000
25 36 99 25000
25 37 81 25000
25 38 110 25000
25 39 82 25000
25 40 63 25000
25 41 79 25000
25 42 76 25000
25 43 86 25000
25 44 84 25000
25 45 77 25000
25 46 79 25000
25 47 84 25000
25 48 79 25000
25 49 83 25000
25 50 65 25000
25 51 119 25000
26 27 74 25000
26 28 80 25000
26 29 57 25000
26 30 71 25000
26 31 73 25000
26 32 79 25000
26 33 73 25000
26 34 68 25000
26 35 90 25000
26 36 72 25000
26 37 86 25000
26 38 75 25000
26 39 92 25000
26 40 84 25000
26 41 82 25000
26 42 76 25000
26 43 82 25000
26 44 98 25000
26 45 93 25000
26 46 83 25000
26 47 68 25000
26 48 82 25000
26 49 77 25000
26 50 68 25000
26 51 72 25000
27 28 87 25000
27 29 82 25000
27 30 67 25000
27 31 91 25000
27 32 66 25000
27 33 83 25000
27 34 89 25000
27 35 91 25000
27 36 109 25000
27 37 91 25000
27 38 85 25000
27 39 80 25000
27 40 75 25000
27 41 60 25000
27 42 68 25000
27 43 70 25000
27 44 80 25000
27 45 79 25000
27 46 83 25000
27 47 73 25000
27 48 68 25000
27 49 88 25000
27 50 101 25000
27 51 62 25000
28 29 74 25000
28 30 85 25000
28 31 79 25000
28 32 85 25000
28 33 88 25000
28 34 93 25000
28 35 92 25000
28 36 73 25000
28 37 73 25000
28 38 79 25000
28 39 78 25000
28 40 73 25000
28 41 74 25000
28 42 74 25000
28 43 90 25000
28 44 79 25000
28 45 88 25000
28 46 87 25000
28 47 83 25000
28 48 78 25000
28 49 77 25000
28 50 67 25000
28 51 72 25000
29 30 75 25000
29 31 80 25000
29 32 85 25000
29 33 79 25000
29 34 84 25000
29 35 78 25000
29 36 77 25000
29 37 75 25000
29 38 95 25000
29 39 66 25000
29 40 96 25000
29 41 90 25000
29 42 76 25000
29 43 77 25000
29 44 90 25000
29 45 84 25000
29 46 83 25000
29 47 76 25000
29 48 72 25000
29 49 84 25000
29 50 84 25000
29 51 80 25000
30 31 94 25000
30 32 74 25000
30 33 96 25000
30 34 94 25000
30 35 68 25000
30 36 67 25000
30 37 93 25000
30 38 79 25000
30 39 91 25000
30 40 74 25000
30 41 77 25000
30 42 85 25000
30 43 87 25000
30 44 81 25000
30 45 71 25000
30 46 77 25000
30 47 99 25000
30 48 78 25000
30 49 80 25000
30 50 92 25000
30 51 76 25000
31 32 82 25000
31 33 87 25000
31 34 90 25000
31 35 78 25000
31 36 84 25000
31 37 77 25000
31 38 82 25000
31 39 94 25000
31 40 82 25000
31 41 70 25000
31 42 76 25000
31 43 79 25000
31 44 81 25000
31 45 76 25000
31 46 82 25000
31 47 91 25000
31 48 88 25000
31 49 65 25000
31 50 75 25000
31 51 74 25000
32 33 78 25000
32 34 75 25000
32 35 81 25000
32 36 88 25000
32 37 82 25000
32 38 93 25000
32 39 76 25000
32 40 85 25000
32 41 93 25000
32 42 89 25000
32 43 73 25000
32 44 70 25000
32 45 93 25000
32 46 73 25000
32 47 83 25000
32 48 92 25000
32 49 80 25000
32 50 85 25000
32 51 76 25000
33 34 94 25000
33 35 73 25000
33 36 87 25000
33 37 81 25000
33 38 88 25000
33 39 86 25000
33 40 88 25000
33 41 82 25000
33 42 83 25000
33 43 86 25000
33 44 92 25000
33 45 85 25000
33 46 80 25000
33 47 65 25000
33 48 75 25000
33 49 78 25000
33 50 88 25000
33 51 58 25000
34 35 93 25000
34 36 81 25000
34 37 76 25000
34 38 93 25000
34 39 67 25000
34 40 87 25000
34 41 79 25000
34 42 85 25000
34 43 80 25000
34 44 84 25000
34 45 101 25000
34 46 84 25000
34 47 81 25000
34 48 80 25000
34 49 80 25000
34 50 90 25000
34 51 79 25000
35 36 87 25000
35 37 70 25000
35 38 100 25000
35 39 82 25000
35 40 96 25000
35 41 84 25000
35 42 78 25000
35 43 91 25000
35 44 76 25000
35 45 66 25000
35 46 73 25000
35 47 85 25000
35 48 84 25000
35 49 63 25000
35 50 91 25000
35 51 57 25000
36 37 89 25000
36 38 82 25000
36 39 108 25000
36 40 87 25000
36 41 73 25000
36 42 74 25000
36 43 77 25000
36 44 94 25000
36 45 69 25000
36 46 83 25000
36 47 74 25000
36 48 94 25000
36 49 86 25000
36 50 110 25000
36 51 89 25000
37 38 82 25000
37 39 79 25000
37 40 80 25000
37 41 90 25000
37 42 103 25000
37 43 104 25000
37 44 101 25000
37 45 86 25000
37 46 93 25000
37 47 86 25000
37 48 82 25000
37 49 79 25000
37 50 82 25000
37 51 82 25000
38 39 86 25000
38 40 72 25000
38 41 76 25000
38 42 72 25000
38 43 85 25000
38 44 91 25000
38 45 79 25000
38 46 79 25000
38 47 59 25000
38 48 84 25000
38 49 87 25000
38 50 91 25000
38 51 110 25000
39 40 84 25000
39 41 82 25000
39 42 93 25000
39 43 80 25000
39 44 77 25000
39 45 67 25000
39 46 74 25000
39 47 74 25000
39 48 86 25000
39 49 83 25000
39 50 77 25000
39 51 76 25000
40 41 78 25000
40 42 85 25000
40 43 78 25000
40 44 66 25000
40 45 82 25000
40 46 94 25000
40 47 85 25000
40 48 91 25000
40 49 84 25000
40 50 75 25000
40 51 78 25000
41 42 81 25000
41 43 88 25000
41 44 79 25000
41 45 75 25000
41 46 73 25000
41 47 80 25000
41 48 67 25000
41 49 70 25000
41 50 63 25000
41 51 80 25000
42 43 81 25000
42 44 89 25000
42 45 88 25000
42 46 83 25000
42 47 71 25000
42 48 82 25000
42 49 73 25000
42 50 80 25000
42 51 72 25000
43 44 96 25000
43 45 72 25000
43 46 62 25000
43 47 87 25000
43 48 84 25000
43 49 84 25000
43 50 87 25000
43 51 81 25000
44 45 92 25000
44 46 88 25000
44 47 97 25000
44 48 88 25000
44 49 81 25000
44 50 79 25000
44 51 91 25000
45 46 87 25000
45 47 87 25000
45 48 77 25000
45 49 82 25000
45 50 69 25000
45 51 83 25000
46 47 79 25000
46 48 73 25000
46 49 83 25000
46 50 70 25000
46 51 80 25000
47 48 70 25000
47 49 87 25000
47 50 75 25000
47 51 88 25000
48 49 89 25000
48 50 74 25000
48 51 89 25000
49 50 91 25000
49 51 81 25000
50 51 77 25000
