0 1 123 25000
0 2 133 25000
0 3 134 25000
0 4 107 25000
0 5 120 25000
0 6 118 25000
0 7 123 25000
0 8 111 25000
0 9 123 25000
0 10 126 25000
0 11 128 25000
0 12 156 25000
0 13 131 25000
0 14 120 25000
0 15 134 25000
0 16 132 25000
0 17 127 25000
0 18 129 25000
0 19 117 25000
0 20 108 25000
0 21 132 25000
0 22 109 25000
0 23 141 25000
0 24 132 25000
0 25 143 25000
0 26 122 25000
0 27 125 25000
0 28 118 25000
0 29 131 25000
0 30 129 25000
0 31 121 25000
0 32 142 25000
0 33 135 25000
0 34 120 25000
0 35 127 25000
0 36 108 25000
0 37 123 25000
0 38 122 25000
0 39 109 25000
0 40 129 25000
0 41 142 25000
0 42 128 25000
0 43 121 25000
0 44 110 25000
0 45 105 25000
0 46 123 25000
0 47 112 25000
0 48 103 25000
0 49 138 25000
0 50 123 25000
0 51 121 25000
1 2 125 25000
1 3 119 25000
1 4 134 25000
1 5 111 25000
1 6 117 25000
1 7 117 25000
1 8 127 25000
1 9 115 25000
1 10 135 25000
1 11 124 25000
1 12 146 25000
1 13 111 25000
1 14 121 25000
1 15 135 25000
1 16 122 25000
1 17 126 25000
1 18 119 25000
1 19 116 25000
1 20 123 25000
1 21 112 25000
1 22 129 25000
1 23 138 25000
1 24 130 25000
1 25 130 25000
1 26 100 25000
1 27 153 25000
1 28 119 25000
1 29 122 25000
1 30 130 25000
1 31 114 25000
1 32 130 25000
1 33 107 25000
1 34 133 25000
1 35 105 25000
1 36 127 25000
1 37 104 25000
1 38 154 25000
1 39 116 25000
1 40 122 25000
1 41 127 25000
1 42 131 25000
1 43 122 25000
1 44 111 25000
1 45 116 25000
1 46 130 25000
1 47 122 25000
1 48 123 25000
1 49 133 25000
1 50 112 25000
1 51 111 25000
2 3 145 25000
2 4 129 25000
2 5 131 25000
2 6 120 25000
2 7 142 25000
2 8 121 25000
2 9 118 25000
2 10 126 25000
2 11 129 25000
2 12 133 25000
2 13 109 25000
2 14 131 25000
2 15 117 25000
2 16 126 25000
2 17 135 25000
2 18 134 25000
2 19 120 25000
2 20 119 25000
2 21 130 25000
2 22 110 25000
2 23 116 25000
2 24 123 25000
2 25 134 25000
2 26 108 25000
2 27 143 25000
2 28 133 25000
2 29 111 25000
2 30 111 25000
2 31 118 25000
2 32 129 25000
2 33 122 25000
2 34 122 25000
2 35 119 25000
2 36 126 25000
2 37 102 25000
2 38 118 25000
2 39 108 25000
2 40 106 25000
2 41 126 25000
2 42 133 25000
2 43 135 25000
2 44 163 25000
2 45 103 25000
2 46 122 25000
2 47 110 25000
2 48 118 25000
2 49 113 25000
2 50 107 25000
2 51 137 25000
3 4 136 25000
3 5 122 25000
3 6 110 25000
3 7 143 25000
3 8 133 25000
3 9 124 25000
3 10 132 25000
3 11 114 25000
3 12 120 25000
3 13 145 25000
3 14 129 25000
3 15 118 25000
3 16 130 25000
3 17 123 25000
3 18 126 25000
3 19 115 25000
3 20 125 25000
3 21 111 25000
3 22 140 25000
3 23 129 25000
3 24 120 25000
3 25 132 25000
3 26 126 25000
3 27 117 25000
3 28 121 25000
3 29 107 25000
3 30 122 25000
3 31 124 25000
3 32 109 25000
3 33 102 25000
3 34 120 25000
3 35 138 25000
3 36 126 25000
3 37 118 25000
3 38 141 25000
3 39 109 25000
3 40 121 25000
3 41 126 25000
3 42 107 25000
3 43 112 25000
3 44 116 25000
3 45 123 25000
3 46 132 25000
3 47 117 25000
3 48 115 25000
3 49 109 25000
3 50 132 25000
3 51 139 25000
4 5 146 25000
4 6 121 25000
4 7 151 25000
4 8 134 25000
4 9 122 25000
4 10 131 25000
4 11 135 25000
4 12 124 25000
4 13 130 25000
4 14 128 25000
4 15 127 25000
4 16 145 25000
4 17 141 25000
4 18 129 25000
4 19 121 25000
4 20 117 25000
4 21 121 25000
4 22 121 25000
4 23 114 25000
4 24 129 25000
4 25 111 25000
4 26 109 25000
4 27 115 25000
4 28 161 25000
4 29 121 25000
4 30 123 25000
4 31 121 25000
4 32 127 25000
4 33 97 25000
4 34 110 25000
4 35 130 25000
4 36 118 25000
4 37 105 25000
4 38 142 25000
4 39 96 25000
4 40 119 25000
4 41 117 25000
4 42 117 25000
4 43 137 25000
4 44 119 25000
4 45 110 25000
4 46 112 25000
4 47 131 25000
4 48 127 25000
4 49 121 25000
4 50 118 25000
4 51 128 25000
5 6 122 25000
5 7 128 25000
5 8 119 25000
5 9 122 25000
5 10 120 25000
5 11 123 25000
5 12 131 25000
5 13 134 25000
5 14 109 25000
5 15 108 25000
5 16 126 25000
5 17 125 25000
5 18 116 25000
5 19 109 25000
5 20 106 25000
5 21 116 25000
5 22 131 25000
5 23 133 25000
5 24 126 25000
5 25 120 25000
5 26 124 25000
5 27 103 25000
5 28 130 25000
5 29 130 25000
5 30 150 25000
5 31 129 25000
5 32 107 25000
5 33 129 25000
5 34 136 25000
5 35 107 25000
5 36 141 25000
5 37 120 25000
5 38 140 25000
5 39 146 25000
5 40 135 25000
5 41 114 25000
5 42 127 25000
5 43 115 25000
5 44 119 25000
5 45 127 25000
5 46 107 25000
5 47 141 25000
5 48 150 25000
5 49 123 25000
5 50 114 25000
5 51 134 25000
6 7 133 25000
6 8 129 25000
6 9 121 25000
6 10 149 25000
6 11 118 25000
6 12 139 25000
6 13 134 25000
6 14 120 25000
6 15 132 25000
6 16 105 25000
6 17 130 25000
6 18 121 25000
6 19 116 25000
6 20 100 25000
6 21 137 25000
6 22 122 25000
6 23 120 25000
6 24 122 25000
6 25 141 25000
6 26 129 25000
6 27 147 25000
6 28 128 25000
6 29 113 25000
6 30 123 25000
6 31 119 25000
6 32 117 25000
6 33 125 25000
6 34 115 25000
6 35 134 25000
6 36 132 25000
6 37 132 25000
6 38 126 25000
6 39 123 25000
6 40 120 25000
6 41 118 25000
6 42 126 25000
6 43 128 25000
6 44 126 25000
6 45 128 25000
6 46 120 25000
6 47 129 25000
6 48 117 25000
6 49 110 25000
6 50 109 25000
6 51 115 25000
7 8 151 25000
7 9 146 25000
7 10 114 25000
7 11 112 25000
7 12 147 25000
7 13 130 25000
7 14 131 25000
7 15 121 25000
7 16 132 25000
7 17 131 25000
7 18 108 25000
7 19 141 25000
7 20 136 25000
7 21 124 25000
7 22 123 25000
7 23 142 25000
7 24 130 25000
7 25 112 25000
7 26 119 25000
7 27 102 25000
7 28 163 25000
7 29 130 25000
7 30 142 25000
7 31 128 25000
7 32 127 25000
7 33 117 25000
7 34 122 25000
7 35 126 25000
7 36 132 25000
7 37 124 25000
7 38 144 25000
7 39 106 25000
7 40 107 25000
7 41 130 25000
7 42 97 25000
7 43 124 25000
7 44 124 25000
7 45 138 25000
7 46 113 25000
7 47 120 25000
7 48 118 25000
7 49 123 25000
7 50 114 25000
7 51 126 25000
8 9 132 25000
8 10 129 25000
8 11 112 25000
8 12 154 25000
8 13 130 25000
8 14 131 25000
8 15 133 25000
8 16 119 25000
8 17 121 25000
8 18 135 25000
8 19 125 25000
8 20 111 25000
8 21 130 25000
8 22 133 25000
8 23 112 25000
8 24 127 25000
8 25 113 25000
8 26 119 25000
8 27 117 25000
8 28 120 25000
8 29 125 25000
8 30 130 25000
8 31 130 25000
8 32 113 25000
8 33 129 25000
8 34 137 25000
8 35 122 25000
8 36 132 25000
8 37 132 25000
8 38 112 25000
8 39 128 25000
8 40 110 25000
8 41 125 25000
8 42 117 25000
8 43 114 25000
8 44 122 25000
8 45 115 25000
8 46 129 25000
8 47 116 25000
8 48 126 25000
8 49 135 25000
8 50 92 25000
8 51 137 25000
9 10 142 25000
9 11 125 25000
9 12 131 25000
9 13 146 25000
9 14 113 25000
9 15 134 25000
9 16 125 25000
9 17 150 25000
9 18 117 25000
9 19 121 25000
9 20 115 25000
9 21 119 25000
9 22 126 25000
9 23 133 25000
9 24 129 25000
9 25 125 25000
9 26 121 25000
9 27 114 25000
9 28 130 25000
9 29 115 25000
9 30 110 25000
9 31 133 25000
9 32 126 25000
9 33 119 25000
9 34 129 25000
9 35 120 25000
9 36 122 25000
9 37 126 25000
9 38 110 25000
9 39 111 25000
9 40 114 25000
9 41 116 25000
9 42 129 25000
9 43 129 25000
9 44 108 25000
9 45 133 25000
9 46 139 25000
9 47 132 25000
9 48 136 25000
9 49 98 25000
9 50 133 25000
9 51 135 25000
10 11 119 25000
10 12 127 25000
10 13 118 25000
10 14 119 25000
10 15 125 25000
10 16 126 25000
10 17 124 25000
10 18 115 25000
10 19 140 25000
10 20 129 25000
10 21 107 25000
10 22 111 25000
10 23 132 25000
10 24 125 25000
10 25 120 25000
10 26 114 25000
10 27 111 25000
10 28 108 25000
10 29 128 25000
10 30 144 25000
10 31 118 25000
10 32 119 25000
10 33 116 25000
10 34 122 25000
10 35 116 25000
10 36 111 25000
10 37 130 25000
10 38 115 25000
10 39 124 25000
10 40 127 25000
10 41 145 25000
10 42 108 25000
10 43 109 25000
10 44 150 25000
10 45 115 25000
10 46 123 25000
10 47 111 25000
10 48 106 25000
10 49 133 25000
10 50 118 25000
10 51 145 25000
11 12 139 25000
11 13 115 25000
11 14 128 25000
11 15 120 25000
11 16 138 25000
11 17 115 25000
11 18 116 25000
11 19 133 25000
11 20 148 25000
11 21 116 25000
11 22 111 25000
11 23 107 25000
11 24 115 25000
11 25 135 25000
11 26 114 25000
11 27 133 25000
11 28 123 25000
11 29 115 25000
11 30 126 25000
11 31 135 25000
11 32 122 25000
11 33 121 25000
11 34 128 25000
11 35 137 25000
11 36 123 25000
11 37 104 25000
11 38 129 25000
11 39 118 25000
11 40 116 25000
11 41 126 25000
11 42 122 25000
11 43 120 25000
11 44 106 25000
11 45 124 25000
11 46 107 25000
11 47 125 25000
11 48 115 25000
11 49 135 25000
11 50 122 25000
11 51 119 25000
12 13 133 25000
12 14 124 25000
12 15 139 25000
12 16 143 25000
12 17 125 25000
12 18 126 25000
12 19 145 25000
12 20 137 25000
12 21 134 25000
12 22 135 25000
12 23 131 25000
12 24 115 25000
12 25 119 25000
12 26 117 25000
12 27 135 25000
12 28 128 25000
12 29 127 25000
12 30 140 25000
12 31 132 25000
12 32 129 25000
12 33 134 25000
12 34 111 25000
12 35 138 25000
12 36 132 25000
12 37 118 25000
12 38 139 25000
12 39 126 25000
12 40 119 25000
12 41 123 25000
12 42 138 25000
12 43 141 25000
12 44 125 25000
12 45 124 25000
12 46 134 25000
12 47 133 25000
12 48 131 25000
12 49 127 25000
12 50 119 25000
12 51 119 25000
13 14 128 25000
13 15 142 25000
13 16 131 25000
13 17 116 25000
13 18 141 25000
13 19 141 25000
13 20 129 25000
13 21 139 25000
13 22 126 25000
13 23 133 25000
13 24 121 25000
13 25 145 25000
13 26 131 25000
13 27 121 25000
13 28 134 25000
13 29 123 25000
13 30 140 25000
13 31 110 25000
13 32 147 25000
13 33 133 25000
13 34 117 25000
13 35 133 25000
13 36 124 25000
13 37 120 25000
13 38 154 25000
13 39 130 25000
13 40 128 25000
13 41 118 25000
13 42 134 25000
13 43 106 25000
13 44 122 25000
13 45 136 25000
13 46 119 25000
13 47 120 25000
13 48 136 25000
13 49 118 25000
13 50 130 25000
13 51 126 25000
14 15 128 25000
14 16 124 25000
14 17 145 25000
14 18 141 25000
14 19 119 25000
14 20 129 25000
14 21 143 25000
14 22 118 25000
14 23 115 25000
14 24 144 25000
14 25 122 25000
14 26 138 25000
14 27 109 25000
14 28 120 25000
14 29 126 25000
14 30 134 25000
14 31 107 25000
14 32 117 25000
14 33 106 25000
14 34 123 25000
14 35 117 25000
14 36 118 25000
14 37 129 25000
14 38 124 25000
14 39 142 25000
14 40 125 25000
14 41 121 25000
14 42 116 25000
14 43 117 25000
14 44 101 25000
14 45 114 25000
14 46 123 25000
14 47 128 25000
14 48 120 25000
14 49 126 25000
14 50 123 25000
14 51 126 25000
15 16 109 25000
15 17 155 25000
15 18 139 25000
15 19 127 25000
15 20 140 25000
15 21 128 25000
15 22 147 25000
15 23 131 25000
15 24 145 25000
15 25 134 25000
15 26 123 25000
15 27 132 25000
15 28 124 25000
15 29 123 25000
15 30 138 25000
15 31 123 25000
15 32 104 25000
15 33 125 25000
15 34 123 25000
15 35 124 25000
15 36 120 25000
15 37 116 25000
15 38 121 25000
15 39 138 25000
15 40 90 25000
15 41 126 25000
15 42 128 25000
15 43 119 25000
15 44 120 25000
15 45 129 25000
15 46 123 25000
15 47 111 25000
15 48 121 25000
15 49 125 25000
15 50 111 25000
15 51 127 25000
16 17 124 25000
16 18 112 25000
16 19 142 25000
16 20 155 25000
16 21 144 25000
16 22 113 25000
16 23 139 25000
16 24 99 25000
16 25 118 25000
16 26 129 25000
16 27 107 25000
16 28 131 25000
16 29 130 25000
16 30 137 25000
16 31 122 25000
16 32 139 25000
16 33 125 25000
16 34 147 25000
16 35 130 25000
16 36 130 25000
16 37 117 25000
16 38 127 25000
16 39 140 25000
16 40 113 25000
16 41 108 25000
16 42 140 25000
16 43 114 25000
16 44 135 25000
16 45 135 25000
16 46 125 25000
16 47 125 25000
16 48 132 25000
16 49 112 25000
16 50 121 25000
16 51 136 25000
17 18 131 25000
17 19 144 25000
17 20 115 25000
17 21 127 25000
17 22 105 25000
17 23 147 25000
17 24 115 25000
17 25 150 25000
17 26 121 25000
17 27 117 25000
17 28 130 25000
17 29 141 25000
17 30 126 25000
17 31 139 25000
17 32 127 25000
17 33 128 25000
17 34 131 25000
17 35 112 25000
17 36 133 25000
17 37 116 25000
17 38 117 25000
17 39 104 25000
17 40 129 25000
17 41 137 25000
17 42 124 25000
17 43 126 25000
17 44 124 25000
17 45 145 25000
17 46 143 25000
17 47 98 25000
17 48 131 25000
17 49 140 25000
17 50 100 25000
17 51 112 25000
18 19 130 25000
18 20 144 25000
18 21 130 25000
18 22 152 25000
18 23 137 25000
18 24 128 25000
18 25 132 25000
18 26 115 25000
18 27 135 25000
18 28 140 25000
18 29 122 25000
18 30 131 25000
18 31 118 25000
18 32 136 25000
18 33 125 25000
18 34 119 25000
18 35 122 25000
18 36 152 25000
18 37 111 25000
18 38 132 25000
18 39 131 25000
18 40 130 25000
18 41 126 25000
18 42 108 25000
18 43 120 25000
18 44 122 25000
18 45 118 25000
18 46 127 25000
18 47 110 25000
18 48 131 25000
18 49 127 25000
18 50 114 25000
18 51 123 25000
19 20 124 25000
19 21 139 25000
19 22 131 25000
19 23 145 25000
19 24 141 25000
19 25 119 25000
19 26 109 25000
19 27 132 25000
19 28 112 25000
19 29 124 25000
19 30 108 25000
19 31 120 25000
19 32 101 25000
19 33 101 25000
19 34 118 25000
19 35 131 25000
19 36 126 25000
19 37 112 25000
19 38 138 25000
19 39 119 25000
19 40 122 25000
19 41 128 25000
19 42 119 25000
19 43 114 25000
19 44 112 25000
19 45 143 25000
19 46 134 25000
19 47 116 25000
19 48 113 25000
19 49 120 25000
19 50 116 25000
19 51 131 25000
20 21 134 25000
20 22 132 25000
20 23 127 25000
20 24 122 25000
20 25 131 25000
20 26 122 25000
20 27 145 25000
20 28 94 25000
20 29 118 25000
20 30 116 25000
20 31 134 25000
20 32 114 25000
20 33 132 25000
20 34 125 25000
20 35 126 25000
20 36 136 25000
20 37 126 25000
20 38 137 25000
20 39 133 25000
20 40 116 25000
20 41 121 25000
20 42 104 25000
20 43 152 25000
20 44 137 25000
20 45 119 25000
20 46 114 25000
20 47 112 25000
20 48 112 25000
20 49 123 25000
20 50 115 25000
20 51 133 25000
21 22 129 25000
21 23 128 25000
21 24 143 25000
21 25 132 25000
21 26 125 25000
21 27 117 25000
21 28 110 25000
21 29 139 25000
21 30 133 25000
21 31 132 25000
21 32 122 25000
21 33 143 25000
21 34 131 25000
21 35 115 25000
21 36 130 25000
21 37 128 25000
21 38 130 25000
21 39 116 25000
21 40 132 25000
21 41 116 25000
21 42 132 25000
21 43 134 25000
21 44 126 25000
21 45 128 25000
21 46 151 25000
21 47 142 25000
21 48 114 25000
21 49 116 25000
21 50 122 25000
21 51 127 25000
22 23 149 25000
22 24 125 25000
22 25 143 25000
22 26 146 25000
22 27 104 25000
22 28 116 25000
22 29 131 25000
22 30 130 25000
22 31 124 25000
22 32 130 25000
22 33 117 25000
22 34 123 25000
22 35 122 25000
22 36 124 25000
22 37 146 25000
22 38 132 25000
22 39 116 25000
22 40 120 25000
22 41 113 25000
22 42 133 25000
22 43 144 25000
22 44 164 25000
22 45 147 25000
22 46 112 25000
22 47 127 25000
22 48 124 25000
22 49 134 25000
22 50 125 25000
22 51 128 25000
23 24 140 25000
23 25 121 25000
23 26 118 25000
23 27 122 25000
23 28 132 25000
23 29 117 25000
23 30 140 25000
23 31 123 25000
23 32 121 25000
23 33 109 25000
23 34 145 25000
23 35 125 25000
23 36 126 25000
23 37 123 25000
23 38 108 25000
23 39 134 25000
23 40 125 25000
23 41 98 25000
23 42 123 25000
23 43 121 25000
23 44 128 25000
23 45 128 25000
23 46 127 25000
23 47 126 25000
23 48 112 25000
23 49 125 25000
23 50 113 25000
23 51 126 25000
24 25 140 25000
24 26 123 25000
24 27 120 25000
24 28 113 25000
24 29 128 25000
24 30 116 25000
24 31 112 25000
24 32 123 25000
24 33 140 25000
24 34 116 25000
24 35 108 25000
24 36 113 25000
24 37 109 25000
24 38 119 25000
24 39 125 25000
24 40 120 25000
24 41 120 25000
24 42 122 25000
24 43 132 25000
24 44 127 25000
24 45 133 25000
24 46 136 25000
24 47 140 25000
24 48 133 25000
24 49 117 25000
24 50 107 25000
24 51 107 25000
25 26 129 25000
25 27 133 25000
25 28 156 25000
25 29 104 25000
25 30 116 25000
25 31 131 25000
25 32 133 25000
25 33 138 25000
25 34 121 25000
25 35 112 25000
25 36 137 25000
25 37 123 25000
25 38 131 25000
25 39 129 25000
25 40 116 25000
25 41 110 25000
25 42 132 25000
25 43 119 25000
25 44 127 25000
25 45 136 25000
25 46 113 25000
25 47 125 25000
25 48 128 25000
25 49 127 25000
25 50 120 25000
25 51 152 25000
26 27 113 25000
26 28 121 25000
26 29 114 25000
26 30 132 25000
26 31 116 25000
26 32 150 25000
26 33 115 25000
26 34 116 25000
26 35 129 25000
26 36 118 25000
26 37 138 25000
26 38 128 25000
26 39 144 25000
26 40 119 25000
26 41 111 25000
26 42 121 25000
26 43 139 25000
26 44 142 25000
26 45 127 25000
26 46 111 25000
26 47 116 25000
26 48 122 25000
26 49 128 25000
26 50 102 25000
26 51 114 25000
27 28 123 25000
27 29 113 25000
27 30 115 25000
27 31 141 25000
27 32 106 25000
27 33 122 25000
27 34 116 25000
27 35 130 25000
27 36 142 25000
27 37 106 25000
27 38 134 25000
27 39 102 25000
27 40 123 25000
27 41 95 25000
27 42 108 25000
27 43 110 25000
27 44 114 25000
27 45 116 25000
27 46 117 25000
27 47 111 25000
27 48 125 25000
27 49 120 25000
27 50 118 25000
27 51 118 25000
28 29 132 25000
28 30 134 25000
28 31 127 25000
28 32 123 25000
28 33 121 25000
28 34 138 25000
28 35 124 25000
28 36 125 25000
28 37 118 25000
28 38 134 25000
28 39 133 25000
28 40 115 25000
28 41 109 25000
28 42 127 25000
28 43 107 25000
28 44 118 25000
28 45 130 25000
28 46 125 25000
28 47 136 25000
28 48 129 25000
28 49 101 25000
28 50 118 25000
28 51 125 25000
29 30 122 25000
29 31 128 25000
29 32 141 25000
29 33 133 25000
29 34 115 25000
29 35 131 25000
29 36 136 25000
29 37 106 25000
29 38 158 25000
29 39 112 25000
29 40 128 25000
29 41 125 25000
29 42 117 25000
29 43 116 25000
29 44 121 25000
29 45 135 25000
29 46 111 25000
29 47 122 25000
29 48 115 25000
29 49 129 25000
29 50 118 25000
29 51 124 25000
30 31 154 25000
30 32 141 25000
30 33 136 25000
30 34 137 25000
30 35 118 25000
30 36 111 25000
30 37 116 25000
30 38 129 25000
30 39 135 25000
30 40 100 25000
30 41 142 25000
30 42 105 25000
30 43 135 25000
30 44 122 25000
30 45 115 25000
30 46 110 25000
30 47 132 25000
30 48 132 25000
30 49 120 25000
30 50 148 25000
30 51 134 25000
31 32 124 25000
31 33 150 25000
31 34 145 25000
31 35 118 25000
31 36 126 25000
31 37 135 25000
31 38 134 25000
31 39 136 25000
31 40 124 25000
31 41 104 25000
31 42 133 25000
31 43 135 25000
31 44 109 25000
31 45 116 25000
31 46 134 25000
31 47 125 25000
31 48 121 25000
31 49 109 25000
31 50 129 25000
31 51 126 25000
32 33 137 25000
32 34 130 25000
32 35 128 25000
32 36 126 25000
32 37 139 25000
32 38 148 25000
32 39 115 25000
32 40 120 25000
32 41 118 25000
32 42 126 25000
32 43 117 25000
32 44 118 25000
32 45 135 25000
32 46 110 25000
32 47 126 25000
32 48 105 25000
32 49 122 25000
32 50 131 25000
32 51 131 25000
33 34 140 25000
33 35 107 25000
33 36 128 25000
33 37 125 25000
33 38 135 25000
33 39 135 25000
33 40 133 25000
33 41 120 25000
33 42 120 25000
33 43 123 25000
33 44 143 25000
33 45 105 25000
33 46 116 25000
33 47 104 25000
33 48 115 25000
33 49 124 25000
33 50 116 25000
33 51 139 25000
34 35 140 25000
34 36 138 25000
34 37 127 25000
34 38 137 25000
34 39 115 25000
34 40 115 25000
34 41 125 25000
34 42 118 25000
34 43 126 25000
34 44 120 25000
34 45 147 25000
34 46 118 25000
34 47 112 25000
34 48 125 25000
34 49 126 25000
34 50 131 25000
34 51 109 25000
35 36 145 25000
35 37 115 25000
35 38 136 25000
35 39 120 25000
35 40 122 25000
35 41 151 25000
35 42 92 25000
35 43 128 25000
35 44 122 25000
35 45 131 25000
35 46 104 25000
35 47 116 25000
35 48 123 25000
35 49 107 25000
35 50 125 25000
35 51 125 25000
36 37 132 25000
36 38 122 25000
36 39 139 25000
36 40 127 25000
36 41 110 25000
36 42 110 25000
36 43 105 25000
36 44 144 25000
36 45 118 25000
36 46 145 25000
36 47 121 25000
36 48 123 25000
36 49 123 25000
36 50 124 25000
36 51 131 25000
37 38 160 25000
37 39 112 25000
37 40 124 25000
37 41 126 25000
37 42 131 25000
37 43 121 25000
37 44 133 25000
37 45 128 25000
37 46 120 25000
37 47 142 25000
37 48 138 25000
37 49 118 25000
37 50 142 25000
37 51 127 25000
38 39 121 25000
38 40 115 25000
38 41 121 25000
38 42 123 25000
38 43 127 25000
38 44 130 25000
38 45 143 25000
38 46 119 25000
38 47 135 25000
38 48 138 25000
38 49 144 25000
38 50 139 25000
38 51 133 25000
39 40 122 25000
39 41 132 25000
39 42 123 25000
39 43 113 25000
39 44 109 25000
39 45 110 25000
39 46 121 25000
39 47 114 25000
39 48 134 25000
39 49 119 25000
39 50 133 25000
39 51 145 25000
40 41 134 25000
40 42 140 25000
40 43 121 25000
40 44 107 25000
40 45 119 25000
40 46 145 25000
40 47 114 25000
40 48 131 25000
40 49 118 25000
40 50 114 25000
40 51 128 25000
41 42 117 25000
41 43 144 25000
41 44 132 25000
41 45 115 25000
41 46 125 25000
41 47 118 25000
41 48 114 25000
41 49 123 25000
41 50 93 25000
41 51 134 25000
42 43 109 25000
42 44 141 25000
42 45 122 25000
42 46 138 25000
42 47 106 25000
42 48 140 25000
42 49 113 25000
42 50 119 25000
42 51 120 25000
43 44 146 25000
43 45 113 25000
43 46 106 25000
43 47 137 25000
43 48 132 25000
43 49 117 25000
43 50 126 25000
43 51 127 25000
44 45 137 25000
44 46 145 25000
44 47 134 25000
44 48 132 25000
44 49 128 25000
44 50 118 25000
44 51 137 25000
45 46 130 25000
45 47 141 25000
45 48 118 25000
45 49 139 25000
45 50 126 25000
45 51 152 25000
46 47 121 25000
46 48 115 25000
46 49 127 25000
46 50 127 25000
46 51 140 25000
47 48 114 25000
47 49 135 25000
47 50 108 25000
47 51 136 25000
48 49 144 25000
48 50 131 25000
48 51 132 25000
49 50 117 25000
49 51 131 25000
50 51 149 25000
