0 1 100 25000
0 2 97 25000
0 3 107 25000
0 4 93 25000
0 5 98 25000
0 6 94 25000
0 7 96 25000
0 8 84 25000
0 9 110 25000
0 10 102 25000
0 11 99 25000
0 12 75 25000
0 13 99 25000
0 14 101 25000
0 15 82 25000
0 16 93 25000
0 17 79 25000
0 18 84 25000
0 19 89 25000
0 20 100 25000
0 21 80 25000
0 22 91 25000
0 23 85 25000
0 24 84 25000
0 25 76 25000
0 26 83 25000
0 27 72 25000
0 28 90 25000
0 29 68 25000
0 30 92 25000
0 31 72 25000
0 32 82 25000
0 33 87 25000
0 34 92 25000
0 35 80 25000
0 36 63 25000
0 37 87 25000
0 38 71 25000
0 39 83 25000
0 40 88 25000
0 41 88 25000
0 42 80 25000
0 43 80 25000
0 44 88 25000
0 45 86 25000
0 46 83 25000
0 47 88 25000
0 48 88 25000
0 49 79 25000
0 50 80 25000
0 51 81 25000
1 2 89 25000
1 3 101 25000
1 4 85 25000
1 5 103 25000
1 6 85 25000
1 7 81 25000
1 8 86 25000
1 9 102 25000
1 10 87 25000
1 11 108 25000
1 12 109 25000
1 13 77 25000
1 14 83 25000
1 15 94 25000
1 16 84 25000
1 17 78 25000
1 18 78 25000
1 19 88 25000
1 20 78 25000
1 21 84 25000
1 22 93 25000
1 23 87 25000
1 24 85 25000
1 25 69 25000
1 26 69 25000
1 27 88 25000
1 28 78 25000
1 29 87 25000
1 30 88 25000
1 31 72 25000
1 32 95 25000
1 33 89 25000
1 34 88 25000
1 35 75 25000
1 36 83 25000
1 37 75 25000
1 38 77 25000
1 39 67 25000
1 40 78 25000
1 41 94 25000
1 42 88 25000
1 43 92 25000
1 44 73 25000
1 45 80 25000
1 46 77 25000
1 47 72 25000
1 48 90 25000
1 49 85 25000
1 50 90 25000
1 51 78 25000
2 3 95 25000
2 4 97 25000
2 5 102 25000
2 6 100 25000
2 7 104 25000
2 8 116 25000
2 9 129 25000
2 10 98 25000
2 11 107 25000
2 12 116 25000
2 13 91 25000
2 14 93 25000
2 15 94 25000
2 16 92 25000
2 17 94 25000
2 18 103 25000
2 19 102 25000
2 20 76 25000
2 21 84 25000
2 22 89 25000
2 23 91 25000
2 24 82 25000
2 25 93 25000
2 26 105 25000
2 27 79 25000
2 28 85 25000
2 29 93 25000
2 30 102 25000
2 31 88 25000
2 32 93 25000
2 33 96 25000
2 34 67 25000
2 35 83 25000
2 36 100 25000
2 37 81 25000
2 38 88 25000
2 39 105 25000
2 40 95 25000
2 41 93 25000
2 42 99 25000
2 43 90 25000
2 44 79 25000
2 45 75 25000
2 46 88 25000
2 47 85 25000
2 48 79 25000
2 49 74 25000
2 50 91 25000
2 51 85 25000
3 4 94 25000
3 5 102 25000
3 6 103 25000
3 7 96 25000
3 8 85 25000
3 9 120 25000
3 10 99 25000
3 11 94 25000
3 12 87 25000
3 13 107 25000
3 14 83 25000
3 15 113 25000
3 16 84 25000
3 17 105 25000
3 18 99 25000
3 19 90 25000
3 20 76 25000
3 21 91 25000
3 22 85 25000
3 23 79 25000
3 24 74 25000
3 25 93 25000
3 26 91 25000
3 27 87 25000
3 28 75 25000
3 29 100 25000
3 30 71 25000
3 31 88 25000
3 32 62 25000
3 33 92 25000
3 34 81 25000
3 35 88 25000
3 36 80 25000
3 37 69 25000
3 38 88 25000
3 39 85 25000
3 40 87 25000
3 41 96 25000
3 42 89 25000
3 43 93 25000
3 44 84 25000
3 45 73 25000
3 46 75 25000
3 47 90 25000
3 48 79 25000
3 49 94 25000
3 50 85 25000
3 51 84 25000
4 5 103 25000
4 6 91 25000
4 7 98 25000
4 8 81 25000
4 9 110 25000
4 10 98 25000
4 11 99 25000
4 12 104 25000
4 13 83 25000
4 14 71 25000
4 15 82 25000
4 16 75 25000
4 17 88 25000
4 18 83 25000
4 19 99 25000
4 20 72 25000
4 21 90 25000
4 22 78 25000
4 23 91 25000
4 24 109 25000
4 25 81 25000
4 26 94 25000
4 27 72 25000
4 28 80 25000
4 29 65 25000
4 30 94 25000
4 31 90 25000
4 32 80 25000
4 33 70 25000
4 34 97 25000
4 35 81 25000
4 36 90 25000
4 37 85 25000
4 38 82 25000
4 39 86 25000
4 40 82 25000
4 41 98 25000
4 42 87 25000
4 43 90 25000
4 44 79 25000
4 45 94 25000
4 46 63 25000
4 47 72 25000
4 48 82 25000
4 49 88 25000
4 50 88 25000
4 51 85 25000
5 6 101 25000
5 7 104 25000
5 8 106 25000
5 9 101 25000
5 10 95 25000
5 11 83 25000
5 12 99 25000
5 13 88 25000
5 14 95 25000
5 15 114 25000
5 16 97 25000
5 17 74 25000
5 18 96 25000
5 19 89 25000
5 20 78 25000
5 21 77 25000
5 22 82 25000
5 23 106 25000
5 24 82 25000
5 25 85 25000
5 26 80 25000
5 27 77 25000
5 28 97 25000
5 29 79 25000
5 30 81 25000
5 31 86 25000
5 32 83 25000
5 33 74 25000
5 34 87 25000
5 35 93 25000
5 36 81 25000
5 37 103 25000
5 38 110 25000
5 39 85 25000
5 40 95 25000
5 41 86 25000
5 42 95 25000
5 43 97 25000
5 44 85 25000
5 45 94 25000
5 46 88 25000
5 47 76 25000
5 48 80 25000
5 49 84 25000
5 50 89 25000
5 51 94 25000
6 7 94 25000
6 8 78 25000
6 9 121 25000
6 10 103 25000
6 11 88 25000
6 12 103 25000
6 13 91 25000
6 14 85 25000
6 15 93 25000
6 16 71 25000
6 17 77 25000
6 18 95 25000
6 19 82 25000
6 20 88 25000
6 21 100 25000
6 22 97 25000
6 23 90 25000
6 24 96 25000
6 25 87 25000
6 26 86 25000
6 27 81 25000
6 28 108 25000
6 29 94 25000
6 30 97 25000
6 31 76 25000
6 32 70 25000
6 33 87 25000
6 34 83 25000
6 35 77 25000
6 36 85 25000
6 37 82 25000
6 38 83 25000
6 39 83 25000
6 40 81 25000
6 41 96 25000
6 42 85 25000
6 43 88 25000
6 44 93 25000
6 45 88 25000
6 46 75 25000
6 47 95 25000
6 48 95 25000
6 49 90 25000
6 50 77 25000
6 51 95 25000
7 8 91 25000
7 9 109 25000
7 10 81 25000
7 11 96 25000
7 12 116 25000
7 13 97 25000
7 14 91 25000
7 15 78 25000
7 16 97 25000
7 17 85 25000
7 18 82 25000
7 19 92 25000
7 20 93 25000
7 21 88 25000
7 22 86 25000
7 23 93 25000
7 24 97 25000
7 25 78 25000
7 26 70 25000
7 27 75 25000
7 28 89 25000
7 29 72 25000
7 30 66 25000
7 31 79 25000
7 32 73 25000
7 33 65 25000
7 34 79 25000
7 35 91 25000
7 36 91 25000
7 37 73 25000
7 38 92 25000
7 39 100 25000
7 40 88 25000
7 41 80 25000
7 42 74 25000
7 43 79 25000
7 44 93 25000
7 45 92 25000
7 46 96 25000
7 47 88 25000
7 48 77 25000
7 49 69 25000
7 50 80 25000
7 51 83 25000
8 9 101 25000
8 10 79 25000
8 11 126 25000
8 12 106 25000
8 13 88 25000
8 14 73 25000
8 15 82 25000
8 16 82 25000
8 17 78 25000
8 18 85 25000
8 19 89 25000
8 20 81 25000
8 21 84 25000
8 22 100 25000
8 23 79 25000
8 24 81 25000
8 25 92 25000
8 26 77 25000
8 27 88 25000
8 28 85 25000
8 29 71 25000
8 30 86 25000
8 31 99 25000
8 32 73 25000
8 33 72 25000
8 34 83 25000
8 35 82 25000
8 36 86 25000
8 37 87 25000
8 38 80 25000
8 39 83 25000
8 40 80 25000
8 41 107 25000
8 42 71 25000
8 43 72 25000
8 44 93 25000
8 45 91 25000
8 46 84 25000
8 47 73 25000
8 48 87 25000
8 49 72 25000
8 50 89 25000
8 51 93 25000
9 10 115 25000
9 11 101 25000
9 12 89 25000
9 13 90 25000
9 14 106 25000
9 15 93 25000
9 16 82 25000
9 17 88 25000
9 18 90 25000
9 19 96 25000
9 20 87 25000
9 21 84 25000
9 22 92 25000
9 23 98 25000
9 24 89 25000
9 25 74 25000
9 26 102 25000
9 27 89 25000
9 28 104 25000
9 29 87 25000
9 30 90 25000
9 31 74 25000
9 32 75 25000
9 33 77 25000
9 34 85 25000
9 35 88 25000
9 36 86 25000
9 37 79 25000
9 38 77 25000
9 39 89 25000
9 40 99 25000
9 41 92 25000
9 42 73 25000
9 43 86 25000
9 44 84 25000
9 45 98 25000
9 46 96 25000
9 47 105 25000
9 48 88 25000
9 49 100 25000
9 50 76 25000
9 51 91 25000
10 11 102 25000
10 12 115 25000
10 13 72 25000
10 14 83 25000
10 15 105 25000
10 16 76 25000
10 17 76 25000
10 18 88 25000
10 19 81 25000
10 20 94 25000
10 21 84 25000
10 22 76 25000
10 23 75 25000
10 24 92 25000
10 25 90 25000
10 26 91 25000
10 27 79 25000
10 28 88 25000
10 29 69 25000
10 30 92 25000
10 31 79 25000
10 32 66 25000
10 33 79 25000
10 34 78 25000
10 35 81 25000
10 36 65 25000
10 37 88 25000
10 38 84 25000
10 39 88 25000
10 40 80 25000
10 41 69 25000
10 42 88 25000
10 43 85 25000
10 44 89 25000
10 45 83 25000
10 46 80 25000
10 47 88 25000
10 48 65 25000
10 49 89 25000
10 50 77 25000
10 51 78 25000
11 12 111 25000
11 13 86 25000
11 14 82 25000
11 15 92 25000
11 16 79 25000
11 17 94 25000
11 18 91 25000
11 19 87 25000
11 20 81 25000
11 21 86 25000
11 22 75 25000
11 23 94 25000
11 24 66 25000
11 25 84 25000
11 26 70 25000
11 27 76 25000
11 28 73 25000
11 29 113 25000
11 30 91 25000
11 31 90 25000
11 32 72 25000
11 33 77 25000
11 34 87 25000
11 35 88 25000
11 36 108 25000
11 37 77 25000
11 38 81 25000
11 39 86 25000
11 40 91 25000
11 41 98 25000
11 42 87 25000
11 43 90 25000
11 44 68 25000
11 45 73 25000
11 46 99 25000
11 47 102 25000
11 48 86 25000
11 49 88 25000
11 50 92 25000
11 51 82 25000
12 13 71 25000
12 14 77 25000
12 15 95 25000
12 16 83 25000
12 17 90 25000
12 18 70 25000
12 19 83 25000
12 20 91 25000
12 21 88 25000
12 22 75 25000
12 23 76 25000
12 24 92 25000
12 25 82 25000
12 26 73 25000
12 27 89 25000
12 28 83 25000
12 29 77 25000
12 30 87 25000
12 31 82 25000
12 32 59 25000
12 33 68 25000
12 34 89 25000
12 35 88 25000
12 36 75 25000
12 37 81 25000
12 38 101 25000
12 39 80 25000
12 40 69 25000
12 41 108 25000
12 42 80 25000
12 43 86 25000
12 44 74 25000
12 45 89 25000
12 46 84 25000
12 47 78 25000
12 48 95 25000
12 49 90 25000
12 50 94 25000
12 51 72 25000
13 14 90 25000
13 15 72 25000
13 16 112 25000
13 17 93 25000
13 18 96 25000
13 19 93 25000
13 20 90 25000
13 21 91 25000
13 22 92 25000
13 23 121 25000
13 24 102 25000
13 25 92 25000
13 26 87 25000
13 27 98 25000
13 28 88 25000
13 29 104 25000
13 30 75 25000
13 31 95 25000
13 32 80 25000
13 33 80 25000
13 34 73 25000
13 35 86 25000
13 36 84 25000
13 37 87 25000
13 38 98 25000
13 39 65 25000
13 40 89 25000
13 41 79 25000
13 42 78 25000
13 43 86 25000
13 44 82 25000
13 45 83 25000
13 46 69 25000
13 47 74 25000
13 48 97 25000
13 49 82 25000
13 50 85 25000
13 51 78 25000
14 15 110 25000
14 16 105 25000
14 17 101 25000
14 18 98 25000
14 19 85 25000
14 20 94 25000
14 21 105 25000
14 22 105 25000
14 23 85 25000
14 24 90 25000
14 25 116 25000
14 26 84 25000
14 27 92 25000
14 28 103 25000
14 29 81 25000
14 30 109 25000
14 31 74 25000
14 32 83 25000
14 33 95 25000
14 34 84 25000
14 35 88 25000
14 36 102 25000
14 37 76 25000
14 38 96 25000
14 39 87 25000
14 40 76 25000
14 41 88 25000
14 42 93 25000
14 43 80 25000
14 44 74 25000
14 45 92 25000
14 46 82 25000
14 47 77 25000
14 48 108 25000
14 49 86 25000
14 50 72 25000
14 51 107 25000
15 16 95 25000
15 17 97 25000
15 18 82 25000
15 19 101 25000
15 20 74 25000
15 21 102 25000
15 22 81 25000
15 23 96 25000
15 24 104 25000
15 25 106 25000
15 26 87 25000
15 27 73 25000
15 28 90 25000
15 29 83 25000
15 30 78 25000
15 31 90 25000
15 32 78 25000
15 33 94 25000
15 34 79 25000
15 35 96 25000
15 36 90 25000
15 37 87 25000
15 38 81 25000
15 39 78 25000
15 40 92 25000
15 41 76 25000
15 42 108 25000
15 43 72 25000
15 44 93 25000
15 45 80 25000
15 46 65 25000
15 47 69 25000
15 48 99 25000
15 49 82 25000
15 50 80 25000
15 51 75 25000
16 17 110 25000
16 18 94 25000
16 19 100 25000
16 20 99 25000
16 21 96 25000
16 22 100 25000
16 23 109 25000
16 24 111 25000
16 25 108 25000
16 26 94 25000
16 27 99 25000
16 28 81 25000
16 29 79 25000
16 30 100 25000
16 31 89 25000
16 32 82 25000
16 33 102 25000
16 34 80 25000
16 35 83 25000
16 36 90 25000
16 37 93 25000
16 38 79 25000
16 39 73 25000
16 40 93 25000
16 41 91 25000
16 42 82 25000
16 43 78 25000
16 44 96 25000
16 45 94 25000
16 46 69 25000
16 47 75 25000
16 48 84 25000
16 49 92 25000
16 50 76 25000
16 51 94 25000
17 18 107 25000
17 19 90 25000
17 20 93 25000
17 21 104 25000
17 22 111 25000
17 23 100 25000
17 24 94 25000
17 25 90 25000
17 26 84 25000
17 27 76 25000
17 28 85 25000
17 29 81 25000
17 30 91 25000
17 31 91 25000
17 32 83 25000
17 33 94 25000
17 34 73 25000
17 35 79 25000
17 36 92 25000
17 37 96 25000
17 38 94 25000
17 39 97 25000
17 40 96 25000
17 41 101 25000
17 42 91 25000
17 43 81 25000
17 44 91 25000
17 45 85 25000
17 46 84 25000
17 47 92 25000
17 48 92 25000
17 49 68 25000
17 50 71 25000
17 51 91 25000
18 19 100 25000
18 20 90 25000
18 21 103 25000
18 22 101 25000
18 23 98 25000
18 24 113 25000
18 25 92 25000
18 26 76 25000
18 27 74 25000
18 28 81 25000
18 29 87 25000
18 30 77 25000
18 31 84 25000
18 32 95 25000
18 33 89 25000
18 34 86 25000
18 35 78 25000
18 36 84 25000
18 37 77 25000
18 38 98 25000
18 39 83 25000
18 40 81 25000
18 41 86 25000
18 42 76 25000
18 43 83 25000
18 44 84 25000
18 45 95 25000
18 46 86 25000
18 47 94 25000
18 48 88 25000
18 49 83 25000
18 50 96 25000
18 51 77 25000
19 20 88 25000
19 21 102 25000
19 22 89 25000
19 23 102 25000
19 24 88 25000
19 25 95 25000
19 26 96 25000
19 27 68 25000
19 28 91 25000
19 29 91 25000
19 30 72 25000
19 31 71 25000
19 32 70 25000
19 33 80 25000
19 34 79 25000
19 35 76 25000
19 36 88 25000
19 37 72 25000
19 38 84 25000
19 39 81 25000
19 40 86 25000
19 41 90 25000
19 42 81 25000
19 43 78 25000
19 44 90 25000
19 45 80 25000
19 46 75 25000
19 47 78 25000
19 48 80 25000
19 49 80 25000
19 50 82 25000
19 51 71 25000
20 21 82 25000
20 22 101 25000
20 23 85 25000
20 24 107 25000
20 25 83 25000
20 26 98 25000
20 27 74 25000
20 28 95 25000
20 29 75 25000
20 30 95 25000
20 31 94 25000
20 32 74 25000
20 33 86 25000
20 34 90 25000
20 35 85 25000
20 36 75 25000
20 37 78 25000
20 38 62 25000
20 39 84 25000
20 40 74 25000
20 41 98 25000
20 42 70 25000
20 43 75 25000
20 44 87 25000
20 45 80 25000
20 46 100 25000
20 47 90 25000
20 48 76 25000
20 49 75 25000
20 50 83 25000
20 51 85 25000
21 22 91 25000
21 23 101 25000
21 24 86 25000
21 25 97 25000
21 26 73 25000
21 27 91 25000
21 28 92 25000
21 29 87 25000
21 30 79 25000
21 31 77 25000
21 32 76 25000
21 33 79 25000
21 34 74 25000
21 35 86 25000
21 36 84 25000
21 37 80 25000
21 38 97 25000
21 39 91 25000
21 40 90 25000
21 41 83 25000
21 42 93 25000
21 43 78 25000
21 44 71 25000
21 45 90 25000
21 46 91 25000
21 47 75 25000
21 48 80 25000
21 49 82 25000
21 50 100 25000
21 51 86 25000
22 23 106 25000
22 24 119 25000
22 25 108 25000
22 26 85 25000
22 27 85 25000
22 28 95 25000
22 29 95 25000
22 30 82 25000
22 31 91 25000
22 32 78 25000
22 33 92 25000
22 34 76 25000
22 35 82 25000
22 36 82 25000
22 37 77 25000
22 38 89 25000
22 39 89 25000
22 40 85 25000
22 41 74 25000
22 42 68 25000
22 43 91 25000
22 44 90 25000
22 45 85 25000
22 46 84 25000
22 47 83 25000
22 48 83 25000
22 49 80 25000
22 50 90 25000
22 51 95 25000
23 24 80 25000
23 25 98 25000
23 26 82 25000
23 27 82 25000
23 28 69 25000
23 29 84 25000
23 30 87 25000
23 31 75 25000
23 32 71 25000
23 33 90 25000
23 34 84 25000
23 35 91 25000
23 36 85 25000
23 37 93 25000
23 38 102 25000
23 39 88 25000
23 40 95 25000
23 41 75 25000
23 42 81 25000
23 43 64 25000
23 44 75 25000
23 45 75 25000
23 46 89 25000
23 47 81 25000
23 48 78 25000
23 49 73 25000
23 50 100 25000
23 51 75 25000
24 25 105 25000
24 26 83 25000
24 27 101 25000
24 28 85 25000
24 29 88 25000
24 30 97 25000
24 31 89 25000
24 32 77 25000
24 33 96 25000
24 34 86 25000
24 35 86 25000
24 36 89 25000
24 37 84 25000
24 38 100 25000
24 39 85 25000
24 40 94 25000
24 41 86 25000
24 42 98 25000
24 43 82 25000
24 44 87 25000
24 45 78 25000
24 46 79 25000
24 47 98 25000
24 48 75 25000
24 49 88 25000
24 50 86 25000
24 51 85 25000
25 26 97 25000
25 27 87 25000
25 28 89 25000
25 29 81 25000
25 30 88 25000
25 31 73 25000
25 32 75 25000
25 33 95 25000
25 34 97 25000
25 35 89 25000
25 36 72 25000
25 37 95 25000
25 38 95 25000
25 39 78 25000
25 40 80 25000
25 41 102 25000
25 42 87 25000
25 43 71 25000
25 44 82 25000
25 45 69 25000
25 46 91 25000
25 47 72 25000
25 48 94 25000
25 49 94 25000
25 50 77 25000
25 51 87 25000
26 27 84 25000
26 28 97 25000
26 29 91 25000
26 30 102 25000
26 31 86 25000
26 32 80 25000
26 33 91 25000
26 34 82 25000
26 35 127 25000
26 36 106 25000
26 37 105 25000
26 38 85 25000
26 39 83 25000
26 40 98 25000
26 41 107 25000
26 42 71 25000
26 43 87 25000
26 44 88 25000
26 45 96 25000
26 46 79 25000
26 47 90 25000
26 48 99 25000
26 49 82 25000
26 50 68 25000
26 51 89 25000
27 28 92 25000
27 29 93 25000
27 30 102 25000
27 31 99 25000
27 32 97 25000
27 33 98 25000
27 34 98 25000
27 35 99 25000
27 36 98 25000
27 37 87 25000
27 38 109 25000
27 39 75 25000
27 40 80 25000
27 41 81 25000
27 42 79 25000
27 43 89 25000
27 44 76 25000
27 45 84 25000
27 46 91 25000
27 47 87 25000
27 48 70 25000
27 49 99 25000
27 50 74 25000
27 51 69 25000
28 29 100 25000
28 30 100 25000
28 31 89 25000
28 32 94 25000
28 33 100 25000
28 34 100 25000
28 35 90 25000
28 36 100 25000
28 37 109 25000
28 38 103 25000
28 39 84 25000
28 40 89 25000
28 41 101 25000
28 42 98 25000
28 43 84 25000
28 44 88 25000
28 45 88 25000
28 46 86 25000
28 47 89 25000
28 48 90 25000
28 49 81 25000
28 50 94 25000
28 51 91 25000
29 30 108 25000
29 31 95 25000
29 32 81 25000
29 33 114 25000
29 34 81 25000
29 35 89 25000
29 36 110 25000
29 37 98 25000
29 38 102 25000
29 39 77 25000
29 40 97 25000
29 41 77 25000
29 42 100 25000
29 43 84 25000
29 44 85 25000
29 45 83 25000
29 46 89 25000
29 47 102 25000
29 48 102 25000
29 49 100 25000
29 50 86 25000
29 51 94 25000
30 31 107 25000
30 32 85 25000
30 33 105 25000
30 34 98 25000
30 35 96 25000
30 36 75 25000
30 37 88 25000
30 38 90 25000
30 39 95 25000
30 40 83 25000
30 41 98 25000
30 42 96 25000
30 43 90 25000
30 44 87 25000
30 45 92 25000
30 46 78 25000
30 47 88 25000
30 48 83 25000
30 49 79 25000
30 50 84 25000
30 51 93 25000
31 32 83 25000
31 33 82 25000
31 34 95 25000
31 35 107 25000
31 36 93 25000
31 37 96 25000
31 38 101 25000
31 39 79 25000
31 40 78 25000
31 41 87 25000
31 42 67 25000
31 43 88 25000
31 44 75 25000
31 45 79 25000
31 46 79 25000
31 47 87 25000
31 48 76 25000
31 49 67 25000
31 50 77 25000
31 51 82 25000
32 33 103 25000
32 34 67 25000
32 35 95 25000
32 36 91 25000
32 37 90 25000
32 38 109 25000
32 39 82 25000
32 40 75 25000
32 41 78 25000
32 42 102 25000
32 43 78 25000
32 44 75 25000
32 45 74 25000
32 46 88 25000
32 47 75 25000
32 48 83 25000
32 49 75 25000
32 50 105 25000
32 51 77 25000
33 34 113 25000
33 35 97 25000
33 36 101 25000
33 37 107 25000
33 38 106 25000
33 39 87 25000
33 40 95 25000
33 41 81 25000
33 42 88 25000
33 43 87 25000
33 44 91 25000
33 45 82 25000
33 46 75 25000
33 47 84 25000
33 48 110 25000
33 49 92 25000
33 50 88 25000
33 51 83 25000
34 35 87 25000
34 36 88 25000
34 37 101 25000
34 38 85 25000
34 39 76 25000
34 40 83 25000
34 41 88 25000
34 42 72 25000
34 43 82 25000
34 44 66 25000
34 45 71 25000
34 46 69 25000
34 47 76 25000
34 48 88 25000
34 49 87 25000
34 50 85 25000
34 51 84 25000
35 36 107 25000
35 37 111 25000
35 38 100 25000
35 39 85 25000
35 40 104 25000
35 41 89 25000
35 42 75 25000
35 43 89 25000
35 44 86 25000
35 45 75 25000
35 46 83 25000
35 47 89 25000
35 48 92 25000
35 49 75 25000
35 50 91 25000
35 51 83 25000
36 37 87 25000
36 38 89 25000
36 39 86 25000
36 40 101 25000
36 41 86 25000
36 42 97 25000
36 43 99 25000
36 44 77 25000
36 45 94 25000
36 46 89 25000
36 47 76 25000
36 48 85 25000
36 49 76 25000
36 50 91 25000
36 51 87 25000
37 38 114 25000
37 39 72 25000
37 40 96 25000
37 41 84 25000
37 42 85 25000
37 43 92 25000
37 44 85 25000
37 45 74 25000
37 46 77 25000
37 47 94 25000
37 48 93 25000
37 49 88 25000
37 50 99 25000
37 51 93 25000
38 39 92 25000
38 40 101 25000
38 41 86 25000
38 42 91 25000
38 43 86 25000
38 44 75 25000
38 45 91 25000
38 46 86 25000
38 47 76 25000
38 48 105 25000
38 49 94 25000
38 50 89 25000
38 51 89 25000
39 40 99 25000
39 41 100 25000
39 42 88 25000
39 43 82 25000
39 44 94 25000
39 45 75 25000
39 46 91 25000
39 47 97 25000
39 48 84 25000
39 49 86 25000
39 50 96 25000
39 51 91 25000
40 41 94 25000
40 42 92 25000
40 43 101 25000
40 44 94 25000
40 45 92 25000
40 46 93 25000
40 47 103 25000
40 48 86 25000
40 49 88 25000
40 50 101 25000
40 51 91 25000
41 42 117 25000
41 43 95 25000
41 44 86 25000
41 45 91 25000
41 46 96 25000
41 47 88 25000
41 48 95 25000
41 49 101 25000
41 50 89 25000
41 51 105 25000
42 43 80 25000
42 44 90 25000
42 45 93 25000
42 46 95 25000
42 47 97 25000
42 48 83 25000
42 49 96 25000
42 50 90 25000
42 51 90 25000
43 44 89 25000
43 45 100 25000
43 46 89 25000
43 47 77 25000
43 48 89 25000
43 49 106 25000
43 50 108 25000
43 51 98 25000
44 45 94 25000
44 46 91 25000
44 47 95 25000
44 48 116 25000
44 49 96 25000
44 50 100 25000
44 51 92 25000
45 46 93 25000
45 47 78 25000
45 48 109 25000
45 49 95 25000
45 50 80 25000
45 51 101 25000
46 47 96 25000
46 48 86 25000
46 49 90 25000
46 50 85 25000
46 51 90 25000
47 48 107 25000
47 49 105 25000
47 50 100 25000
47 51 99 25000
48 49 102 25000
48 50 95 25000
48 51 117 25000
49 50 89 25000
49 51 89 25000
50 51 95 25000
