0 1 145 25000
0 2 144 25000
0 3 132 25000
0 4 126 25000
0 5 128 25000
0 6 109 25000
0 7 104 25000
0 8 111 25000
0 9 141 25000
0 10 143 25000
0 11 141 25000
0 12 133 25000
0 13 80 25000
0 14 90 25000
0 15 95 25000
0 16 85 25000
0 17 85 25000
0 18 98 25000
0 19 90 25000
0 20 92 25000
0 21 82 25000
0 22 76 25000
0 23 80 25000
0 24 83 25000
0 25 70 25000
0 26 99 25000
0 27 64 25000
0 28 92 25000
0 29 72 25000
0 30 86 25000
0 31 88 25000
0 32 69 25000
0 33 97 25000
0 34 72 25000
0 35 81 25000
0 36 78 25000
0 37 79 25000
0 38 83 25000
0 39 73 25000
0 40 91 25000
0 41 86 25000
0 42 84 25000
0 43 83 25000
0 44 80 25000
0 45 88 25000
0 46 80 25000
0 47 82 25000
0 48 68 25000
0 49 73 25000
0 50 86 25000
0 51 74 25000
1 2 126 25000
1 3 111 25000
1 4 118 25000
1 5 116 25000
1 6 116 25000
1 7 133 25000
1 8 126 25000
1 9 124 25000
1 10 117 25000
1 11 149 25000
1 12 144 25000
1 13 79 25000
1 14 77 25000
1 15 76 25000
1 16 74 25000
1 17 81 25000
1 18 85 25000
1 19 82 25000
1 20 92 25000
1 21 74 25000
1 22 82 25000
1 23 89 25000
1 24 82 25000
1 25 79 25000
1 26 72 25000
1 27 80 25000
1 28 93 25000
1 29 81 25000
1 30 79 25000
1 31 71 25000
1 32 88 25000
1 33 74 25000
1 34 85 25000
1 35 81 25000
1 36 81 25000
1 37 85 25000
1 38 71 25000
1 39 81 25000
1 40 79 25000
1 41 83 25000
1 42 82 25000
1 43 90 25000
1 44 78 25000
1 45 81 25000
1 46 79 25000
1 47 85 25000
1 48 75 25000
1 49 79 25000
1 50 89 25000
1 51 97 25000
2 3 106 25000
2 4 131 25000
2 5 134 25000
2 6 127 25000
2 7 127 25000
2 8 117 25000
2 9 135 25000
2 10 139 25000
2 11 130 25000
2 12 127 25000
2 13 91 25000
2 14 84 25000
2 15 66 25000
2 16 65 25000
2 17 75 25000
2 18 92 25000
2 19 94 25000
2 20 89 25000
2 21 91 25000
2 22 71 25000
2 23 78 25000
2 24 69 25000
2 25 76 25000
2 26 86 25000
2 27 77 25000
2 28 89 25000
2 29 83 25000
2 30 83 25000
2 31 89 25000
2 32 82 25000
2 33 73 25000
2 34 79 25000
2 35 78 25000
2 36 93 25000
2 37 95 25000
2 38 102 25000
2 39 92 25000
2 40 87 25000
2 41 67 25000
2 42 69 25000
2 43 70 25000
2 44 93 25000
2 45 98 25000
2 46 65 25000
2 47 65 25000
2 48 85 25000
2 49 80 25000
2 50 89 25000
2 51 74 25000
3 4 134 25000
3 5 125 25000
3 6 130 25000
3 7 131 25000
3 8 132 25000
3 9 120 25000
3 10 129 25000
3 11 126 25000
3 12 127 25000
3 13 82 25000
3 14 74 25000
3 15 79 25000
3 16 72 25000
3 17 89 25000
3 18 85 25000
3 19 76 25000
3 20 69 25000
3 21 73 25000
3 22 75 25000
3 23 89 25000
3 24 94 25000
3 25 56 25000
3 26 87 25000
3 27 78 25000
3 28 83 25000
3 29 88 25000
3 30 83 25000
3 31 74 25000
3 32 77 25000
3 33 81 25000
3 34 82 25000
3 35 55 25000
3 36 76 25000
3 37 93 25000
3 38 69 25000
3 39 68 25000
3 40 86 25000
3 41 80 25000
3 42 50 25000
3 43 77 25000
3 44 62 25000
3 45 73 25000
3 46 55 25000
3 47 96 25000
3 48 79 25000
3 49 81 25000
3 50 77 25000
3 51 70 25000
4 5 117 25000
4 6 131 25000
4 7 129 25000
4 8 139 25000
4 9 127 25000
4 10 132 25000
4 11 146 25000
4 12 140 25000
4 13 78 25000
4 14 68 25000
4 15 83 25000
4 16 71 25000
4 17 85 25000
4 18 83 25000
4 19 70 25000
4 20 88 25000
4 21 88 25000
4 22 95 25000
4 23 86 25000
4 24 89 25000
4 25 68 25000
4 26 86 25000
4 27 86 25000
4 28 83 25000
4 29 69 25000
4 30 82 25000
4 31 81 25000
4 32 80 25000
4 33 82 25000
4 34 91 25000
4 35 80 25000
4 36 70 25000
4 37 85 25000
4 38 64 25000
4 39 79 25000
4 40 79 25000
4 41 74 25000
4 42 72 25000
4 43 60 25000
4 44 82 25000
4 45 78 25000
4 46 68 25000
4 47 100 25000
4 48 83 25000
4 49 79 25000
4 50 74 25000
4 51 75 25000
5 6 121 25000
5 7 131 25000
5 8 113 25000
5 9 126 25000
5 10 125 25000
5 11 129 25000
5 12 150 25000
5 13 72 25000
5 14 90 25000
5 15 71 25000
5 16 73 25000
5 17 82 25000
5 18 81 25000
5 19 75 25000
5 20 77 25000
5 21 76 25000
5 22 88 25000
5 23 92 25000
5 24 74 25000
5 25 76 25000
5 26 84 25000
5 27 73 25000
5 28 97 25000
5 29 80 25000
5 30 80 25000
5 31 81 25000
5 32 84 25000
5 33 101 25000
5 34 78 25000
5 35 86 25000
5 36 97 25000
5 37 77 25000
5 38 86 25000
5 39 81 25000
5 40 79 25000
5 41 82 25000
5 42 68 25000
5 43 89 25000
5 44 65 25000
5 45 69 25000
5 46 78 25000
5 47 95 25000
5 48 68 25000
5 49 85 25000
5 50 79 25000
5 51 85 25000
6 7 128 25000
6 8 110 25000
6 9 125 25000
6 10 156 25000
6 11 130 25000
6 12 121 25000
6 13 84 25000
6 14 80 25000
6 15 82 25000
6 16 68 25000
6 17 74 25000
6 18 93 25000
6 19 84 25000
6 20 71 25000
6 21 90 25000
6 22 90 25000
6 23 83 25000
6 24 68 25000
6 25 81 25000
6 26 91 25000
6 27 94 25000
6 28 87 25000
6 29 86 25000
6 30 74 25000
6 31 81 25000
6 32 85 25000
6 33 96 25000
6 34 93 25000
6 35 71 25000
6 36 76 25000
6 37 104 25000
6 38 96 25000
6 39 75 25000
6 40 89 25000
6 41 86 25000
6 42 85 25000
6 43 69 25000
6 44 80 25000
6 45 74 25000
6 46 70 25000
6 47 97 25000
6 48 79 25000
6 49 84 25000
6 50 75 25000
6 51 84 25000
7 8 143 25000
7 9 132 25000
7 10 114 25000
7 11 128 25000
7 12 113 25000
7 13 94 25000
7 14 76 25000
7 15 64 25000
7 16 71 25000
7 17 83 25000
7 18 71 25000
7 19 88 25000
7 20 97 25000
7 21 65 25000
7 22 82 25000
7 23 82 25000
7 24 75 25000
7 25 60 25000
7 26 90 25000
7 27 91 25000
7 28 76 25000
7 29 82 25000
7 30 89 25000
7 31 83 25000
7 32 78 25000
7 33 82 25000
7 34 64 25000
7 35 62 25000
7 36 81 25000
7 37 83 25000
7 38 87 25000
7 39 65 25000
7 40 78 25000
7 41 75 25000
7 42 92 25000
7 43 83 25000
7 44 89 25000
7 45 79 25000
7 46 85 25000
7 47 85 25000
7 48 83 25000
7 49 65 25000
7 50 72 25000
7 51 81 25000
8 9 118 25000
8 10 127 25000
8 11 111 25000
8 12 118 25000
8 13 87 25000
8 14 71 25000
8 15 73 25000
8 16 71 25000
8 17 89 25000
8 18 84 25000
8 19 83 25000
8 20 85 25000
8 21 74 25000
8 22 90 25000
8 23 80 25000
8 24 86 25000
8 25 75 25000
8 26 101 25000
8 27 68 25000
8 28 88 25000
8 29 83 25000
8 30 76 25000
8 31 91 25000
8 32 65 25000
8 33 69 25000
8 34 86 25000
8 35 88 25000
8 36 92 25000
8 37 81 25000
8 38 79 25000
8 39 79 25000
8 40 80 25000
8 41 77 25000
8 42 75 25000
8 43 87 25000
8 44 86 25000
8 45 78 25000
8 46 102 25000
8 47 85 25000
8 48 83 25000
8 49 73 25000
8 50 85 25000
8 51 77 25000
9 10 137 25000
9 11 138 25000
9 12 154 25000
9 13 85 25000
9 14 81 25000
9 15 84 25000
9 16 75 25000
9 17 78 25000
9 18 78 25000
9 19 76 25000
9 20 75 25000
9 21 88 25000
9 22 80 25000
9 23 80 25000
9 24 73 25000
9 25 78 25000
9 26 83 25000
9 27 83 25000
9 28 62 25000
9 29 82 25000
9 30 66 25000
9 31 76 25000
9 32 100 25000
9 33 84 25000
9 34 87 25000
9 35 73 25000
9 36 84 25000
9 37 79 25000
9 38 86 25000
9 39 78 25000
9 40 86 25000
9 41 54 25000
9 42 76 25000
9 43 85 25000
9 44 89 25000
9 45 67 25000
9 46 96 25000
9 47 71 25000
9 48 74 25000
9 49 84 25000
9 50 82 25000
9 51 77 25000
10 11 151 25000
10 12 158 25000
10 13 94 25000
10 14 74 25000
10 15 80 25000
10 16 80 25000
10 17 71 25000
10 18 89 25000
10 19 85 25000
10 20 71 25000
10 21 79 25000
10 22 92 25000
10 23 94 25000
10 24 88 25000
10 25 83 25000
10 26 76 25000
10 27 73 25000
10 28 78 25000
10 29 93 25000
10 30 86 25000
10 31 80 25000
10 32 101 25000
10 33 72 25000
10 34 84 25000
10 35 76 25000
10 36 83 25000
10 37 89 25000
10 38 66 25000
10 39 75 25000
10 40 57 25000
10 41 88 25000
10 42 80 25000
10 43 74 25000
10 44 78 25000
10 45 72 25000
10 46 84 25000
10 47 83 25000
10 48 70 25000
10 49 93 25000
10 50 79 25000
10 51 82 25000
11 12 143 25000
11 13 72 25000
11 14 76 25000
11 15 97 25000
11 16 80 25000
11 17 85 25000
11 18 86 25000
11 19 88 25000
11 20 86 25000
11 21 69 25000
11 22 86 25000
11 23 92 25000
11 24 99 25000
11 25 74 25000
11 26 87 25000
11 27 85 25000
11 28 87 25000
11 29 96 25000
11 30 74 25000
11 31 76 25000
11 32 79 25000
11 33 86 25000
11 34 86 25000
11 35 85 25000
11 36 88 25000
11 37 87 25000
11 38 76 25000
11 39 85 25000
11 40 73 25000
11 41 72 25000
11 42 77 25000
11 43 71 25000
11 44 78 25000
11 45 89 25000
11 46 77 25000
11 47 78 25000
11 48 77 25000
11 49 79 25000
11 50 80 25000
11 51 83 25000
12 13 79 25000
12 14 82 25000
12 15 69 25000
12 16 87 25000
12 17 84 25000
12 18 64 25000
12 19 91 25000
12 20 91 25000
12 21 83 25000
12 22 99 25000
12 23 83 25000
12 24 74 25000
12 25 72 25000
12 26 87 25000
12 27 93 25000
12 28 79 25000
12 29 80 25000
12 30 82 25000
12 31 80 25000
12 32 82 25000
12 33 81 25000
12 34 84 25000
12 35 82 25000
12 36 102 25000
12 37 86 25000
12 38 69 25000
12 39 109 25000
12 40 72 25000
12 41 71 25000
12 42 86 25000
12 43 83 25000
12 44 88 25000
12 45 89 25000
12 46 93 25000
12 47 91 25000
12 48 88 25000
12 49 82 25000
12 50 91 25000
12 51 75 25000
13 14 123 25000
13 15 119 25000
13 16 113 25000
13 17 127 25000
13 18 135 25000
13 19 134 25000
13 20 123 25000
13 21 126 25000
13 22 119 25000
13 23 114 25000
13 24 138 25000
13 25 127 25000
13 26 77 25000
13 27 79 25000
13 28 81 25000
13 29 81 25000
13 30 77 25000
13 31 73 25000
13 32 71 25000
13 33 80 25000
13 34 94 25000
13 35 74 25000
13 36 82 25000
13 37 79 25000
13 38 83 25000
13 39 102 25000
13 40 75 25000
13 41 81 25000
13 42 85 25000
13 43 90 25000
13 44 84 25000
13 45 79 25000
13 46 75 25000
13 47 90 25000
13 48 82 25000
13 49 95 25000
13 50 74 25000
13 51 78 25000
14 15 137 25000
14 16 128 25000
14 17 134 25000
14 18 122 25000
14 19 146 25000
14 20 121 25000
14 21 135 25000
14 22 116 25000
14 23 141 25000
14 24 134 25000
14 25 102 25000
14 26 82 25000
14 27 68 25000
14 28 81 25000
14 29 78 25000
14 30 79 25000
14 31 75 25000
14 32 92 25000
14 33 73 25000
14 34 85 25000
14 35 68 25000
14 36 76 25000
14 37 78 25000
14 38 76 25000
14 39 79 25000
14 40 74 25000
14 41 84 25000
14 42 85 25000
14 43 76 25000
14 44 75 25000
14 45 98 25000
14 46 81 25000
14 47 90 25000
14 48 82 25000
14 49 79 25000
14 50 88 25000
14 51 80 25000
15 16 121 25000
15 17 140 25000
15 18 130 25000
15 19 136 25000
15 20 135 25000
15 21 132 25000
15 22 134 25000
15 23 153 25000
15 24 139 25000
15 25 109 25000
15 26 69 25000
15 27 81 25000
15 28 87 25000
15 29 80 25000
15 30 98 25000
15 31 72 25000
15 32 85 25000
15 33 94 25000
15 34 84 25000
15 35 71 25000
15 36 77 25000
15 37 67 25000
15 38 92 25000
15 39 92 25000
15 40 99 25000
15 41 84 25000
15 42 87 25000
15 43 94 25000
15 44 79 25000
15 45 67 25000
15 46 74 25000
15 47 75 25000
15 48 90 25000
15 49 86 25000
15 50 80 25000
15 51 77 25000
16 17 127 25000
16 18 121 25000
16 19 118 25000
16 20 120 25000
16 21 112 25000
16 22 125 25000
16 23 118 25000
16 24 118 25000
16 25 131 25000
16 26 95 25000
16 27 74 25000
16 28 69 25000
16 29 76 25000
16 30 76 25000
16 31 87 25000
16 32 81 25000
16 33 82 25000
16 34 63 25000
16 35 73 25000
16 36 55 25000
16 37 79 25000
16 38 83 25000
16 39 82 25000
16 40 65 25000
16 41 66 25000
16 42 81 25000
16 43 80 25000
16 44 82 25000
16 45 71 25000
16 46 89 25000
16 47 90 25000
16 48 94 25000
16 49 90 25000
16 50 73 25000
16 51 90 25000
17 18 129 25000
17 19 125 25000
17 20 136 25000
17 21 137 25000
17 22 135 25000
17 23 119 25000
17 24 127 25000
17 25 129 25000
17 26 81 25000
17 27 79 25000
17 28 77 25000
17 29 89 25000
17 30 83 25000
17 31 78 25000
17 32 97 25000
17 33 65 25000
17 34 67 25000
17 35 77 25000
17 36 99 25000
17 37 86 25000
17 38 89 25000
17 39 86 25000
17 40 94 25000
17 41 84 25000
17 42 97 25000
17 43 95 25000
17 44 85 25000
17 45 93 25000
17 46 96 25000
17 47 95 25000
17 48 89 25000
17 49 104 25000
17 50 83 25000
17 51 78 25000
18 19 150 25000
18 20 136 25000
18 21 120 25000
18 22 110 25000
18 23 117 25000
18 24 128 25000
18 25 143 25000
18 26 101 25000
18 27 90 25000
18 28 83 25000
18 29 74 25000
18 30 84 25000
18 31 66 25000
18 32 77 25000
18 33 81 25000
18 34 93 25000
18 35 80 25000
18 36 94 25000
18 37 92 25000
18 38 77 25000
18 39 98 25000
18 40 71 25000
18 41 91 25000
18 42 91 25000
18 43 92 25000
18 44 76 25000
18 45 77 25000
18 46 91 25000
18 47 82 25000
18 48 76 25000
18 49 87 25000
18 50 104 25000
18 51 87 25000
19 20 129 25000
19 21 122 25000
19 22 133 25000
19 23 166 25000
19 24 136 25000
19 25 131 25000
19 26 83 25000
19 27 78 25000
19 28 72 25000
19 29 71 25000
19 30 85 25000
19 31 90 25000
19 32 90 25000
19 33 66 25000
19 34 79 25000
19 35 69 25000
19 36 78 25000
19 37 78 25000
19 38 94 25000
19 39 100 25000
19 40 81 25000
19 41 108 25000
19 42 79 25000
19 43 75 25000
19 44 73 25000
19 45 86 25000
19 46 104 25000
19 47 86 25000
19 48 83 25000
19 49 76 25000
19 50 73 25000
19 51 87 25000
20 21 128 25000
20 22 118 25000
20 23 135 25000
20 24 97 25000
20 25 109 25000
20 26 93 25000
20 27 86 25000
20 28 89 25000
20 29 76 25000
20 30 90 25000
20 31 95 25000
20 32 84 25000
20 33 90 25000
20 34 85 25000
20 35 86 25000
20 36 80 25000
20 37 85 25000
20 38 71 25000
20 39 83 25000
20 40 87 25000
20 41 86 25000
20 42 83 25000
20 43 97 25000
20 44 93 25000
20 45 97 25000
20 46 74 25000
20 47 89 25000
20 48 94 25000
20 49 91 25000
20 50 85 25000
20 51 75 25000
21 22 127 25000
21 23 141 25000
21 24 122 25000
21 25 114 25000
21 26 101 25000
21 27 78 25000
21 28 76 25000
21 29 59 25000
21 30 94 25000
21 31 86 25000
21 32 84 25000
21 33 91 25000
21 34 83 25000
21 35 75 25000
21 36 81 25000
21 37 80 25000
21 38 78 25000
21 39 90 25000
21 40 93 25000
21 41 78 25000
21 42 78 25000
21 43 79 25000
21 44 86 25000
21 45 90 25000
21 46 88 25000
21 47 104 25000
21 48 71 25000
21 49 74 25000
21 50 80 25000
21 51 100 25000
22 23 144 25000
22 24 116 25000
22 25 117 25000
22 26 71 25000
22 27 70 25000
22 28 69 25000
22 29 94 25000
22 30 78 25000
22 31 79 25000
22 32 71 25000
22 33 68 25000
22 34 94 25000
22 35 76 25000
22 36 102 25000
22 37 70 25000
22 38 71 25000
22 39 99 25000
22 40 90 25000
22 41 81 25000
22 42 96 25000
22 43 74 25000
22 44 80 25000
22 45 81 25000
22 46 90 25000
22 47 104 25000
22 48 82 25000
22 49 98 25000
22 50 82 25000
22 51 88 25000
23 24 134 25000
23 25 123 25000
23 26 78 25000
23 27 78 25000
23 28 107 25000
23 29 81 25000
23 30 80 25000
23 31 88 25000
23 32 71 25000
23 33 84 25000
23 34 82 25000
23 35 79 25000
23 36 76 25000
23 37 83 25000
23 38 81 25000
23 39 97 25000
23 40 96 25000
23 41 94 25000
23 42 82 25000
23 43 85 25000
23 44 104 25000
23 45 93 25000
23 46 92 25000
23 47 100 25000
23 48 89 25000
23 49 108 25000
23 50 84 25000
23 51 89 25000
24 25 125 25000
24 26 79 25000
24 27 80 25000
24 28 66 25000
24 29 68 25000
24 30 81 25000
24 31 86 25000
24 32 87 25000
24 33 77 25000
24 34 73 25000
24 35 72 25000
24 36 69 25000
24 37 91 25000
24 38 84 25000
24 39 82 25000
24 40 95 25000
24 41 91 25000
24 42 83 25000
24 43 68 25000
24 44 73 25000
24 45 72 25000
24 46 86 25000
24 47 100 25000
24 48 84 25000
24 49 86 25000
24 50 68 25000
24 51 70 25000
25 26 59 25000
25 27 69 25000
25 28 71 25000
25 29 91 25000
25 30 84 25000
25 31 60 25000
25 32 84 25000
25 33 65 25000
25 34 82 25000
25 35 74 25000
25 36 84 25000
25 37 64 25000
25 38 90 25000
25 39 83 25000
25 40 85 25000
25 41 75 25000
25 42 81 25000
25 43 74 25000
25 44 69 25000
25 45 95 25000
25 46 78 25000
25 47 68 25000
25 48 84 25000
25 49 84 25000
25 50 80 25000
25 51 85 25000
26 27 129 25000
26 28 129 25000
26 29 123 25000
26 30 116 25000
26 31 128 25000
26 32 124 25000
26 33 130 25000
26 34 132 25000
26 35 127 25000
26 36 140 25000
26 37 121 25000
26 38 122 25000
26 39 79 25000
26 40 80 25000
26 41 72 25000
26 42 79 25000
26 43 74 25000
26 44 93 25000
26 45 64 25000
26 46 83 25000
26 47 88 25000
26 48 99 25000
26 49 80 25000
26 50 86 25000
26 51 92 25000
27 28 118 25000
27 29 129 25000
27 30 125 25000
27 31 146 25000
27 32 128 25000
27 33 140 25000
27 34 125 25000
27 35 140 25000
27 36 139 25000
27 37 115 25000
27 38 115 25000
27 39 66 25000
27 40 72 25000
27 41 72 25000
27 42 68 25000
27 43 87 25000
27 44 63 25000
27 45 63 25000
27 46 66 25000
27 47 101 25000
27 48 58 25000
27 49 77 25000
27 50 86 25000
27 51 69 25000
28 29 123 25000
28 30 133 25000
28 31 129 25000
28 32 125 25000
28 33 100 25000
28 34 124 25000
28 35 141 25000
28 36 128 25000
28 37 123 25000
28 38 119 25000
28 39 59 25000
28 40 98 25000
28 41 90 25000
28 42 66 25000
28 43 90 25000
28 44 91 25000
28 45 90 25000
28 46 83 25000
28 47 79 25000
28 48 77 25000
28 49 76 25000
28 50 76 25000
28 51 81 25000
29 30 130 25000
29 31 114 25000
29 32 116 25000
29 33 126 25000
29 34 114 25000
29 35 118 25000
29 36 128 25000
29 37 123 25000
29 38 145 25000
29 39 71 25000
29 40 70 25000
29 41 76 25000
29 42 79 25000
29 43 68 25000
29 44 89 25000
29 45 73 25000
29 46 80 25000
29 47 83 25000
29 48 97 25000
29 49 88 25000
29 50 80 25000
29 51 69 25000
30 31 135 25000
30 32 144 25000
30 33 121 25000
30 34 126 25000
30 35 127 25000
30 36 116 25000
30 37 128 25000
30 38 122 25000
30 39 75 25000
30 40 78 25000
30 41 73 25000
30 42 82 25000
30 43 74 25000
30 44 80 25000
30 45 63 25000
30 46 80 25000
30 47 92 25000
30 48 74 25000
30 49 60 25000
30 50 79 25000
30 51 90 25000
31 32 140 25000
31 33 130 25000
31 34 134 25000
31 35 109 25000
31 36 112 25000
31 37 161 25000
31 38 129 25000
31 39 88 25000
31 40 78 25000
31 41 69 25000
31 42 75 25000
31 43 85 25000
31 44 92 25000
31 45 84 25000
31 46 80 25000
31 47 85 25000
31 48 87 25000
31 49 82 25000
31 50 70 25000
31 51 82 25000
32 33 146 25000
32 34 145 25000
32 35 137 25000
32 36 154 25000
32 37 121 25000
32 38 143 25000
32 39 85 25000
32 40 83 25000
32 41 82 25000
32 42 74 25000
32 43 86 25000
32 44 67 25000
32 45 67 25000
32 46 89 25000
32 47 105 25000
32 48 82 25000
32 49 75 25000
32 50 87 25000
32 51 81 25000
33 34 110 25000
33 35 127 25000
33 36 130 25000
33 37 124 25000
33 38 120 25000
33 39 76 25000
33 40 70 25000
33 41 63 25000
33 42 68 25000
33 43 77 25000
33 44 90 25000
33 45 74 25000
33 46 77 25000
33 47 85 25000
33 48 65 25000
33 49 76 25000
33 50 80 25000
33 51 83 25000
34 35 137 25000
34 36 110 25000
34 37 118 25000
34 38 114 25000
34 39 85 25000
34 40 80 25000
34 41 70 25000
34 42 68 25000
34 43 91 25000
34 44 74 25000
34 45 85 25000
34 46 77 25000
34 47 100 25000
34 48 83 25000
34 49 84 25000
34 50 61 25000
34 51 98 25000
35 36 114 25000
35 37 113 25000
35 38 123 25000
35 39 61 25000
35 40 76 25000
35 41 80 25000
35 42 83 25000
35 43 76 25000
35 44 72 25000
35 45 64 25000
35 46 68 25000
35 47 82 25000
35 48 71 25000
35 49 76 25000
35 50 80 25000
35 51 104 25000
36 37 137 25000
36 38 146 25000
36 39 98 25000
36 40 76 25000
36 41 66 25000
36 42 68 25000
36 43 77 25000
36 44 82 25000
36 45 92 25000
36 46 78 25000
36 47 71 25000
36 48 88 25000
36 49 91 25000
36 50 79 25000
36 51 73 25000
37 38 155 25000
37 39 90 25000
37 40 77 25000
37 41 59 25000
37 42 72 25000
37 43 90 25000
37 44 71 25000
37 45 66 25000
37 46 91 25000
37 47 80 25000
37 48 88 25000
37 49 81 25000
37 50 82 25000
37 51 76 25000
38 39 81 25000
38 40 86 25000
38 41 77 25000
38 42 78 25000
38 43 81 25000
38 44 83 25000
38 45 71 25000
38 46 75 25000
38 47 77 25000
38 48 73 25000
38 49 90 25000
38 50 76 25000
38 51 80 25000
39 40 143 25000
39 41 127 25000
39 42 133 25000
39 43 135 25000
39 44 134 25000
39 45 123 25000
39 46 127 25000
39 47 112 25000
39 48 126 25000
39 49 131 25000
39 50 146 25000
39 51 134 25000
40 41 131 25000
40 42 126 25000
40 43 126 25000
40 44 126 25000
40 45 133 25000
40 46 126 25000
40 47 131 25000
40 48 138 25000
40 49 131 25000
40 50 121 25000
40 51 133 25000
41 42 126 25000
41 43 114 25000
41 44 117 25000
41 45 118 25000
41 46 121 25000
41 47 127 25000
41 48 125 25000
41 49 148 25000
41 50 110 25000
41 51 124 25000
42 43 144 25000
42 44 117 25000
42 45 135 25000
42 46 108 25000
42 47 153 25000
42 48 120 25000
42 49 145 25000
42 50 118 25000
42 51 116 25000
43 44 134 25000
43 45 137 25000
43 46 134 25000
43 47 133 25000
43 48 119 25000
43 49 132 25000
43 50 125 25000
43 51 132 25000
44 45 123 25000
44 46 114 25000
44 47 122 25000
44 48 127 25000
44 49 126 25000
44 50 124 25000
44 51 126 25000
45 46 151 25000
45 47 138 25000
45 48 127 25000
45 49 141 25000
45 50 121 25000
45 51 134 25000
46 47 110 25000
46 48 123 25000
46 49 168 25000
46 50 137 25000
46 51 120 25000
47 48 134 25000
47 49 140 25000
47 50 131 25000
47 51 149 25000
48 49 129 25000
48 50 125 25000
48 51 113 25000
49 50 107 25000
49 51 122 25000
50 51 122 25000
