0 1 124 25000
0 2 122 25000
0 3 149 25000
0 4 147 25000
0 5 135 25000
0 6 147 25000
0 7 137 25000
0 8 137 25000
0 9 143 25000
0 10 126 25000
0 11 133 25000
0 12 165 25000
0 13 125 25000
0 14 114 25000
0 15 116 25000
0 16 93 25000
0 17 107 25000
0 18 127 25000
0 19 125 25000
0 20 132 25000
0 21 134 25000
0 22 112 25000
0 23 126 25000
0 24 124 25000
0 25 136 25000
0 26 117 25000
0 27 125 25000
0 28 103 25000
0 29 142 25000
0 30 126 25000
0 31 137 25000
0 32 132 25000
0 33 121 25000
0 34 130 25000
0 35 114 25000
0 36 132 25000
0 37 107 25000
0 38 140 25000
0 39 132 25000
0 40 104 25000
0 41 142 25000
0 42 110 25000
0 43 106 25000
0 44 120 25000
0 45 145 25000
0 46 134 25000
0 47 122 25000
0 48 107 25000
0 49 100 25000
0 50 138 25000
0 51 135 25000
1 2 140 25000
1 3 116 25000
1 4 119 25000
1 5 141 25000
1 6 115 25000
1 7 141 25000
1 8 115 25000
1 9 122 25000
1 10 127 25000
1 11 162 25000
1 12 152 25000
1 13 136 25000
1 14 107 25000
1 15 128 25000
1 16 134 25000
1 17 138 25000
1 18 137 25000
1 19 132 25000
1 20 132 25000
1 21 115 25000
1 22 129 25000
1 23 130 25000
1 24 130 25000
1 25 139 25000
1 26 124 25000
1 27 145 25000
1 28 117 25000
1 29 125 25000
1 30 145 25000
1 31 127 25000
1 32 108 25000
1 33 113 25000
1 34 102 25000
1 35 120 25000
1 36 130 25000
1 37 128 25000
1 38 133 25000
1 39 129 25000
1 40 138 25000
1 41 137 25000
1 42 134 25000
1 43 141 25000
1 44 128 25000
1 45 112 25000
1 46 118 25000
1 47 130 25000
1 48 129 25000
1 49 141 25000
1 50 134 25000
1 51 126 25000
2 3 140 25000
2 4 125 25000
2 5 118 25000
2 6 109 25000
2 7 130 25000
2 8 138 25000
2 9 117 25000
2 10 113 25000
2 11 145 25000
2 12 129 25000
2 13 120 25000
2 14 137 25000
2 15 130 25000
2 16 122 25000
2 17 131 25000
2 18 125 25000
2 19 117 25000
2 20 126 25000
2 21 109 25000
2 22 104 25000
2 23 133 25000
2 24 131 25000
2 25 120 25000
2 26 115 25000
2 27 123 25000
2 28 125 25000
2 29 117 25000
2 30 125 25000
2 31 128 25000
2 32 140 25000
2 33 107 25000
2 34 111 25000
2 35 118 25000
2 36 129 25000
2 37 134 25000
2 38 114 25000
2 39 108 25000
2 40 129 25000
2 41 123 25000
2 42 126 25000
2 43 127 25000
2 44 115 25000
2 45 120 25000
2 46 111 25000
2 47 116 25000
2 48 136 25000
2 49 107 25000
2 50 138 25000
2 51 132 25000
3 4 128 25000
3 5 140 25000
3 6 157 25000
3 7 120 25000
3 8 156 25000
3 9 109 25000
3 10 143 25000
3 11 128 25000
3 12 132 25000
3 13 128 25000
3 14 111 25000
3 15 120 25000
3 16 130 25000
3 17 135 25000
3 18 141 25000
3 19 121 25000
3 20 115 25000
3 21 129 25000
3 22 111 25000
3 23 120 25000
3 24 114 25000
3 25 138 25000
3 26 114 25000
3 27 123 25000
3 28 116 25000
3 29 117 25000
3 30 133 25000
3 31 134 25000
3 32 116 25000
3 33 133 25000
3 34 127 25000
3 35 109 25000
3 36 124 25000
3 37 106 25000
3 38 127 25000
3 39 117 25000
3 40 147 25000
3 41 130 25000
3 42 122 25000
3 43 126 25000
3 44 124 25000
3 45 120 25000
3 46 132 25000
3 47 121 25000
3 48 108 25000
3 49 119 25000
3 50 128 25000
3 51 127 25000
4 5 140 25000
4 6 125 25000
4 7 126 25000
4 8 123 25000
4 9 119 25000
4 10 136 25000
4 11 122 25000
4 12 129 25000
4 13 125 25000
4 14 110 25000
4 15 137 25000
4 16 130 25000
4 17 116 25000
4 18 130 25000
4 19 116 25000
4 20 113 25000
4 21 110 25000
4 22 122 25000
4 23 124 25000
4 24 96 25000
4 25 118 25000
4 26 139 25000
4 27 115 25000
4 28 114 25000
4 29 116 25000
4 30 108 25000
4 31 115 25000
4 32 148 25000
4 33 124 25000
4 34 132 25000
4 35 129 25000
4 36 114 25000
4 37 127 25000
4 38 111 25000
4 39 139 25000
4 40 121 25000
4 41 128 25000
4 42 120 25000
4 43 107 25000
4 44 140 25000
4 45 129 25000
4 46 120 25000
4 47 125 25000
4 48 104 25000
4 49 116 25000
4 50 115 25000
4 51 110 25000
5 6 133 25000
5 7 138 25000
5 8 117 25000
5 9 127 25000
5 10 137 25000
5 11 141 25000
5 12 145 25000
5 13 122 25000
5 14 109 25000
5 15 134 25000
5 16 118 25000
5 17 139 25000
5 18 140 25000
5 19 118 25000
5 20 112 25000
5 21 104 25000
5 22 135 25000
5 23 133 25000
5 24 118 25000
5 25 130 25000
5 26 127 25000
5 27 105 25000
5 28 103 25000
5 29 113 25000
5 30 118 25000
5 31 117 25000
5 32 120 25000
5 33 136 25000
5 34 113 25000
5 35 115 25000
5 36 131 25000
5 37 125 25000
5 38 129 25000
5 39 117 25000
5 40 127 25000
5 41 123 25000
5 42 148 25000
5 43 131 25000
5 44 130 25000
5 45 128 25000
5 46 128 25000
5 47 131 25000
5 48 113 25000
5 49 119 25000
5 50 141 25000
5 51 107 25000
6 7 137 25000
6 8 135 25000
6 9 127 25000
6 10 138 25000
6 11 127 25000
6 12 107 25000
6 13 123 25000
6 14 117 25000
6 15 139 25000
6 16 121 25000
6 17 142 25000
6 18 128 25000
6 19 121 25000
6 20 136 25000
6 21 128 25000
6 22 131 25000
6 23 139 25000
6 24 124 25000
6 25 122 25000
6 26 108 25000
6 27 119 25000
6 28 126 25000
6 29 126 25000
6 30 119 25000
6 31 136 25000
6 32 116 25000
6 33 120 25000
6 34 109 25000
6 35 111 25000
6 36 143 25000
6 37 128 25000
6 38 123 25000
6 39 119 25000
6 40 115 25000
6 41 133 25000
6 42 118 25000
6 43 116 25000
6 44 142 25000
6 45 118 25000
6 46 132 25000
6 47 131 25000
6 48 110 25000
6 49 112 25000
6 50 137 25000
6 51 122 25000
7 8 128 25000
7 9 119 25000
7 10 144 25000
7 11 113 25000
7 12 146 25000
7 13 132 25000
7 14 116 25000
7 15 125 25000
7 16 124 25000
7 17 115 25000
7 18 112 25000
7 19 123 25000
7 20 112 25000
7 21 142 25000
7 22 113 25000
7 23 127 25000
7 24 144 25000
7 25 122 25000
7 26 114 25000
7 27 104 25000
7 28 120 25000
7 29 124 25000
7 30 114 25000
7 31 138 25000
7 32 112 25000
7 33 117 25000
7 34 131 25000
7 35 108 25000
7 36 135 25000
7 37 140 25000
7 38 123 25000
7 39 133 25000
7 40 128 25000
7 41 100 25000
7 42 121 25000
7 43 120 25000
7 44 137 25000
7 45 137 25000
7 46 136 25000
7 47 108 25000
7 48 137 25000
7 49 104 25000
7 50 134 25000
7 51 119 25000
8 9 135 25000
8 10 117 25000
8 11 148 25000
8 12 135 25000
8 13 131 25000
8 14 136 25000
8 15 121 25000
8 16 104 25000
8 17 111 25000
8 18 146 25000
8 19 115 25000
8 20 133 25000
8 21 128 25000
8 22 123 25000
8 23 150 25000
8 24 139 25000
8 25 133 25000
8 26 124 25000
8 27 123 25000
8 28 108 25000
8 29 129 25000
8 30 145 25000
8 31 114 25000
8 32 133 25000
8 33 131 25000
8 34 122 25000
8 35 145 25000
8 36 125 25000
8 37 136 25000
8 38 120 25000
8 39 131 25000
8 40 116 25000
8 41 127 25000
8 42 138 25000
8 43 111 25000
8 44 134 25000
8 45 148 25000
8 46 135 25000
8 47 128 25000
8 48 129 25000
8 49 138 25000
8 50 117 25000
8 51 121 25000
9 10 132 25000
9 11 132 25000
9 12 148 25000
9 13 114 25000
9 14 130 25000
9 15 112 25000
9 16 129 25000
9 17 117 25000
9 18 136 25000
9 19 146 25000
9 20 129 25000
9 21 108 25000
9 22 135 25000
9 23 132 25000
9 24 142 25000
9 25 143 25000
9 26 105 25000
9 27 121 25000
9 28 107 25000
9 29 118 25000
9 30 118 25000
9 31 117 25000
9 32 131 25000
9 33 116 25000
9 34 110 25000
9 35 121 25000
9 36 98 25000
9 37 124 25000
9 38 134 25000
9 39 97 25000
9 40 125 25000
9 41 123 25000
9 42 106 25000
9 43 105 25000
9 44 121 25000
9 45 127 25000
9 46 131 25000
9 47 115 25000
9 48 118 25000
9 49 119 25000
9 50 138 25000
9 51 111 25000
10 11 136 25000
10 12 133 25000
10 13 114 25000
10 14 127 25000
10 15 131 25000
10 16 144 25000
10 17 111 25000
10 18 135 25000
10 19 111 25000
10 20 126 25000
10 21 143 25000
10 22 125 25000
10 23 109 25000
10 24 117 25000
10 25 136 25000
10 26 128 25000
10 27 112 25000
10 28 116 25000
10 29 123 25000
10 30 120 25000
10 31 123 25000
10 32 119 25000
10 33 136 25000
10 34 119 25000
10 35 133 25000
10 36 136 25000
10 37 115 25000
10 38 120 25000
10 39 89 25000
10 40 130 25000
10 41 135 25000
10 42 148 25000
10 43 121 25000
10 44 120 25000
10 45 123 25000
10 46 111 25000
10 47 107 25000
10 48 105 25000
10 49 126 25000
10 50 115 25000
10 51 134 25000
11 12 134 25000
11 13 127 25000
11 14 122 25000
11 15 127 25000
11 16 123 25000
11 17 122 25000
11 18 132 25000
11 19 103 25000
11 20 127 25000
11 21 130 25000
11 22 138 25000
11 23 121 25000
11 24 130 25000
11 25 150 25000
11 26 142 25000
11 27 112 25000
11 28 120 25000
11 29 133 25000
11 30 138 25000
11 31 130 25000
11 32 143 25000
11 33 112 25000
11 34 124 25000
11 35 121 25000
11 36 120 25000
11 37 113 25000
11 38 132 25000
11 39 110 25000
11 40 132 25000
11 41 128 25000
11 42 143 25000
11 43 144 25000
11 44 118 25000
11 45 121 25000
11 46 122 25000
11 47 138 25000
11 48 117 25000
11 49 123 25000
11 50 138 25000
11 51 119 25000
12 13 121 25000
12 14 122 25000
12 15 135 25000
12 16 136 25000
12 17 133 25000
12 18 144 25000
12 19 120 25000
12 20 123 25000
12 21 109 25000
12 22 129 25000
12 23 108 25000
12 24 133 25000
12 25 122 25000
12 26 135 25000
12 27 134 25000
12 28 128 25000
12 29 145 25000
12 30 128 25000
12 31 140 25000
12 32 138 25000
12 33 133 25000
12 34 139 25000
12 35 118 25000
12 36 130 25000
12 37 125 25000
12 38 123 25000
12 39 158 25000
12 40 126 25000
12 41 149 25000
12 42 123 25000
12 43 129 25000
12 44 131 25000
12 45 122 25000
12 46 128 25000
12 47 131 25000
12 48 145 25000
12 49 111 25000
12 50 134 25000
12 51 123 25000
13 14 132 25000
13 15 131 25000
13 16 122 25000
13 17 124 25000
13 18 125 25000
13 19 145 25000
13 20 130 25000
13 21 140 25000
13 22 119 25000
13 23 144 25000
13 24 126 25000
13 25 145 25000
13 26 107 25000
13 27 111 25000
13 28 127 25000
13 29 144 25000
13 30 119 25000
13 31 119 25000
13 32 136 25000
13 33 117 25000
13 34 114 25000
13 35 101 25000
13 36 118 25000
13 37 123 25000
13 38 102 25000
13 39 119 25000
13 40 133 25000
13 41 109 25000
13 42 106 25000
13 43 129 25000
13 44 126 25000
13 45 116 25000
13 46 133 25000
13 47 107 25000
13 48 116 25000
13 49 123 25000
13 50 123 25000
13 51 114 25000
14 15 118 25000
14 16 101 25000
14 17 121 25000
14 18 120 25000
14 19 113 25000
14 20 117 25000
14 21 114 25000
14 22 135 25000
14 23 128 25000
14 24 138 25000
14 25 130 25000
14 26 113 25000
14 27 114 25000
14 28 106 25000
14 29 119 25000
14 30 122 25000
14 31 127 25000
14 32 121 25000
14 33 128 25000
14 34 129 25000
14 35 112 25000
14 36 131 25000
14 37 111 25000
14 38 105 25000
14 39 100 25000
14 40 130 25000
14 41 112 25000
14 42 123 25000
14 43 106 25000
14 44 140 25000
14 45 116 25000
14 46 144 25000
14 47 131 25000
14 48 129 25000
14 49 131 25000
14 50 134 25000
14 51 104 25000
15 16 125 25000
15 17 137 25000
15 18 126 25000
15 19 129 25000
15 20 133 25000
15 21 131 25000
15 22 129 25000
15 23 154 25000
15 24 144 25000
15 25 124 25000
15 26 127 25000
15 27 131 25000
15 28 122 25000
15 29 127 25000
15 30 131 25000
15 31 107 25000
15 32 117 25000
15 33 122 25000
15 34 127 25000
15 35 118 25000
15 36 124 25000
15 37 126 25000
15 38 123 25000
15 39 116 25000
15 40 111 25000
15 41 110 25000
15 42 145 25000
15 43 134 25000
15 44 108 25000
15 45 133 25000
15 46 127 25000
15 47 126 25000
15 48 117 25000
15 49 114 25000
15 50 134 25000
15 51 114 25000
16 17 141 25000
16 18 136 25000
16 19 126 25000
16 20 111 25000
16 21 124 25000
16 22 123 25000
16 23 106 25000
16 24 139 25000
16 25 138 25000
16 26 131 25000
16 27 108 25000
16 28 121 25000
16 29 148 25000
16 30 115 25000
16 31 110 25000
16 32 124 25000
16 33 122 25000
16 34 113 25000
16 35 129 25000
16 36 122 25000
16 37 130 25000
16 38 136 25000
16 39 133 25000
16 40 117 25000
16 41 120 25000
16 42 111 25000
16 43 123 25000
16 44 106 25000
16 45 124 25000
16 46 124 25000
16 47 105 25000
16 48 102 25000
16 49 102 25000
16 50 93 25000
16 51 120 25000
17 18 128 25000
17 19 108 25000
17 20 124 25000
17 21 127 25000
17 22 130 25000
17 23 126 25000
17 24 133 25000
17 25 123 25000
17 26 118 25000
17 27 143 25000
17 28 122 25000
17 29 125 25000
17 30 109 25000
17 31 116 25000
17 32 113 25000
17 33 132 25000
17 34 135 25000
17 35 117 25000
17 36 106 25000
17 37 139 25000
17 38 123 25000
17 39 116 25000
17 40 120 25000
17 41 127 25000
17 42 138 25000
17 43 125 25000
17 44 130 25000
17 45 105 25000
17 46 139 25000
17 47 122 25000
17 48 114 25000
17 49 120 25000
17 50 122 25000
17 51 120 25000
18 19 125 25000
18 20 115 25000
18 21 136 25000
18 22 126 25000
18 23 127 25000
18 24 127 25000
18 25 157 25000
18 26 116 25000
18 27 127 25000
18 28 117 25000
18 29 134 25000
18 30 142 25000
18 31 114 25000
18 32 119 25000
18 33 125 25000
18 34 124 25000
18 35 132 25000
18 36 127 25000
18 37 129 25000
18 38 127 25000
18 39 127 25000
18 40 128 25000
18 41 136 25000
18 42 133 25000
18 43 129 25000
18 44 125 25000
18 45 123 25000
18 46 111 25000
18 47 123 25000
18 48 124 25000
18 49 122 25000
18 50 105 25000
18 51 130 25000
19 20 118 25000
19 21 118 25000
19 22 115 25000
19 23 138 25000
19 24 127 25000
19 25 123 25000
19 26 115 25000
19 27 126 25000
19 28 129 25000
19 29 120 25000
19 30 108 25000
19 31 130 25000
19 32 125 25000
19 33 133 25000
19 34 96 25000
19 35 134 25000
19 36 126 25000
19 37 115 25000
19 38 110 25000
19 39 133 25000
19 40 134 25000
19 41 134 25000
19 42 109 25000
19 43 107 25000
19 44 106 25000
19 45 112 25000
19 46 106 25000
19 47 142 25000
19 48 144 25000
19 49 112 25000
19 50 112 25000
19 51 132 25000
20 21 133 25000
20 22 127 25000
20 23 132 25000
20 24 108 25000
20 25 131 25000
20 26 118 25000
20 27 131 25000
20 28 124 25000
20 29 116 25000
20 30 128 25000
20 31 123 25000
20 32 145 25000
20 33 117 25000
20 34 146 25000
20 35 124 25000
20 36 119 25000
20 37 120 25000
20 38 117 25000
20 39 127 25000
20 40 127 25000
20 41 138 25000
20 42 126 25000
20 43 103 25000
20 44 140 25000
20 45 116 25000
20 46 112 25000
20 47 137 25000
20 48 139 25000
20 49 106 25000
20 50 125 25000
20 51 119 25000
21 22 131 25000
21 23 115 25000
21 24 146 25000
21 25 132 25000
21 26 126 25000
21 27 130 25000
21 28 127 25000
21 29 138 25000
21 30 117 25000
21 31 122 25000
21 32 120 25000
21 33 117 25000
21 34 137 25000
21 35 107 25000
21 36 118 25000
21 37 130 25000
21 38 125 25000
21 39 124 25000
21 40 140 25000
21 41 118 25000
21 42 130 25000
21 43 132 25000
21 44 154 25000
21 45 143 25000
21 46 127 25000
21 47 135 25000
21 48 119 25000
21 49 119 25000
21 50 129 25000
21 51 144 25000
22 23 145 25000
22 24 146 25000
22 25 132 25000
22 26 108 25000
22 27 119 25000
22 28 106 25000
22 29 131 25000
22 30 126 25000
22 31 129 25000
22 32 109 25000
22 33 123 25000
22 34 129 25000
22 35 120 25000
22 36 132 25000
22 37 128 25000
22 38 111 25000
22 39 126 25000
22 40 136 25000
22 41 95 25000
22 42 123 25000
22 43 121 25000
22 44 114 25000
22 45 123 25000
22 46 117 25000
22 47 134 25000
22 48 119 25000
22 49 112 25000
22 50 128 25000
22 51 126 25000
23 24 151 25000
23 25 136 25000
23 26 151 25000
23 27 117 25000
23 28 126 25000
23 29 117 25000
23 30 130 25000
23 31 145 25000
23 32 128 25000
23 33 142 25000
23 34 119 25000
23 35 141 25000
23 36 130 25000
23 37 121 25000
23 38 134 25000
23 39 106 25000
23 40 118 25000
23 41 136 25000
23 42 126 25000
23 43 119 25000
23 44 137 25000
23 45 122 25000
23 46 132 25000
23 47 121 25000
23 48 117 25000
23 49 114 25000
23 50 140 25000
23 51 112 25000
24 25 148 25000
24 26 123 25000
24 27 135 25000
24 28 134 25000
24 29 124 25000
24 30 105 25000
24 31 122 25000
24 32 138 25000
24 33 113 25000
24 34 126 25000
24 35 107 25000
24 36 116 25000
24 37 129 25000
24 38 130 25000
24 39 116 25000
24 40 128 25000
24 41 134 25000
24 42 123 25000
24 43 130 25000
24 44 141 25000
24 45 105 25000
24 46 127 25000
24 47 156 25000
24 48 120 25000
24 49 138 25000
24 50 117 25000
24 51 113 25000
25 26 122 25000
25 27 125 25000
25 28 136 25000
25 29 137 25000
25 30 117 25000
25 31 110 25000
25 32 122 25000
25 33 130 25000
25 34 135 25000
25 35 159 25000
25 36 129 25000
25 37 120 25000
25 38 127 25000
25 39 123 25000
25 40 148 25000
25 41 140 25000
25 42 112 25000
25 43 134 25000
25 44 139 25000
25 45 137 25000
25 46 133 25000
25 47 155 25000
25 48 152 25000
25 49 124 25000
25 50 129 25000
25 51 131 25000
26 27 127 25000
26 28 138 25000
26 29 123 25000
26 30 89 25000
26 31 127 25000
26 32 126 25000
26 33 136 25000
26 34 121 25000
26 35 127 25000
26 36 129 25000
26 37 129 25000
26 38 141 25000
26 39 121 25000
26 40 115 25000
26 41 134 25000
26 42 108 25000
26 43 129 25000
26 44 125 25000
26 45 117 25000
26 46 120 25000
26 47 120 25000
26 48 145 25000
26 49 118 25000
26 50 111 25000
26 51 119 25000
27 28 120 25000
27 29 148 25000
27 30 137 25000
27 31 128 25000
27 32 122 25000
27 33 126 25000
27 34 121 25000
27 35 107 25000
27 36 136 25000
27 37 130 25000
27 38 116 25000
27 39 119 25000
27 40 117 25000
27 41 101 25000
27 42 110 25000
27 43 116 25000
27 44 115 25000
27 45 140 25000
27 46 120 25000
27 47 119 25000
27 48 123 25000
27 49 118 25000
27 50 139 25000
27 51 108 25000
28 29 140 25000
28 30 137 25000
28 31 129 25000
28 32 110 25000
28 33 129 25000
28 34 133 25000
28 35 118 25000
28 36 120 25000
28 37 116 25000
28 38 148 25000
28 39 116 25000
28 40 131 25000
28 41 123 25000
28 42 108 25000
28 43 113 25000
28 44 141 25000
28 45 126 25000
28 46 111 25000
28 47 99 25000
28 48 97 25000
28 49 139 25000
28 50 121 25000
28 51 119 25000
29 30 134 25000
29 31 127 25000
29 32 138 25000
29 33 127 25000
29 34 121 25000
29 35 123 25000
29 36 133 25000
29 37 137 25000
29 38 147 25000
29 39 124 25000
29 40 122 25000
29 41 139 25000
29 42 116 25000
29 43 114 25000
29 44 117 25000
29 45 116 25000
29 46 142 25000
29 47 118 25000
29 48 112 25000
29 49 106 25000
29 50 120 25000
29 51 130 25000
30 31 144 25000
30 32 112 25000
30 33 128 25000
30 34 158 25000
30 35 120 25000
30 36 135 25000
30 37 124 25000
30 38 132 25000
30 39 134 25000
30 40 136 25000
30 41 121 25000
30 42 124 25000
30 43 110 25000
30 44 144 25000
30 45 101 25000
30 46 113 25000
30 47 136 25000
30 48 122 25000
30 49 118 25000
30 50 116 25000
30 51 140 25000
31 32 148 25000
31 33 129 25000
31 34 128 25000
31 35 123 25000
31 36 129 25000
31 37 109 25000
31 38 152 25000
31 39 111 25000
31 40 130 25000
31 41 127 25000
31 42 139 25000
31 43 123 25000
31 44 117 25000
31 45 107 25000
31 46 144 25000
31 47 135 25000
31 48 125 25000
31 49 137 25000
31 50 130 25000
31 51 109 25000
32 33 124 25000
32 34 124 25000
32 35 115 25000
32 36 131 25000
32 37 122 25000
32 38 120 25000
32 39 118 25000
32 40 118 25000
32 41 128 25000
32 42 106 25000
32 43 118 25000
32 44 109 25000
32 45 127 25000
32 46 142 25000
32 47 139 25000
32 48 117 25000
32 49 133 25000
32 50 134 25000
32 51 123 25000
33 34 121 25000
33 35 121 25000
33 36 117 25000
33 37 117 25000
33 38 125 25000
33 39 118 25000
33 40 145 25000
33 41 115 25000
33 42 127 25000
33 43 101 25000
33 44 132 25000
33 45 121 25000
33 46 115 25000
33 47 119 25000
33 48 121 25000
33 49 132 25000
33 50 125 25000
33 51 128 25000
34 35 149 25000
34 36 134 25000
34 37 143 25000
34 38 126 25000
34 39 138 25000
34 40 107 25000
34 41 112 25000
34 42 108 25000
34 43 127 25000
34 44 127 25000
34 45 128 25000
34 46 123 25000
34 47 134 25000
34 48 112 25000
34 49 132 25000
34 50 122 25000
34 51 144 25000
35 36 132 25000
35 37 125 25000
35 38 143 25000
35 39 122 25000
35 40 145 25000
35 41 116 25000
35 42 132 25000
35 43 125 25000
35 44 142 25000
35 45 101 25000
35 46 134 25000
35 47 109 25000
35 48 97 25000
35 49 113 25000
35 50 122 25000
35 51 147 25000
36 37 136 25000
36 38 119 25000
36 39 126 25000
36 40 119 25000
36 41 126 25000
36 42 119 25000
36 43 119 25000
36 44 125 25000
36 45 125 25000
36 46 116 25000
36 47 142 25000
36 48 128 25000
36 49 122 25000
36 50 133 25000
36 51 114 25000
37 38 154 25000
37 39 132 25000
37 40 113 25000
37 41 129 25000
37 42 143 25000
37 43 128 25000
37 44 119 25000
37 45 142 25000
37 46 142 25000
37 47 143 25000
37 48 131 25000
37 49 121 25000
37 50 133 25000
37 51 114 25000
38 39 129 25000
38 40 124 25000
38 41 135 25000
38 42 132 25000
38 43 108 25000
38 44 130 25000
38 45 139 25000
38 46 117 25000
38 47 117 25000
38 48 132 25000
38 49 124 25000
38 50 149 25000
38 51 115 25000
39 40 129 25000
39 41 122 25000
39 42 136 25000
39 43 122 25000
39 44 135 25000
39 45 126 25000
39 46 129 25000
39 47 127 25000
39 48 117 25000
39 49 146 25000
39 50 125 25000
39 51 123 25000
40 41 138 25000
40 42 150 25000
40 43 133 25000
40 44 120 25000
40 45 142 25000
40 46 128 25000
40 47 137 25000
40 48 114 25000
40 49 148 25000
40 50 130 25000
40 51 128 25000
41 42 126 25000
41 43 135 25000
41 44 129 25000
41 45 125 25000
41 46 145 25000
41 47 116 25000
41 48 119 25000
41 49 135 25000
41 50 141 25000
41 51 128 25000
42 43 145 25000
42 44 144 25000
42 45 115 25000
42 46 149 25000
42 47 113 25000
42 48 140 25000
42 49 124 25000
42 50 117 25000
42 51 121 25000
43 44 134 25000
43 45 127 25000
43 46 135 25000
43 47 141 25000
43 48 162 25000
43 49 137 25000
43 50 133 25000
43 51 125 25000
44 45 136 25000
44 46 133 25000
44 47 135 25000
44 48 135 25000
44 49 132 25000
44 50 137 25000
44 51 132 25000
45 46 152 25000
45 47 169 25000
45 48 137 25000
45 49 142 25000
45 50 146 25000
45 51 103 25000
46 47 129 25000
46 48 151 25000
46 49 111 25000
46 50 135 25000
46 51 132 25000
47 48 135 25000
47 49 131 25000
47 50 134 25000
47 51 135 25000
48 49 124 25000
48 50 123 25000
48 51 121 25000
49 50 128 25000
49 51 137 25000
50 51 127 25000
