0 1 137 25000
0 2 140 25000
0 3 143 25000
0 4 147 25000
0 5 132 25000
0 6 119 25000
0 7 138 25000
0 8 144 25000
0 9 122 25000
0 10 146 25000
0 11 116 25000
0 12 122 25000
0 13 121 25000
0 14 122 25000
0 15 141 25000
0 16 125 25000
0 17 130 25000
0 18 113 25000
0 19 145 25000
0 20 94 25000
0 21 144 25000
0 22 124 25000
0 23 127 25000
0 24 118 25000
0 25 143 25000
0 26 128 25000
0 27 140 25000
0 28 121 25000
0 29 130 25000
0 30 102 25000
0 31 119 25000
0 32 138 25000
0 33 134 25000
0 34 130 25000
0 35 121 25000
0 36 107 25000
0 37 132 25000
0 38 128 25000
0 39 131 25000
0 40 115 25000
0 41 119 25000
0 42 122 25000
0 43 119 25000
0 44 120 25000
0 45 113 25000
0 46 118 25000
0 47 126 25000
0 48 126 25000
0 49 117 25000
0 50 122 25000
0 51 131 25000
1 2 113 25000
1 3 121 25000
1 4 110 25000
1 5 130 25000
1 6 135 25000
1 7 137 25000
1 8 123 25000
1 9 142 25000
1 10 137 25000
1 11 113 25000
1 12 137 25000
1 13 110 25000
1 14 114 25000
1 15 144 25000
1 16 130 25000
1 17 129 25000
1 18 122 25000
1 19 148 25000
1 20 112 25000
1 21 131 25000
1 22 141 25000
1 23 109 25000
1 24 116 25000
1 25 135 25000
1 26 112 25000
1 27 132 25000
1 28 127 25000
1 29 126 25000
1 30 109 25000
1 31 123 25000
1 32 104 25000
1 33 123 25000
1 34 126 25000
1 35 126 25000
1 36 129 25000
1 37 107 25000
1 38 112 25000
1 39 115 25000
1 40 120 25000
1 41 123 25000
1 42 129 25000
1 43 120 25000
1 44 120 25000
1 45 126 25000
1 46 129 25000
1 47 122 25000
1 48 133 25000
1 49 123 25000
1 50 123 25000
1 51 126 25000
2 3 136 25000
2 4 113 25000
2 5 132 25000
2 6 121 25000
2 7 132 25000
2 8 144 25000
2 9 132 25000
2 10 121 25000
2 11 129 25000
2 12 132 25000
2 13 119 25000
2 14 132 25000
2 15 121 25000
2 16 137 25000
2 17 137 25000
2 18 112 25000
2 19 131 25000
2 20 135 25000
2 21 136 25000
2 22 117 25000
2 23 132 25000
2 24 137 25000
2 25 132 25000
2 26 124 25000
2 27 102 25000
2 28 114 25000
2 29 114 25000
2 30 128 25000
2 31 125 25000
2 32 130 25000
2 33 117 25000
2 34 116 25000
2 35 125 25000
2 36 146 25000
2 37 140 25000
2 38 119 25000
2 39 111 25000
2 40 134 25000
2 41 124 25000
2 42 128 25000
2 43 115 25000
2 44 122 25000
2 45 128 25000
2 46 129 25000
2 47 120 25000
2 48 113 25000
2 49 124 25000
2 50 126 25000
2 51 138 25000
3 4 114 25000
3 5 133 25000
3 6 112 25000
3 7 130 25000
3 8 134 25000
3 9 122 25000
3 10 128 25000
3 11 116 25000
3 12 139 25000
3 13 132 25000
3 14 146 25000
3 15 128 25000
3 16 121 25000
3 17 137 25000
3 18 115 25000
3 19 132 25000
3 20 141 25000
3 21 126 25000
3 22 114 25000
3 23 124 25000
3 24 111 25000
3 25 116 25000
3 26 124 25000
3 27 138 25000
3 28 119 25000
3 29 108 25000
3 30 120 25000
3 31 123 25000
3 32 117 25000
3 33 113 25000
3 34 122 25000
3 35 127 25000
3 36 114 25000
3 37 110 25000
3 38 135 25000
3 39 122 25000
3 40 115 25000
3 41 128 25000
3 42 146 25000
3 43 140 25000
3 44 128 25000
3 45 101 25000
3 46 137 25000
3 47 122 25000
3 48 108 25000
3 49 117 25000
3 50 102 25000
3 51 129 25000
4 5 119 25000
4 6 127 25000
4 7 134 25000
4 8 113 25000
4 9 128 25000
4 10 123 25000
4 11 129 25000
4 12 112 25000
4 13 124 25000
4 14 123 25000
4 15 124 25000
4 16 133 25000
4 17 129 25000
4 18 130 25000
4 19 136 25000
4 20 153 25000
4 21 123 25000
4 22 121 25000
4 23 119 25000
4 24 137 25000
4 25 127 25000
4 26 130 25000
4 27 104 25000
4 28 118 25000
4 29 112 25000
4 30 119 25000
4 31 133 25000
4 32 107 25000
4 33 109 25000
4 34 111 25000
4 35 140 25000
4 36 125 25000
4 37 130 25000
4 38 115 25000
4 39 127 25000
4 40 137 25000
4 41 130 25000
4 42 126 25000
4 43 118 25000
4 44 132 25000
4 45 126 25000
4 46 112 25000
4 47 122 25000
4 48 135 25000
4 49 130 25000
4 50 126 25000
4 51 115 25000
5 6 142 25000
5 7 113 25000
5 8 136 25000
5 9 120 25000
5 10 128 25000
5 11 158 25000
5 12 133 25000
5 13 118 25000
5 14 99 25000
5 15 103 25000
5 16 115 25000
5 17 121 25000
5 18 112 25000
5 19 109 25000
5 20 143 25000
5 21 123 25000
5 22 153 25000
5 23 116 25000
5 24 110 25000
5 25 123 25000
5 26 123 25000
5 27 133 25000
5 28 125 25000
5 29 113 25000
5 30 139 25000
5 31 126 25000
5 32 133 25000
5 33 123 25000
5 34 128 25000
5 35 148 25000
5 36 128 25000
5 37 130 25000
5 38 102 25000
5 39 123 25000
5 40 124 25000
5 41 110 25000
5 42 121 25000
5 43 138 25000
5 44 117 25000
5 45 118 25000
5 46 121 25000
5 47 146 25000
5 48 135 25000
5 49 125 25000
5 50 117 25000
5 51 123 25000
6 7 118 25000
6 8 135 25000
6 9 128 25000
6 10 153 25000
6 11 118 25000
6 12 133 25000
6 13 142 25000
6 14 141 25000
6 15 128 25000
6 16 118 25000
6 17 109 25000
6 18 118 25000
6 19 126 25000
6 20 120 25000
6 21 124 25000
6 22 105 25000
6 23 127 25000
6 24 130 25000
6 25 140 25000
6 26 141 25000
6 27 126 25000
6 28 139 25000
6 29 113 25000
6 30 136 25000
6 31 120 25000
6 32 124 25000
6 33 124 25000
6 34 120 25000
6 35 126 25000
6 36 119 25000
6 37 121 25000
6 38 128 25000
6 39 123 25000
6 40 121 25000
6 41 114 25000
6 42 122 25000
6 43 114 25000
6 44 119 25000
6 45 128 25000
6 46 142 25000
6 47 112 25000
6 48 118 25000
6 49 169 25000
6 50 120 25000
6 51 125 25000
7 8 131 25000
7 9 127 25000
7 10 134 25000
7 11 133 25000
7 12 137 25000
7 13 141 25000
7 14 128 25000
7 15 123 25000
7 16 119 25000
7 17 126 25000
7 18 118 25000
7 19 121 25000
7 20 135 25000
7 21 128 25000
7 22 119 25000
7 23 117 25000
7 24 131 25000
7 25 121 25000
7 26 117 25000
7 27 118 25000
7 28 129 25000
7 29 113 25000
7 30 128 25000
7 31 121 25000
7 32 117 25000
7 33 121 25000
7 34 137 25000
7 35 107 25000
7 36 126 25000
7 37 122 25000
7 38 106 25000
7 39 128 25000
7 40 101 25000
7 41 127 25000
7 42 131 25000
7 43 121 25000
7 44 113 25000
7 45 106 25000
7 46 100 25000
7 47 116 25000
7 48 133 25000
7 49 129 25000
7 50 118 25000
7 51 113 25000
8 9 126 25000
8 10 117 25000
8 11 119 25000
8 12 138 25000
8 13 133 25000
8 14 116 25000
8 15 140 25000
8 16 113 25000
8 17 113 25000
8 18 125 25000
8 19 147 25000
8 20 119 25000
8 21 109 25000
8 22 116 25000
8 23 123 25000
8 24 129 25000
8 25 119 25000
8 26 119 25000
8 27 147 25000
8 28 131 25000
8 29 105 25000
8 30 104 25000
8 31 132 25000
8 32 115 25000
8 33 104 25000
8 34 137 25000
8 35 100 25000
8 36 128 25000
8 37 133 25000
8 38 129 25000
8 39 124 25000
8 40 131 25000
8 41 122 25000
8 42 121 25000
8 43 119 25000
8 44 113 25000
8 45 138 25000
8 46 115 25000
8 47 122 25000
8 48 120 25000
8 49 114 25000
8 50 111 25000
8 51 128 25000
9 10 132 25000
9 11 136 25000
9 12 102 25000
9 13 132 25000
9 14 106 25000
9 15 133 25000
9 16 112 25000
9 17 125 25000
9 18 130 25000
9 19 132 25000
9 20 121 25000
9 21 127 25000
9 22 100 25000
9 23 134 25000
9 24 115 25000
9 25 129 25000
9 26 122 25000
9 27 116 25000
9 28 117 25000
9 29 120 25000
9 30 114 25000
9 31 127 25000
9 32 136 25000
9 33 127 25000
9 34 100 25000
9 35 129 25000
9 36 115 25000
9 37 98 25000
9 38 130 25000
9 39 109 25000
9 40 129 25000
9 41 112 25000
9 42 107 25000
9 43 123 25000
9 44 129 25000
9 45 122 25000
9 46 140 25000
9 47 135 25000
9 48 120 25000
9 49 133 25000
9 50 115 25000
9 51 119 25000
10 11 132 25000
10 12 120 25000
10 13 130 25000
10 14 125 25000
10 15 115 25000
10 16 112 25000
10 17 129 25000
10 18 117 25000
10 19 129 25000
10 20 119 25000
10 21 137 25000
10 22 130 25000
10 23 118 25000
10 24 113 25000
10 25 112 25000
10 26 120 25000
10 27 116 25000
10 28 134 25000
10 29 109 25000
10 30 107 25000
10 31 107 25000
10 32 129 25000
10 33 132 25000
10 34 127 25000
10 35 115 25000
10 36 135 25000
10 37 99 25000
10 38 133 25000
10 39 129 25000
10 40 132 25000
10 41 129 25000
10 42 136 25000
10 43 114 25000
10 44 125 25000
10 45 142 25000
10 46 135 25000
10 47 132 25000
10 48 141 25000
10 49 134 25000
10 50 124 25000
10 51 128 25000
11 12 145 25000
11 13 142 25000
11 14 149 25000
11 15 143 25000
11 16 132 25000
11 17 111 25000
11 18 109 25000
11 19 135 25000
11 20 124 25000
11 21 116 25000
11 22 121 25000
11 23 127 25000
11 24 121 25000
11 25 121 25000
11 26 124 25000
11 27 110 25000
11 28 100 25000
11 29 92 25000
11 30 132 25000
11 31 123 25000
11 32 97 25000
11 33 103 25000
11 34 128 25000
11 35 123 25000
11 36 88 25000
11 37 125 25000
11 38 99 25000
11 39 117 25000
11 40 87 25000
11 41 129 25000
11 42 105 25000
11 43 105 25000
11 44 130 25000
11 45 140 25000
11 46 133 25000
11 47 128 25000
11 48 93 25000
11 49 133 25000
11 50 117 25000
11 51 135 25000
12 13 124 25000
12 14 118 25000
12 15 131 25000
12 16 112 25000
12 17 137 25000
12 18 129 25000
12 19 143 25000
12 20 114 25000
12 21 140 25000
12 22 119 25000
12 23 126 25000
12 24 118 25000
12 25 123 25000
12 26 127 25000
12 27 132 25000
12 28 115 25000
12 29 110 25000
12 30 143 25000
12 31 126 25000
12 32 104 25000
12 33 139 25000
12 34 124 25000
12 35 137 25000
12 36 107 25000
12 37 107 25000
12 38 136 25000
12 39 104 25000
12 40 115 25000
12 41 129 25000
12 42 150 25000
12 43 126 25000
12 44 118 25000
12 45 120 25000
12 46 130 25000
12 47 122 25000
12 48 108 25000
12 49 165 25000
12 50 144 25000
12 51 121 25000
13 14 142 25000
13 15 124 25000
13 16 121 25000
13 17 131 25000
13 18 113 25000
13 19 120 25000
13 20 124 25000
13 21 119 25000
13 22 143 25000
13 23 124 25000
13 24 112 25000
13 25 132 25000
13 26 137 25000
13 27 123 25000
13 28 114 25000
13 29 122 25000
13 30 117 25000
13 31 106 25000
13 32 123 25000
13 33 119 25000
13 34 135 25000
13 35 120 25000
13 36 132 25000
13 37 128 25000
13 38 135 25000
13 39 112 25000
13 40 97 25000
13 41 107 25000
13 42 119 25000
13 43 130 25000
13 44 123 25000
13 45 127 25000
13 46 105 25000
13 47 128 25000
13 48 118 25000
13 49 124 25000
13 50 134 25000
13 51 141 25000
14 15 150 25000
14 16 113 25000
14 17 124 25000
14 18 114 25000
14 19 129 25000
14 20 115 25000
14 21 140 25000
14 22 153 25000
14 23 117 25000
14 24 125 25000
14 25 126 25000
14 26 125 25000
14 27 107 25000
14 28 127 25000
14 29 113 25000
14 30 126 25000
14 31 125 25000
14 32 127 25000
14 33 112 25000
14 34 111 25000
14 35 127 25000
14 36 119 25000
14 37 150 25000
14 38 129 25000
14 39 117 25000
14 40 140 25000
14 41 96 25000
14 42 112 25000
14 43 126 25000
14 44 121 25000
14 45 100 25000
14 46 104 25000
14 47 132 25000
14 48 135 25000
14 49 108 25000
14 50 97 25000
14 51 102 25000
15 16 137 25000
15 17 114 25000
15 18 119 25000
15 19 137 25000
15 20 114 25000
15 21 134 25000
15 22 119 25000
15 23 127 25000
15 24 120 25000
15 25 145 25000
15 26 120 25000
15 27 126 25000
15 28 132 25000
15 29 132 25000
15 30 115 25000
15 31 109 25000
15 32 134 25000
15 33 133 25000
15 34 125 25000
15 35 140 25000
15 36 123 25000
15 37 125 25000
15 38 118 25000
15 39 115 25000
15 40 112 25000
15 41 116 25000
15 42 129 25000
15 43 137 25000
15 44 122 25000
15 45 135 25000
15 46 128 25000
15 47 122 25000
15 48 100 25000
15 49 130 25000
15 50 128 25000
15 51 118 25000
16 17 146 25000
16 18 140 25000
16 19 140 25000
16 20 114 25000
16 21 137 25000
16 22 126 25000
16 23 132 25000
16 24 121 25000
16 25 130 25000
16 26 128 25000
16 27 125 25000
16 28 126 25000
16 29 98 25000
16 30 141 25000
16 31 119 25000
16 32 127 25000
16 33 129 25000
16 34 114 25000
16 35 118 25000
16 36 120 25000
16 37 109 25000
16 38 130 25000
16 39 112 25000
16 40 142 25000
16 41 129 25000
16 42 113 25000
16 43 120 25000
16 44 140 25000
16 45 132 25000
16 46 96 25000
16 47 125 25000
16 48 104 25000
16 49 139 25000
16 50 115 25000
16 51 127 25000
17 18 136 25000
17 19 109 25000
17 20 124 25000
17 21 124 25000
17 22 131 25000
17 23 129 25000
17 24 136 25000
17 25 145 25000
17 26 145 25000
17 27 115 25000
17 28 135 25000
17 29 109 25000
17 30 139 25000
17 31 116 25000
17 32 121 25000
17 33 125 25000
17 34 111 25000
17 35 129 25000
17 36 130 25000
17 37 127 25000
17 38 147 25000
17 39 133 25000
17 40 109 25000
17 41 119 25000
17 42 130 25000
17 43 119 25000
17 44 113 25000
17 45 129 25000
17 46 135 25000
17 47 121 25000
17 48 108 25000
17 49 138 25000
17 50 124 25000
17 51 141 25000
18 19 137 25000
18 20 101 25000
18 21 116 25000
18 22 123 25000
18 23 123 25000
18 24 106 25000
18 25 152 25000
18 26 124 25000
18 27 115 25000
18 28 126 25000
18 29 104 25000
18 30 107 25000
18 31 119 25000
18 32 106 25000
18 33 108 25000
18 34 115 25000
18 35 119 25000
18 36 106 25000
18 37 121 25000
18 38 137 25000
18 39 141 25000
18 40 122 25000
18 41 129 25000
18 42 111 25000
18 43 114 25000
18 44 137 25000
18 45 113 25000
18 46 122 25000
18 47 102 25000
18 48 126 25000
18 49 116 25000
18 50 116 25000
18 51 124 25000
19 20 133 25000
19 21 135 25000
19 22 139 25000
19 23 147 25000
19 24 138 25000
19 25 142 25000
19 26 142 25000
19 27 116 25000
19 28 121 25000
19 29 122 25000
19 30 134 25000
19 31 114 25000
19 32 116 25000
19 33 140 25000
19 34 121 25000
19 35 112 25000
19 36 123 25000
19 37 133 25000
19 38 116 25000
19 39 125 25000
19 40 137 25000
19 41 131 25000
19 42 121 25000
19 43 137 25000
19 44 140 25000
19 45 118 25000
19 46 138 25000
19 47 127 25000
19 48 125 25000
19 49 126 25000
19 50 125 25000
19 51 145 25000
20 21 107 25000
20 22 112 25000
20 23 134 25000
20 24 129 25000
20 25 148 25000
20 26 126 25000
20 27 105 25000
20 28 123 25000
20 29 130 25000
20 30 127 25000
20 31 122 25000
20 32 121 25000
20 33 104 25000
20 34 117 25000
20 35 111 25000
20 36 124 25000
20 37 115 25000
20 38 123 25000
20 39 148 25000
20 40 120 25000
20 41 131 25000
20 42 123 25000
20 43 125 25000
20 44 144 25000
20 45 122 25000
20 46 109 25000
20 47 110 25000
20 48 114 25000
20 49 119 25000
20 50 130 25000
20 51 118 25000
21 22 125 25000
21 23 136 25000
21 24 134 25000
21 25 138 25000
21 26 136 25000
21 27 123 25000
21 28 121 25000
21 29 116 25000
21 30 120 25000
21 31 128 25000
21 32 108 25000
21 33 122 25000
21 34 143 25000
21 35 116 25000
21 36 121 25000
21 37 123 25000
21 38 124 25000
21 39 132 25000
21 40 134 25000
21 41 134 25000
21 42 109 25000
21 43 122 25000
21 44 130 25000
21 45 145 25000
21 46 140 25000
21 47 105 25000
21 48 131 25000
21 49 115 25000
21 50 106 25000
21 51 121 25000
22 23 146 25000
22 24 128 25000
22 25 156 25000
22 26 111 25000
22 27 110 25000
22 28 135 25000
22 29 113 25000
22 30 118 25000
22 31 126 25000
22 32 126 25000
22 33 135 25000
22 34 124 25000
22 35 127 25000
22 36 131 25000
22 37 121 25000
22 38 135 25000
22 39 150 25000
22 40 121 25000
22 41 124 25000
22 42 122 25000
22 43 122 25000
22 44 126 25000
22 45 132 25000
22 46 133 25000
22 47 116 25000
22 48 127 25000
22 49 104 25000
22 50 116 25000
22 51 119 25000
23 24 138 25000
23 25 129 25000
23 26 142 25000
23 27 141 25000
23 28 130 25000
23 29 115 25000
23 30 119 25000
23 31 117 25000
23 32 119 25000
23 33 126 25000
23 34 129 25000
23 35 141 25000
23 36 127 25000
23 37 134 25000
23 38 156 25000
23 39 121 25000
23 40 113 25000
23 41 123 25000
23 42 127 25000
23 43 131 25000
23 44 106 25000
23 45 122 25000
23 46 137 25000
23 47 123 25000
23 48 117 25000
23 49 121 25000
23 50 140 25000
23 51 128 25000
24 25 150 25000
24 26 110 25000
24 27 108 25000
24 28 118 25000
24 29 108 25000
24 30 127 25000
24 31 129 25000
24 32 130 25000
24 33 113 25000
24 34 120 25000
24 35 100 25000
24 36 150 25000
24 37 130 25000
24 38 114 25000
24 39 112 25000
24 40 131 25000
24 41 120 25000
24 42 117 25000
24 43 120 25000
24 44 115 25000
24 45 118 25000
24 46 129 25000
24 47 120 25000
24 48 112 25000
24 49 115 25000
24 50 119 25000
24 51 130 25000
25 26 134 25000
25 27 124 25000
25 28 131 25000
25 29 134 25000
25 30 128 25000
25 31 126 25000
25 32 147 25000
25 33 127 25000
25 34 133 25000
25 35 123 25000
25 36 140 25000
25 37 127 25000
25 38 129 25000
25 39 136 25000
25 40 132 25000
25 41 122 25000
25 42 129 25000
25 43 136 25000
25 44 135 25000
25 45 122 25000
25 46 142 25000
25 47 147 25000
25 48 137 25000
25 49 119 25000
25 50 127 25000
25 51 115 25000
26 27 153 25000
26 28 118 25000
26 29 119 25000
26 30 122 25000
26 31 163 25000
26 32 122 25000
26 33 129 25000
26 34 136 25000
26 35 123 25000
26 36 145 25000
26 37 123 25000
26 38 123 25000
26 39 139 25000
26 40 120 25000
26 41 123 25000
26 42 120 25000
26 43 133 25000
26 44 126 25000
26 45 126 25000
26 46 134 25000
26 47 132 25000
26 48 119 25000
26 49 108 25000
26 50 117 25000
26 51 137 25000
27 28 151 25000
27 29 149 25000
27 30 141 25000
27 31 127 25000
27 32 106 25000
27 33 110 25000
27 34 121 25000
27 35 133 25000
27 36 121 25000
27 37 125 25000
27 38 135 25000
27 39 125 25000
27 40 119 25000
27 41 108 25000
27 42 103 25000
27 43 113 25000
27 44 133 25000
27 45 119 25000
27 46 135 25000
27 47 120 25000
27 48 125 25000
27 49 121 25000
27 50 125 25000
27 51 108 25000
28 29 128 25000
28 30 126 25000
28 31 128 25000
28 32 134 25000
28 33 109 25000
28 34 124 25000
28 35 128 25000
28 36 141 25000
28 37 127 25000
28 38 147 25000
28 39 119 25000
28 40 119 25000
28 41 103 25000
28 42 119 25000
28 43 98 25000
28 44 124 25000
28 45 116 25000
28 46 114 25000
28 47 104 25000
28 48 114 25000
28 49 136 25000
28 50 129 25000
28 51 131 25000
29 30 120 25000
29 31 135 25000
29 32 141 25000
29 33 142 25000
29 34 115 25000
29 35 115 25000
29 36 132 25000
29 37 128 25000
29 38 137 25000
29 39 109 25000
29 40 130 25000
29 41 123 25000
29 42 122 25000
29 43 126 25000
29 44 129 25000
29 45 111 25000
29 46 125 25000
29 47 126 25000
29 48 114 25000
29 49 128 25000
29 50 122 25000
29 51 118 25000
30 31 109 25000
30 32 110 25000
30 33 138 25000
30 34 145 25000
30 35 111 25000
30 36 127 25000
30 37 131 25000
30 38 133 25000
30 39 116 25000
30 40 128 25000
30 41 99 25000
30 42 134 25000
30 43 112 25000
30 44 116 25000
30 45 118 25000
30 46 123 25000
30 47 131 25000
30 48 118 25000
30 49 140 25000
30 50 110 25000
30 51 111 25000
31 32 136 25000
31 33 136 25000
31 34 119 25000
31 35 150 25000
31 36 126 25000
31 37 130 25000
31 38 126 25000
31 39 99 25000
31 40 127 25000
31 41 83 25000
31 42 112 25000
31 43 124 25000
31 44 119 25000
31 45 85 25000
31 46 129 25000
31 47 110 25000
31 48 115 25000
31 49 128 25000
31 50 127 25000
31 51 122 25000
32 33 138 25000
32 34 155 25000
32 35 118 25000
32 36 131 25000
32 37 121 25000
32 38 139 25000
32 39 121 25000
32 40 120 25000
32 41 97 25000
32 42 106 25000
32 43 120 25000
32 44 114 25000
32 45 128 25000
32 46 103 25000
32 47 124 25000
32 48 100 25000
32 49 120 25000
32 50 127 25000
32 51 148 25000
33 34 117 25000
33 35 109 25000
33 36 130 25000
33 37 124 25000
33 38 135 25000
33 39 138 25000
33 40 115 25000
33 41 128 25000
33 42 110 25000
33 43 113 25000
33 44 115 25000
33 45 113 25000
33 46 135 25000
33 47 142 25000
33 48 106 25000
33 49 143 25000
33 50 119 25000
33 51 138 25000
34 35 150 25000
34 36 145 25000
34 37 142 25000
34 38 117 25000
34 39 120 25000
34 40 132 25000
34 41 145 25000
34 42 102 25000
34 43 138 25000
34 44 132 25000
34 45 115 25000
34 46 119 25000
34 47 107 25000
34 48 137 25000
34 49 135 25000
34 50 130 25000
34 51 125 25000
35 36 129 25000
35 37 131 25000
35 38 133 25000
35 39 117 25000
35 40 135 25000
35 41 136 25000
35 42 119 25000
35 43 115 25000
35 44 107 25000
35 45 106 25000
35 46 119 25000
35 47 115 25000
35 48 142 25000
35 49 122 25000
35 50 123 25000
35 51 114 25000
36 37 120 25000
36 38 147 25000
36 39 108 25000
36 40 103 25000
36 41 115 25000
36 42 124 25000
36 43 129 25000
36 44 125 25000
36 45 122 25000
36 46 139 25000
36 47 110 25000
36 48 123 25000
36 49 120 25000
36 50 134 25000
36 51 120 25000
37 38 126 25000
37 39 133 25000
37 40 128 25000
37 41 119 25000
37 42 115 25000
37 43 107 25000
37 44 127 25000
37 45 131 25000
37 46 128 25000
37 47 124 25000
37 48 109 25000
37 49 124 25000
37 50 113 25000
37 51 127 25000
38 39 126 25000
38 40 110 25000
38 41 122 25000
38 42 126 25000
38 43 121 25000
38 44 120 25000
38 45 121 25000
38 46 128 25000
38 47 122 25000
38 48 125 25000
38 49 136 25000
38 50 127 25000
38 51 153 25000
39 40 144 25000
39 41 113 25000
39 42 140 25000
39 43 106 25000
39 44 122 25000
39 45 137 25000
39 46 119 25000
39 47 126 25000
39 48 132 25000
39 49 112 25000
39 50 140 25000
39 51 131 25000
40 41 142 25000
40 42 115 25000
40 43 144 25000
40 44 137 25000
40 45 130 25000
40 46 134 25000
40 47 125 25000
40 48 151 25000
40 49 128 25000
40 50 123 25000
40 51 145 25000
41 42 117 25000
41 43 110 25000
41 44 120 25000
41 45 118 25000
41 46 116 25000
41 47 142 25000
41 48 124 25000
41 49 130 25000
41 50 101 25000
41 51 122 25000
42 43 128 25000
42 44 116 25000
42 45 131 25000
42 46 140 25000
42 47 130 25000
42 48 125 25000
42 49 139 25000
42 50 123 25000
42 51 128 25000
43 44 121 25000
43 45 129 25000
43 46 122 25000
43 47 105 25000
43 48 119 25000
43 49 111 25000
43 50 114 25000
43 51 144 25000
44 45 143 25000
44 46 124 25000
44 47 111 25000
44 48 141 25000
44 49 131 25000
44 50 129 25000
44 51 118 25000
45 46 147 25000
45 47 142 25000
45 48 118 25000
45 49 105 25000
45 50 121 25000
45 51 128 25000
46 47 110 25000
46 48 117 25000
46 49 137 25000
46 50 139 25000
46 51 130 25000
47 48 136 25000
47 49 127 25000
47 50 129 25000
47 51 132 25000
48 49 134 25000
48 50 135 25000
48 51 119 25000
49 50 133 25000
49 51 150 25000
50 51 140 25000
