0 1 103 25000
0 2 112 25000
0 3 119 25000
0 4 103 25000
0 5 112 25000
0 6 97 25000
0 7 93 25000
0 8 99 25000
0 9 107 25000
0 10 113 25000
0 11 94 25000
0 12 99 25000
0 13 86 25000
0 14 86 25000
0 15 98 25000
0 16 94 25000
0 17 75 25000
0 18 88 25000
0 19 87 25000
0 20 82 25000
0 21 93 25000
0 22 71 25000
0 23 85 25000
0 24 94 25000
0 25 87 25000
0 26 86 25000
0 27 88 25000
0 28 88 25000
0 29 75 25000
0 30 75 25000
0 31 80 25000
0 32 98 25000
0 33 95 25000
0 34 87 25000
0 35 96 25000
0 36 90 25000
0 37 86 25000
0 38 71 25000
0 39 88 25000
0 40 87 25000
0 41 67 25000
0 42 87 25000
0 43 85 25000
0 44 90 25000
0 45 66 25000
0 46 84 25000
0 47 89 25000
0 48 83 25000
0 49 87 25000
0 50 82 25000
0 51 86 25000
1 2 98 25000
1 3 93 25000
1 4 87 25000
1 5 105 25000
1 6 96 25000
1 7 103 25000
1 8 102 25000
1 9 93 25000
1 10 90 25000
1 11 85 25000
1 12 130 25000
1 13 92 25000
1 14 93 25000
1 15 104 25000
1 16 85 25000
1 17 102 25000
1 18 85 25000
1 19 96 25000
1 20 84 25000
1 21 93 25000
1 22 103 25000
1 23 83 25000
1 24 87 25000
1 25 93 25000
1 26 72 25000
1 27 93 25000
1 28 76 25000
1 29 80 25000
1 30 92 25000
1 31 82 25000
1 32 71 25000
1 33 86 25000
1 34 97 25000
1 35 102 25000
1 36 88 25000
1 37 73 25000
1 38 84 25000
1 39 86 25000
1 40 85 25000
1 41 89 25000
1 42 89 25000
1 43 86 25000
1 44 90 25000
1 45 93 25000
1 46 86 25000
1 47 87 25000
1 48 97 25000
1 49 82 25000
1 50 83 25000
1 51 91 25000
2 3 95 25000
2 4 93 25000
2 5 102 25000
2 6 91 25000
2 7 99 25000
2 8 107 25000
2 9 87 25000
2 10 100 25000
2 11 105 25000
2 12 106 25000
2 13 83 25000
2 14 100 25000
2 15 72 25000
2 16 88 25000
2 17 88 25000
2 18 98 25000
2 19 84 25000
2 20 110 25000
2 21 90 25000
2 22 90 25000
2 23 85 25000
2 24 94 25000
2 25 97 25000
2 26 83 25000
2 27 75 25000
2 28 85 25000
2 29 93 25000
2 30 85 25000
2 31 92 25000
2 32 83 25000
2 33 78 25000
2 34 82 25000
2 35 62 25000
2 36 90 25000
2 37 96 25000
2 38 82 25000
2 39 87 25000
2 40 91 25000
2 41 81 25000
2 42 77 25000
2 43 94 25000
2 44 76 25000
2 45 75 25000
2 46 96 25000
2 47 85 25000
2 48 80 25000
2 49 84 25000
2 50 94 25000
2 51 87 25000
3 4 92 25000
3 5 91 25000
3 6 102 25000
3 7 125 25000
3 8 117 25000
3 9 109 25000
3 10 125 25000
3 11 103 25000
3 12 122 25000
3 13 83 25000
3 14 105 25000
3 15 91 25000
3 16 85 25000
3 17 88 25000
3 18 77 25000
3 19 95 25000
3 20 98 25000
3 21 87 25000
3 22 72 25000
3 23 77 25000
3 24 79 25000
3 25 78 25000
3 26 100 25000
3 27 92 25000
3 28 100 25000
3 29 92 25000
3 30 98 25000
3 31 104 25000
3 32 64 25000
3 33 83 25000
3 34 76 25000
3 35 88 25000
3 36 67 25000
3 37 81 25000
3 38 91 25000
3 39 88 25000
3 40 80 25000
3 41 83 25000
3 42 93 25000
3 43 89 25000
3 44 79 25000
3 45 97 25000
3 46 98 25000
3 47 99 25000
3 48 78 25000
3 49 70 25000
3 50 68 25000
3 51 89 25000
4 5 101 25000
4 6 101 25000
4 7 112 25000
4 8 100 25000
4 9 98 25000
4 10 103 25000
4 11 86 25000
4 12 111 25000
4 13 97 25000
4 14 83 25000
4 15 86 25000
4 16 105 25000
4 17 91 25000
4 18 98 25000
4 19 105 25000
4 20 114 25000
4 21 95 25000
4 22 81 25000
4 23 95 25000
4 24 100 25000
4 25 85 25000
4 26 89 25000
4 27 90 25000
4 28 86 25000
4 29 70 25000
4 30 81 25000
4 31 97 25000
4 32 84 25000
4 33 92 25000
4 34 74 25000
4 35 76 25000
4 36 101 25000
4 37 69 25000
4 38 71 25000
4 39 80 25000
4 40 82 25000
4 41 84 25000
4 42 95 25000
4 43 74 25000
4 44 80 25000
4 45 83 25000
4 46 79 25000
4 47 89 25000
4 48 87 25000
4 49 86 25000
4 50 80 25000
4 51 78 25000
5 6 116 25000
5 7 93 25000
5 8 91 25000
5 9 87 25000
5 10 93 25000
5 11 111 25000
5 12 104 25000
5 13 78 25000
5 14 77 25000
5 15 80 25000
5 16 80 25000
5 17 77 25000
5 18 64 25000
5 19 77 25000
5 20 91 25000
5 21 76 25000
5 22 82 25000
5 23 95 25000
5 24 77 25000
5 25 89 25000
5 26 91 25000
5 27 79 25000
5 28 88 25000
5 29 71 25000
5 30 79 25000
5 31 82 25000
5 32 96 25000
5 33 78 25000
5 34 71 25000
5 35 86 25000
5 36 65 25000
5 37 85 25000
5 38 79 25000
5 39 81 25000
5 40 93 25000
5 41 72 25000
5 42 100 25000
5 43 97 25000
5 44 97 25000
5 45 70 25000
5 46 86 25000
5 47 100 25000
5 48 91 25000
5 49 64 25000
5 50 93 25000
5 51 86 25000
6 7 83 25000
6 8 109 25000
6 9 101 25000
6 10 100 25000
6 11 97 25000
6 12 123 25000
6 13 86 25000
6 14 90 25000
6 15 83 25000
6 16 81 25000
6 17 79 25000
6 18 89 25000
6 19 91 25000
6 20 98 25000
6 21 84 25000
6 22 98 25000
6 23 98 25000
6 24 79 25000
6 25 100 25000
6 26 92 25000
6 27 86 25000
6 28 99 25000
6 29 82 25000
6 30 76 25000
6 31 70 25000
6 32 80 25000
6 33 83 25000
6 34 100 25000
6 35 89 25000
6 36 75 25000
6 37 83 25000
6 38 73 25000
6 39 82 25000
6 40 85 25000
6 41 82 25000
6 42 75 25000
6 43 80 25000
6 44 83 25000
6 45 98 25000
6 46 88 25000
6 47 76 25000
6 48 83 25000
6 49 91 25000
6 50 83 25000
6 51 76 25000
7 8 94 25000
7 9 90 25000
7 10 86 25000
7 11 110 25000
7 12 113 25000
7 13 104 25000
7 14 83 25000
7 15 78 25000
7 16 83 25000
7 17 80 25000
7 18 75 25000
7 19 93 25000
7 20 86 25000
7 21 92 25000
7 22 91 25000
7 23 94 25000
7 24 78 25000
7 25 83 25000
7 26 75 25000
7 27 75 25000
7 28 88 25000
7 29 72 25000
7 30 85 25000
7 31 81 25000
7 32 79 25000
7 33 100 25000
7 34 72 25000
7 35 85 25000
7 36 71 25000
7 37 77 25000
7 38 74 25000
7 39 94 25000
7 40 67 25000
7 41 84 25000
7 42 75 25000
7 43 84 25000
7 44 70 25000
7 45 73 25000
7 46 80 25000
7 47 83 25000
7 48 87 25000
7 49 99 25000
7 50 86 25000
7 51 84 25000
8 9 97 25000
8 10 80 25000
8 11 101 25000
8 12 100 25000
8 13 90 25000
8 14 100 25000
8 15 101 25000
8 16 80 25000
8 17 65 25000
8 18 88 25000
8 19 95 25000
8 20 81 25000
8 21 81 25000
8 22 90 25000
8 23 94 25000
8 24 92 25000
8 25 83 25000
8 26 83 25000
8 27 86 25000
8 28 75 25000
8 29 77 25000
8 30 63 25000
8 31 85 25000
8 32 73 25000
8 33 70 25000
8 34 87 25000
8 35 80 25000
8 36 96 25000
8 37 76 25000
8 38 91 25000
8 39 94 25000
8 40 79 25000
8 41 84 25000
8 42 87 25000
8 43 75 25000
8 44 80 25000
8 45 84 25000
8 46 84 25000
8 47 74 25000
8 48 74 25000
8 49 68 25000
8 50 80 25000
8 51 74 25000
9 10 111 25000
9 11 92 25000
9 12 86 25000
9 13 95 25000
9 14 80 25000
9 15 106 25000
9 16 79 25000
9 17 80 25000
9 18 88 25000
9 19 89 25000
9 20 93 25000
9 21 88 25000
9 22 66 25000
9 23 90 25000
9 24 75 25000
9 25 77 25000
9 26 76 25000
9 27 73 25000
9 28 90 25000
9 29 66 25000
9 30 80 25000
9 31 97 25000
9 32 102 25000
9 33 92 25000
9 34 73 25000
9 35 76 25000
9 36 77 25000
9 37 71 25000
9 38 100 25000
9 39 77 25000
9 40 73 25000
9 41 93 25000
9 42 81 25000
9 43 73 25000
9 44 80 25000
9 45 86 25000
9 46 92 25000
9 47 92 25000
9 48 83 25000
9 49 90 25000
9 50 90 25000
9 51 78 25000
10 11 84 25000
10 12 114 25000
10 13 114 25000
10 14 100 25000
10 15 86 25000
10 16 64 25000
10 17 87 25000
10 18 74 25000
10 19 97 25000
10 20 96 25000
10 21 91 25000
10 22 93 25000
10 23 81 25000
10 24 95 25000
10 25 90 25000
10 26 72 25000
10 27 82 25000
10 28 93 25000
10 29 79 25000
10 30 77 25000
10 31 80 25000
10 32 77 25000
10 33 102 25000
10 34 76 25000
10 35 76 25000
10 36 82 25000
10 37 75 25000
10 38 83 25000
10 39 80 25000
10 40 85 25000
10 41 92 25000
10 42 98 25000
10 43 77 25000
10 44 98 25000
10 45 96 25000
10 46 86 25000
10 47 85 25000
10 48 88 25000
10 49 88 25000
10 50 87 25000
10 51 83 25000
11 12 120 25000
11 13 86 25000
11 14 96 25000
11 15 87 25000
11 16 88 25000
11 17 78 25000
11 18 75 25000
11 19 89 25000
11 20 73 25000
11 21 98 25000
11 22 103 25000
11 23 75 25000
11 24 87 25000
11 25 77 25000
11 26 80 25000
11 27 74 25000
11 28 76 25000
11 29 65 25000
11 30 81 25000
11 31 98 25000
11 32 73 25000
11 33 79 25000
11 34 84 25000
11 35 84 25000
11 36 75 25000
11 37 90 25000
11 38 75 25000
11 39 65 25000
11 40 69 25000
11 41 80 25000
11 42 89 25000
11 43 81 25000
11 44 100 25000
11 45 99 25000
11 46 86 25000
11 47 81 25000
11 48 60 25000
11 49 74 25000
11 50 76 25000
11 51 91 25000
12 13 86 25000
12 14 102 25000
12 15 92 25000
12 16 78 25000
12 17 83 25000
12 18 95 25000
12 19 94 25000
12 20 84 25000
12 21 94 25000
12 22 81 25000
12 23 95 25000
12 24 75 25000
12 25 99 25000
12 26 83 25000
12 27 85 25000
12 28 77 25000
12 29 80 25000
12 30 87 25000
12 31 78 25000
12 32 69 25000
12 33 85 25000
12 34 82 25000
12 35 75 25000
12 36 74 25000
12 37 82 25000
12 38 98 25000
12 39 73 25000
12 40 75 25000
12 41 102 25000
12 42 100 25000
12 43 81 25000
12 44 93 25000
12 45 79 25000
12 46 94 25000
12 47 75 25000
12 48 75 25000
12 49 97 25000
12 50 103 25000
12 51 81 25000
13 14 105 25000
13 15 87 25000
13 16 107 25000
13 17 111 25000
13 18 73 25000
13 19 100 25000
13 20 98 25000
13 21 93 25000
13 22 127 25000
13 23 92 25000
13 24 100 25000
13 25 99 25000
13 26 87 25000
13 27 77 25000
13 28 70 25000
13 29 92 25000
13 30 85 25000
13 31 81 25000
13 32 92 25000
13 33 92 25000
13 34 99 25000
13 35 92 25000
13 36 94 25000
13 37 89 25000
13 38 90 25000
13 39 76 25000
13 40 76 25000
13 41 71 25000
13 42 91 25000
13 43 94 25000
13 44 91 25000
13 45 74 25000
13 46 82 25000
13 47 72 25000
13 48 78 25000
13 49 96 25000
13 50 96 25000
13 51 89 25000
14 15 99 25000
14 16 109 25000
14 17 85 25000
14 18 90 25000
14 19 100 25000
14 20 88 25000
14 21 100 25000
14 22 100 25000
14 23 101 25000
14 24 86 25000
14 25 109 25000
14 26 89 25000
14 27 95 25000
14 28 83 25000
14 29 77 25000
14 30 93 25000
14 31 88 25000
14 32 98 25000
14 33 79 25000
14 34 67 25000
14 35 91 25000
14 36 87 25000
14 37 104 25000
14 38 79 25000
14 39 82 25000
14 40 71 25000
14 41 57 25000
14 42 67 25000
14 43 79 25000
14 44 75 25000
14 45 87 25000
14 46 73 25000
14 47 77 25000
14 48 87 25000
14 49 78 25000
14 50 66 25000
14 51 71 25000
15 16 107 25000
15 17 92 25000
15 18 103 25000
15 19 79 25000
15 20 81 25000
15 21 94 25000
15 22 88 25000
15 23 89 25000
15 24 99 25000
15 25 95 25000
15 26 84 25000
15 27 83 25000
15 28 93 25000
15 29 79 25000
15 30 101 25000
15 31 74 25000
15 32 91 25000
15 33 93 25000
15 34 89 25000
15 35 90 25000
15 36 92 25000
15 37 81 25000
15 38 68 25000
15 39 78 25000
15 40 70 25000
15 41 87 25000
15 42 84 25000
15 43 86 25000
15 44 77 25000
15 45 91 25000
15 46 97 25000
15 47 91 25000
15 48 74 25000
15 49 89 25000
15 50 82 25000
15 51 75 25000
16 17 109 25000
16 18 111 25000
16 19 115 25000
16 20 116 25000
16 21 90 25000
16 22 89 25000
16 23 97 25000
16 24 105 25000
16 25 100 25000
16 26 88 25000
16 27 88 25000
16 28 71 25000
16 29 65 25000
16 30 98 25000
16 31 79 25000
16 32 74 25000
16 33 77 25000
16 34 93 25000
16 35 92 25000
16 36 88 25000
16 37 73 25000
16 38 89 25000
16 39 84 25000
16 40 103 25000
16 41 94 25000
16 42 79 25000
16 43 84 25000
16 44 88 25000
16 45 90 25000
16 46 63 25000
16 47 85 25000
16 48 88 25000
16 49 89 25000
16 50 84 25000
16 51 103 25000
17 18 81 25000
17 19 89 25000
17 20 89 25000
17 21 109 25000
17 22 102 25000
17 23 101 25000
17 24 96 25000
17 25 111 25000
17 26 101 25000
17 27 86 25000
17 28 92 25000
17 29 82 25000
17 30 116 25000
17 31 71 25000
17 32 85 25000
17 33 85 25000
17 34 80 25000
17 35 96 25000
17 36 90 25000
17 37 87 25000
17 38 78 25000
17 39 80 25000
17 40 86 25000
17 41 86 25000
17 42 79 25000
17 43 96 25000
17 44 74 25000
17 45 72 25000
17 46 92 25000
17 47 95 25000
17 48 80 25000
17 49 92 25000
17 50 97 25000
17 51 84 25000
18 19 120 25000
18 20 82 25000
18 21 93 25000
18 22 114 25000
18 23 107 25000
18 24 107 25000
18 25 109 25000
18 26 95 25000
18 27 82 25000
18 28 88 25000
18 29 82 25000
18 30 75 25000
18 31 87 25000
18 32 79 25000
18 33 86 25000
18 34 70 25000
18 35 91 25000
18 36 81 25000
18 37 83 25000
18 38 116 25000
18 39 78 25000
18 40 79 25000
18 41 74 25000
18 42 81 25000
18 43 86 25000
18 44 94 25000
18 45 65 25000
18 46 82 25000
18 47 75 25000
18 48 88 25000
18 49 69 25000
18 50 79 25000
18 51 89 25000
19 20 105 25000
19 21 114 25000
19 22 92 25000
19 23 103 25000
19 24 109 25000
19 25 114 25000
19 26 91 25000
19 27 86 25000
19 28 86 25000
19 29 73 25000
19 30 91 25000
19 31 80 25000
19 32 86 25000
19 33 94 25000
19 34 85 25000
19 35 94 25000
19 36 92 25000
19 37 80 25000
19 38 73 25000
19 39 87 25000
19 40 87 25000
19 41 97 25000
19 42 98 25000
19 43 92 25000
19 44 93 25000
19 45 86 25000
19 46 94 25000
19 47 86 25000
19 48 98 25000
19 49 69 25000
19 50 85 25000
19 51 84 25000
20 21 89 25000
20 22 94 25000
20 23 90 25000
20 24 90 25000
20 25 105 25000
20 26 83 25000
20 27 71 25000
20 28 75 25000
20 29 72 25000
20 30 90 25000
20 31 90 25000
20 32 84 25000
20 33 71 25000
20 34 80 25000
20 35 68 25000
20 36 85 25000
20 37 83 25000
20 38 78 25000
20 39 96 25000
20 40 91 25000
20 41 99 25000
20 42 91 25000
20 43 108 25000
20 44 103 25000
20 45 68 25000
20 46 74 25000
20 47 88 25000
20 48 62 25000
20 49 66 25000
20 50 77 25000
20 51 86 25000
21 22 122 25000
21 23 100 25000
21 24 96 25000
21 25 104 25000
21 26 98 25000
21 27 94 25000
21 28 99 25000
21 29 73 25000
21 30 78 25000
21 31 71 25000
21 32 74 25000
21 33 67 25000
21 34 87 25000
21 35 73 25000
21 36 83 25000
21 37 90 25000
21 38 82 25000
21 39 96 25000
21 40 98 25000
21 41 100 25000
21 42 81 25000
21 43 77 25000
21 44 72 25000
21 45 112 25000
21 46 85 25000
21 47 80 25000
21 48 83 25000
21 49 89 25000
21 50 76 25000
21 51 87 25000
22 23 95 25000
22 24 95 25000
22 25 104 25000
22 26 73 25000
22 27 86 25000
22 28 83 25000
22 29 71 25000
22 30 91 25000
22 31 85 25000
22 32 95 25000
22 33 101 25000
22 34 94 25000
22 35 96 25000
22 36 82 25000
22 37 98 25000
22 38 87 25000
22 39 106 25000
22 40 87 25000
22 41 79 25000
22 42 89 25000
22 43 75 25000
22 44 94 25000
22 45 87 25000
22 46 80 25000
22 47 71 25000
22 48 97 25000
22 49 73 25000
22 50 83 25000
22 51 81 25000
23 24 103 25000
23 25 98 25000
23 26 91 25000
23 27 89 25000
23 28 87 25000
23 29 81 25000
23 30 85 25000
23 31 94 25000
23 32 76 25000
23 33 94 25000
23 34 90 25000
23 35 83 25000
23 36 92 25000
23 37 85 25000
23 38 112 25000
23 39 75 25000
23 40 92 25000
23 41 86 25000
23 42 85 25000
23 43 84 25000
23 44 75 25000
23 45 88 25000
23 46 106 25000
23 47 72 25000
23 48 82 25000
23 49 98 25000
23 50 88 25000
23 51 78 25000
24 25 102 25000
24 26 77 25000
24 27 80 25000
24 28 86 25000
24 29 87 25000
24 30 89 25000
24 31 90 25000
24 32 85 25000
24 33 72 25000
24 34 96 25000
24 35 79 25000
24 36 87 25000
24 37 91 25000
24 38 72 25000
24 39 89 25000
24 40 77 25000
24 41 79 25000
24 42 97 25000
24 43 95 25000
24 44 67 25000
24 45 89 25000
24 46 81 25000
24 47 90 25000
24 48 79 25000
24 49 90 25000
24 50 80 25000
24 51 80 25000
25 26 85 25000
25 27 95 25000
25 28 82 25000
25 29 75 25000
25 30 81 25000
25 31 91 25000
25 32 83 25000
25 33 90 25000
25 34 89 25000
25 35 83 25000
25 36 96 25000
25 37 81 25000
25 38 87 25000
25 39 90 25000
25 40 85 25000
25 41 88 25000
25 42 82 25000
25 43 87 25000
25 44 100 25000
25 45 73 25000
25 46 104 25000
25 47 88 25000
25 48 88 25000
25 49 81 25000
25 50 100 25000
25 51 86 25000
26 27 111 25000
26 28 114 25000
26 29 80 25000
26 30 99 25000
26 31 119 25000
26 32 92 25000
26 33 108 25000
26 34 97 25000
26 35 94 25000
26 36 108 25000
26 37 97 25000
26 38 95 25000
26 39 97 25000
26 40 90 25000
26 41 74 25000
26 42 86 25000
26 43 78 25000
26 44 85 25000
26 45 93 25000
26 46 94 25000
26 47 90 25000
26 48 79 25000
26 49 66 25000
26 50 81 25000
26 51 100 25000
27 28 103 25000
27 29 82 25000
27 30 107 25000
27 31 97 25000
27 32 73 25000
27 33 82 25000
27 34 87 25000
27 35 95 25000
27 36 92 25000
27 37 96 25000
27 38 103 25000
27 39 72 25000
27 40 88 25000
27 41 75 25000
27 42 85 25000
27 43 82 25000
27 44 79 25000
27 45 77 25000
27 46 81 25000
27 47 74 25000
27 48 90 25000
27 49 89 25000
27 50 87 25000
27 51 85 25000
28 29 98 25000
28 30 89 25000
28 31 91 25000
28 32 107 25000
28 33 104 25000
28 34 108 25000
28 35 101 25000
28 36 109 25000
28 37 109 25000
28 38 111 25000
28 39 88 25000
28 40 83 25000
28 41 81 25000
28 42 76 25000
28 43 82 25000
28 44 87 25000
28 45 72 25000
28 46 89 25000
28 47 83 25000
28 48 83 25000
28 49 84 25000
28 50 91 25000
28 51 76 25000
29 30 94 25000
29 31 98 25000
29 32 103 25000
29 33 113 25000
29 34 90 25000
29 35 78 25000
29 36 106 25000
29 37 96 25000
29 38 89 25000
29 39 71 25000
29 40 90 25000
29 41 76 25000
29 42 85 25000
29 43 76 25000
29 44 89 25000
29 45 66 25000
29 46 83 25000
29 47 99 25000
29 48 62 25000
29 49 86 25000
29 50 86 25000
29 51 73 25000
30 31 92 25000
30 32 88 25000
30 33 101 25000
30 34 102 25000
30 35 98 25000
30 36 102 25000
30 37 108 25000
30 38 107 25000
30 39 79 25000
30 40 96 25000
30 41 72 25000
30 42 80 25000
30 43 81 25000
30 44 74 25000
30 45 87 25000
30 46 92 25000
30 47 101 25000
30 48 91 25000
30 49 108 25000
30 50 72 25000
30 51 66 25000
31 32 83 25000
31 33 108 25000
31 34 95 25000
31 35 128 25000
31 36 98 25000
31 37 97 25000
31 38 104 25000
31 39 84 25000
31 40 101 25000
31 41 82 25000
31 42 82 25000
31 43 77 25000
31 44 91 25000
31 45 74 25000
31 46 91 25000
31 47 74 25000
31 48 80 25000
31 49 94 25000
31 50 84 25000
31 51 81 25000
32 33 95 25000
32 34 102 25000
32 35 94 25000
32 36 102 25000
32 37 77 25000
32 38 97 25000
32 39 94 25000
32 40 84 25000
32 41 65 25000
32 42 87 25000
32 43 81 25000
32 44 91 25000
32 45 85 25000
32 46 81 25000
32 47 94 25000
32 48 56 25000
32 49 88 25000
32 50 79 25000
32 51 101 25000
33 34 108 25000
33 35 81 25000
33 36 97 25000
33 37 116 25000
33 38 107 25000
33 39 100 25000
33 40 90 25000
33 41 86 25000
33 42 71 25000
33 43 84 25000
33 44 80 25000
33 45 67 25000
33 46 89 25000
33 47 80 25000
33 48 71 25000
33 49 90 25000
33 50 90 25000
33 51 89 25000
34 35 108 25000
34 36 103 25000
34 37 106 25000
34 38 94 25000
34 39 90 25000
34 40 89 25000
34 41 101 25000
34 42 79 25000
34 43 89 25000
34 44 89 25000
34 45 72 25000
34 46 77 25000
34 47 90 25000
34 48 94 25000
34 49 82 25000
34 50 92 25000
34 51 78 25000
35 36 84 25000
35 37 103 25000
35 38 98 25000
35 39 87 25000
35 40 110 25000
35 41 107 25000
35 42 78 25000
35 43 84 25000
35 44 91 25000
35 45 71 25000
35 46 88 25000
35 47 68 25000
35 48 90 25000
35 49 89 25000
35 50 77 25000
35 51 78 25000
36 37 94 25000
36 38 107 25000
36 39 67 25000
36 40 82 25000
36 41 79 25000
36 42 103 25000
36 43 91 25000
36 44 91 25000
36 45 84 25000
36 46 97 25000
36 47 96 25000
36 48 82 25000
36 49 80 25000
36 50 95 25000
36 51 75 25000
37 38 87 25000
37 39 94 25000
37 40 93 25000
37 41 77 25000
37 42 80 25000
37 43 96 25000
37 44 90 25000
37 45 94 25000
37 46 77 25000
37 47 90 25000
37 48 70 25000
37 49 87 25000
37 50 78 25000
37 51 82 25000
38 39 80 25000
38 40 71 25000
38 41 79 25000
38 42 85 25000
38 43 93 25000
38 44 75 25000
38 45 76 25000
38 46 81 25000
38 47 95 25000
38 48 78 25000
38 49 95 25000
38 50 86 25000
38 51 86 25000
39 40 94 25000
39 41 84 25000
39 42 96 25000
39 43 85 25000
39 44 80 25000
39 45 96 25000
39 46 94 25000
39 47 121 25000
39 48 101 25000
39 49 85 25000
39 50 103 25000
39 51 95 25000
40 41 110 25000
40 42 93 25000
40 43 91 25000
40 44 97 25000
40 45 113 25000
40 46 104 25000
40 47 112 25000
40 48 119 25000
40 49 113 25000
40 50 96 25000
40 51 102 25000
41 42 96 25000
41 43 82 25000
41 44 102 25000
41 45 79 25000
41 46 101 25000
41 47 90 25000
41 48 93 25000
41 49 85 25000
41 50 88 25000
41 51 92 25000
42 43 96 25000
42 44 93 25000
42 45 85 25000
42 46 102 25000
42 47 106 25000
42 48 97 25000
42 49 88 25000
42 50 91 25000
42 51 88 25000
43 44 96 25000
43 45 103 25000
43 46 92 25000
43 47 82 25000
43 48 92 25000
43 49 97 25000
43 50 88 25000
43 51 106 25000
44 45 94 25000
44 46 93 25000
44 47 90 25000
44 48 102 25000
44 49 90 25000
44 50 92 25000
44 51 93 25000
45 46 102 25000
45 47 105 25000
45 48 79 25000
45 49 82 25000
45 50 95 25000
45 51 93 25000
46 47 96 25000
46 48 90 25000
46 49 102 25000
46 50 97 25000
46 51 99 25000
47 48 111 25000
47 49 107 25000
47 50 83 25000
47 51 102 25000
48 49 102 25000
48 50 86 25000
48 51 86 25000
49 50 101 25000
49 51 102 25000
50 51 105 25000
