0 1 103 25000
0 2 102 25000
0 3 98 25000
0 4 85 25000
0 5 117 25000
0 6 92 25000
0 7 91 25000
0 8 103 25000
0 9 88 25000
0 10 107 25000
0 11 99 25000
0 12 103 25000
0 13 82 25000
0 14 72 25000
0 15 79 25000
0 16 83 25000
0 17 79 25000
0 18 107 25000
0 19 83 25000
0 20 84 25000
0 21 86 25000
0 22 75 25000
0 23 83 25000
0 24 92 25000
0 25 75 25000
0 26 102 25000
0 27 84 25000
0 28 79 25000
0 29 85 25000
0 30 85 25000
0 31 83 25000
0 32 82 25000
0 33 89 25000
0 34 95 25000
0 35 94 25000
0 36 92 25000
0 37 80 25000
0 38 83 25000
0 39 85 25000
0 40 91 25000
0 41 105 25000
0 42 89 25000
0 43 70 25000
0 44 92 25000
0 45 89 25000
0 46 77 25000
0 47 74 25000
0 48 73 25000
0 49 76 25000
0 50 87 25000
0 51 101 25000
1 2 110 25000
1 3 96 25000
1 4 99 25000
1 5 102 25000
1 6 103 25000
1 7 89 25000
1 8 101 25000
1 9 84 25000
1 10 97 25000
1 11 101 25000
1 12 118 25000
1 13 60 25000
1 14 81 25000
1 15 88 25000
1 16 87 25000
1 17 89 25000
1 18 91 25000
1 19 91 25000
1 20 85 25000
1 21 88 25000
1 22 91 25000
1 23 85 25000
1 24 97 25000
1 25 77 25000
1 26 88 25000
1 27 89 25000
1 28 79 25000
1 29 97 25000
1 30 98 25000
1 31 89 25000
1 32 81 25000
1 33 89 25000
1 34 101 25000
1 35 82 25000
1 36 74 25000
1 37 77 25000
1 38 85 25000
1 39 93 25000
1 40 87 25000
1 41 79 25000
1 42 97 25000
1 43 110 25000
1 44 93 25000
1 45 80 25000
1 46 80 25000
1 47 94 25000
1 48 92 25000
1 49 80 25000
1 50 93 25000
1 51 104 25000
2 3 100 25000
2 4 94 25000
2 5 95 25000
2 6 101 25000
2 7 96 25000
2 8 87 25000
2 9 89 25000
2 10 107 25000
2 11 104 25000
2 12 104 25000
2 13 75 25000
2 14 99 25000
2 15 94 25000
2 16 93 25000
2 17 90 25000
2 18 93 25000
2 19 83 25000
2 20 77 25000
2 21 80 25000
2 22 92 25000
2 23 86 25000
2 24 84 25000
2 25 96 25000
2 26 94 25000
2 27 93 25000
2 28 93 25000
2 29 97 25000
2 30 67 25000
2 31 85 25000
2 32 76 25000
2 33 90 25000
2 34 66 25000
2 35 81 25000
2 36 104 25000
2 37 86 25000
2 38 92 25000
2 39 100 25000
2 40 80 25000
2 41 105 25000
2 42 71 25000
2 43 96 25000
2 44 73 25000
2 45 105 25000
2 46 92 25000
2 47 75 25000
2 48 104 25000
2 49 92 25000
2 50 89 25000
2 51 89 25000
3 4 101 25000
3 5 113 25000
3 6 97 25000
3 7 101 25000
3 8 97 25000
3 9 101 25000
3 10 99 25000
3 11 90 25000
3 12 95 25000
3 13 82 25000
3 14 75 25000
3 15 77 25000
3 16 81 25000
3 17 78 25000
3 18 88 25000
3 19 72 25000
3 20 75 25000
3 21 79 25000
3 22 95 25000
3 23 95 25000
3 24 90 25000
3 25 83 25000
3 26 87 25000
3 27 84 25000
3 28 77 25000
3 29 68 25000
3 30 81 25000
3 31 88 25000
3 32 82 25000
3 33 74 25000
3 34 90 25000
3 35 72 25000
3 36 67 25000
3 37 81 25000
3 38 75 25000
3 39 89 25000
3 40 68 25000
3 41 108 25000
3 42 71 25000
3 43 85 25000
3 44 75 25000
3 45 83 25000
3 46 80 25000
3 47 83 25000
3 48 80 25000
3 49 70 25000
3 50 79 25000
3 51 87 25000
4 5 102 25000
4 6 90 25000
4 7 93 25000
4 8 91 25000
4 9 96 25000
4 10 85 25000
4 11 97 25000
4 12 101 25000
4 13 79 25000
4 14 79 25000
4 15 87 25000
4 16 83 25000
4 17 83 25000
4 18 80 25000
4 19 79 25000
4 20 84 25000
4 21 90 25000
4 22 81 25000
4 23 81 25000
4 24 77 25000
4 25 92 25000
4 26 92 25000
4 27 89 25000
4 28 95 25000
4 29 109 25000
4 30 93 25000
4 31 74 25000
4 32 94 25000
4 33 78 25000
4 34 95 25000
4 35 76 25000
4 36 92 25000
4 37 99 25000
4 38 92 25000
4 39 102 25000
4 40 91 25000
4 41 85 25000
4 42 80 25000
4 43 80 25000
4 44 84 25000
4 45 85 25000
4 46 82 25000
4 47 94 25000
4 48 90 25000
4 49 72 25000
4 50 82 25000
4 51 95 25000
5 6 90 25000
5 7 92 25000
5 8 94 25000
5 9 115 25000
5 10 83 25000
5 11 100 25000
5 12 111 25000
5 13 83 25000
5 14 73 25000
5 15 74 25000
5 16 89 25000
5 17 93 25000
5 18 100 25000
5 19 84 25000
5 20 75 25000
5 21 96 25000
5 22 77 25000
5 23 89 25000
5 24 89 25000
5 25 85 25000
5 26 76 25000
5 27 85 25000
5 28 82 25000
5 29 91 25000
5 30 83 25000
5 31 97 25000
5 32 83 25000
5 33 87 25000
5 34 79 25000
5 35 69 25000
5 36 90 25000
5 37 93 25000
5 38 84 25000
5 39 83 25000
5 40 94 25000
5 41 93 25000
5 42 87 25000
5 43 64 25000
5 44 83 25000
5 45 98 25000
5 46 95 25000
5 47 87 25000
5 48 77 25000
5 49 77 25000
5 50 79 25000
5 51 101 25000
6 7 97 25000
6 8 70 25000
6 9 88 25000
6 10 99 25000
6 11 103 25000
6 12 91 25000
6 13 80 25000
6 14 86 25000
6 15 82 25000
6 16 79 25000
6 17 69 25000
6 18 86 25000
6 19 79 25000
6 20 79 25000
6 21 95 25000
6 22 91 25000
6 23 81 25000
6 24 80 25000
6 25 84 25000
6 26 78 25000
6 27 83 25000
6 28 74 25000
6 29 74 25000
6 30 90 25000
6 31 74 25000
6 32 93 25000
6 33 67 25000
6 34 95 25000
6 35 97 25000
6 36 92 25000
6 37 88 25000
6 38 77 25000
6 39 76 25000
6 40 84 25000
6 41 80 25000
6 42 95 25000
6 43 85 25000
6 44 72 25000
6 45 87 25000
6 46 77 25000
6 47 61 25000
6 48 72 25000
6 49 90 25000
6 50 70 25000
6 51 101 25000
7 8 85 25000
7 9 107 25000
7 10 107 25000
7 11 112 25000
7 12 103 25000
7 13 91 25000
7 14 81 25000
7 15 72 25000
7 16 80 25000
7 17 77 25000
7 18 73 25000
7 19 65 25000
7 20 87 25000
7 21 74 25000
7 22 88 25000
7 23 75 25000
7 24 90 25000
7 25 72 25000
7 26 73 25000
7 27 79 25000
7 28 79 25000
7 29 89 25000
7 30 84 25000
7 31 96 25000
7 32 91 25000
7 33 82 25000
7 34 86 25000
7 35 69 25000
7 36 95 25000
7 37 100 25000
7 38 86 25000
7 39 73 25000
7 40 67 25000
7 41 79 25000
7 42 86 25000
7 43 86 25000
7 44 76 25000
7 45 97 25000
7 46 74 25000
7 47 95 25000
7 48 60 25000
7 49 85 25000
7 50 77 25000
7 51 88 25000
8 9 102 25000
8 10 94 25000
8 11 94 25000
8 12 92 25000
8 13 79 25000
8 14 84 25000
8 15 105 25000
8 16 76 25000
8 17 87 25000
8 18 104 25000
8 19 66 25000
8 20 76 25000
8 21 68 25000
8 22 94 25000
8 23 85 25000
8 24 92 25000
8 25 74 25000
8 26 81 25000
8 27 84 25000
8 28 87 25000
8 29 89 25000
8 30 91 25000
8 31 83 25000
8 32 91 25000
8 33 94 25000
8 34 82 25000
8 35 84 25000
8 36 76 25000
8 37 86 25000
8 38 82 25000
8 39 67 25000
8 40 99 25000
8 41 84 25000
8 42 72 25000
8 43 71 25000
8 44 90 25000
8 45 72 25000
8 46 81 25000
8 47 91 25000
8 48 93 25000
8 49 80 25000
8 50 87 25000
8 51 74 25000
9 10 108 25000
9 11 104 25000
9 12 101 25000
9 13 92 25000
9 14 81 25000
9 15 102 25000
9 16 97 25000
9 17 83 25000
9 18 83 25000
9 19 88 25000
9 20 80 25000
9 21 87 25000
9 22 93 25000
9 23 99 25000
9 24 81 25000
9 25 102 25000
9 26 76 25000
9 27 83 25000
9 28 86 25000
9 29 92 25000
9 30 76 25000
9 31 65 25000
9 32 74 25000
9 33 88 25000
9 34 88 25000
9 35 88 25000
9 36 96 25000
9 37 73 25000
9 38 77 25000
9 39 102 25000
9 40 76 25000
9 41 103 25000
9 42 75 25000
9 43 72 25000
9 44 83 25000
9 45 87 25000
9 46 98 25000
9 47 89 25000
9 48 89 25000
9 49 85 25000
9 50 96 25000
9 51 92 25000
10 11 129 25000
10 12 92 25000
10 13 86 25000
10 14 87 25000
10 15 79 25000
10 16 85 25000
10 17 83 25000
10 18 94 25000
10 19 79 25000
10 20 69 25000
10 21 76 25000
10 22 86 25000
10 23 98 25000
10 24 104 25000
10 25 91 25000
10 26 80 25000
10 27 72 25000
10 28 89 25000
10 29 73 25000
10 30 87 25000
10 31 88 25000
10 32 98 25000
10 33 82 25000
10 34 99 25000
10 35 81 25000
10 36 73 25000
10 37 72 25000
10 38 86 25000
10 39 70 25000
10 40 78 25000
10 41 93 25000
10 42 73 25000
10 43 91 25000
10 44 77 25000
10 45 96 25000
10 46 104 25000
10 47 73 25000
10 48 83 25000
10 49 80 25000
10 50 93 25000
10 51 88 25000
11 12 98 25000
11 13 86 25000
11 14 82 25000
11 15 74 25000
11 16 87 25000
11 17 88 25000
11 18 83 25000
11 19 81 25000
11 20 88 25000
11 21 91 25000
11 22 90 25000
11 23 85 25000
11 24 82 25000
11 25 78 25000
11 26 77 25000
11 27 90 25000
11 28 91 25000
11 29 85 25000
11 30 83 25000
11 31 64 25000
11 32 76 25000
11 33 87 25000
11 34 75 25000
11 35 81 25000
11 36 85 25000
11 37 82 25000
11 38 106 25000
11 39 94 25000
11 40 92 25000
11 41 96 25000
11 42 93 25000
11 43 76 25000
11 44 66 25000
11 45 78 25000
11 46 77 25000
11 47 83 25000
11 48 92 25000
11 49 88 25000
11 50 86 25000
11 51 73 25000
12 13 91 25000
12 14 101 25000
12 15 84 25000
12 16 87 25000
12 17 92 25000
12 18 96 25000
12 19 79 25000
12 20 99 25000
12 21 95 25000
12 22 93 25000
12 23 98 25000
12 24 102 25000
12 25 89 25000
12 26 83 25000
12 27 93 25000
12 28 80 25000
12 29 81 25000
12 30 76 25000
12 31 75 25000
12 32 100 25000
12 33 103 25000
12 34 91 25000
12 35 73 25000
12 36 90 25000
12 37 89 25000
12 38 88 25000
12 39 100 25000
12 40 91 25000
12 41 75 25000
12 42 76 25000
12 43 91 25000
12 44 78 25000
12 45 97 25000
12 46 81 25000
12 47 98 25000
12 48 100 25000
12 49 74 25000
12 50 92 25000
12 51 80 25000
13 14 94 25000
13 15 86 25000
13 16 83 25000
13 17 86 25000
13 18 91 25000
13 19 85 25000
13 20 99 25000
13 21 96 25000
13 22 87 25000
13 23 88 25000
13 24 101 25000
13 25 98 25000
13 26 96 25000
13 27 84 25000
13 28 80 25000
13 29 83 25000
13 30 88 25000
13 31 87 25000
13 32 75 25000
13 33 81 25000
13 34 91 25000
13 35 77 25000
13 36 81 25000
13 37 104 25000
13 38 101 25000
13 39 102 25000
13 40 77 25000
13 41 81 25000
13 42 75 25000
13 43 92 25000
13 44 75 25000
13 45 92 25000
13 46 75 25000
13 47 72 25000
13 48 91 25000
13 49 78 25000
13 50 65 25000
13 51 99 25000
14 15 101 25000
14 16 97 25000
14 17 100 25000
14 18 92 25000
14 19 89 25000
14 20 116 25000
14 21 87 25000
14 22 87 25000
14 23 100 25000
14 24 83 25000
14 25 88 25000
14 26 79 25000
14 27 95 25000
14 28 82 25000
14 29 76 25000
14 30 78 25000
14 31 88 25000
14 32 91 25000
14 33 94 25000
14 34 85 25000
14 35 94 25000
14 36 76 25000
14 37 74 25000
14 38 80 25000
14 39 85 25000
14 40 87 25000
14 41 94 25000
14 42 88 25000
14 43 83 25000
14 44 101 25000
14 45 81 25000
14 46 77 25000
14 47 81 25000
14 48 82 25000
14 49 71 25000
14 50 95 25000
14 51 95 25000
15 16 95 25000
15 17 101 25000
15 18 98 25000
15 19 94 25000
15 20 77 25000
15 21 122 25000
15 22 96 25000
15 23 94 25000
15 24 87 25000
15 25 109 25000
15 26 94 25000
15 27 86 25000
15 28 88 25000
15 29 78 25000
15 30 78 25000
15 31 67 25000
15 32 92 25000
15 33 81 25000
15 34 79 25000
15 35 81 25000
15 36 72 25000
15 37 86 25000
15 38 93 25000
15 39 96 25000
15 40 75 25000
15 41 105 25000
15 42 100 25000
15 43 63 25000
15 44 87 25000
15 45 86 25000
15 46 85 25000
15 47 78 25000
15 48 72 25000
15 49 94 25000
15 50 84 25000
15 51 87 25000
16 17 94 25000
16 18 87 25000
16 19 92 25000
16 20 119 25000
16 21 108 25000
16 22 114 25000
16 23 93 25000
16 24 103 25000
16 25 92 25000
16 26 91 25000
16 27 63 25000
16 28 88 25000
16 29 74 25000
16 30 95 25000
16 31 96 25000
16 32 91 25000
16 33 79 25000
16 34 93 25000
16 35 94 25000
16 36 97 25000
16 37 90 25000
16 38 91 25000
16 39 88 25000
16 40 102 25000
16 41 82 25000
16 42 92 25000
16 43 86 25000
16 44 90 25000
16 45 85 25000
16 46 57 25000
16 47 91 25000
16 48 89 25000
16 49 65 25000
16 50 87 25000
16 51 90 25000
17 18 94 25000
17 19 105 25000
17 20 101 25000
17 21 96 25000
17 22 92 25000
17 23 94 25000
17 24 93 25000
17 25 106 25000
17 26 103 25000
17 27 84 25000
17 28 79 25000
17 29 90 25000
17 30 90 25000
17 31 91 25000
17 32 66 25000
17 33 87 25000
17 34 77 25000
17 35 82 25000
17 36 83 25000
17 37 99 25000
17 38 95 25000
17 39 85 25000
17 40 87 25000
17 41 90 25000
17 42 96 25000
17 43 71 25000
17 44 79 25000
17 45 83 25000
17 46 69 25000
17 47 82 25000
17 48 64 25000
17 49 85 25000
17 50 94 25000
17 51 85 25000
18 19 85 25000
18 20 93 25000
18 21 89 25000
18 22 101 25000
18 23 105 25000
18 24 104 25000
18 25 102 25000
18 26 69 25000
18 27 86 25000
18 28 87 25000
18 29 85 25000
18 30 97 25000
18 31 100 25000
18 32 77 25000
18 33 70 25000
18 34 91 25000
18 35 96 25000
18 36 98 25000
18 37 74 25000
18 38 88 25000
18 39 76 25000
18 40 89 25000
18 41 104 25000
18 42 87 25000
18 43 78 25000
18 44 78 25000
18 45 99 25000
18 46 77 25000
18 47 100 25000
18 48 82 25000
18 49 91 25000
18 50 76 25000
18 51 74 25000
19 20 95 25000
19 21 92 25000
19 22 97 25000
19 23 96 25000
19 24 81 25000
19 25 74 25000
19 26 96 25000
19 27 76 25000
19 28 80 25000
19 29 75 25000
19 30 88 25000
19 31 73 25000
19 32 80 25000
19 33 81 25000
19 34 70 25000
19 35 95 25000
19 36 87 25000
19 37 72 25000
19 38 80 25000
19 39 59 25000
19 40 88 25000
19 41 78 25000
19 42 80 25000
19 43 82 25000
19 44 89 25000
19 45 77 25000
19 46 73 25000
19 47 69 25000
19 48 80 25000
19 49 77 25000
19 50 95 25000
19 51 87 25000
20 21 90 25000
20 22 97 25000
20 23 105 25000
20 24 93 25000
20 25 106 25000
20 26 87 25000
20 27 80 25000
20 28 68 25000
20 29 79 25000
20 30 82 25000
20 31 81 25000
20 32 92 25000
20 33 74 25000
20 34 76 25000
20 35 79 25000
20 36 86 25000
20 37 82 25000
20 38 84 25000
20 39 91 25000
20 40 94 25000
20 41 75 25000
20 42 83 25000
20 43 100 25000
20 44 88 25000
20 45 84 25000
20 46 91 25000
20 47 97 25000
20 48 63 25000
20 49 77 25000
20 50 86 25000
20 51 88 25000
21 22 91 25000
21 23 102 25000
21 24 109 25000
21 25 93 25000
21 26 78 25000
21 27 80 25000
21 28 79 25000
21 29 88 25000
21 30 67 25000
21 31 97 25000
21 32 94 25000
21 33 92 25000
21 34 101 25000
21 35 80 25000
21 36 97 25000
21 37 99 25000
21 38 80 25000
21 39 87 25000
21 40 94 25000
21 41 80 25000
21 42 90 25000
21 43 78 25000
21 44 83 25000
21 45 93 25000
21 46 85 25000
21 47 92 25000
21 48 95 25000
21 49 71 25000
21 50 81 25000
21 51 77 25000
22 23 106 25000
22 24 131 25000
22 25 117 25000
22 26 88 25000
22 27 91 25000
22 28 81 25000
22 29 83 25000
22 30 86 25000
22 31 106 25000
22 32 76 25000
22 33 84 25000
22 34 90 25000
22 35 80 25000
22 36 91 25000
22 37 84 25000
22 38 91 25000
22 39 75 25000
22 40 94 25000
22 41 79 25000
22 42 71 25000
22 43 84 25000
22 44 89 25000
22 45 76 25000
22 46 93 25000
22 47 78 25000
22 48 84 25000
22 49 75 25000
22 50 88 25000
22 51 93 25000
23 24 104 25000
23 25 111 25000
23 26 76 25000
23 27 102 25000
23 28 76 25000
23 29 79 25000
23 30 97 25000
23 31 86 25000
23 32 79 25000
23 33 87 25000
23 34 77 25000
23 35 82 25000
23 36 94 25000
23 37 99 25000
23 38 82 25000
23 39 104 25000
23 40 91 25000
23 41 71 25000
23 42 82 25000
23 43 85 25000
23 44 87 25000
23 45 95 25000
23 46 77 25000
23 47 93 25000
23 48 107 25000
23 49 75 25000
23 50 75 25000
23 51 104 25000
24 25 104 25000
24 26 94 25000
24 27 90 25000
24 28 83 25000
24 29 93 25000
24 30 79 25000
24 31 86 25000
24 32 86 25000
24 33 87 25000
24 34 97 25000
24 35 77 25000
24 36 82 25000
24 37 92 25000
24 38 104 25000
24 39 88 25000
24 40 102 25000
24 41 87 25000
24 42 78 25000
24 43 86 25000
24 44 95 25000
24 45 75 25000
24 46 71 25000
24 47 87 25000
24 48 74 25000
24 49 79 25000
24 50 81 25000
24 51 90 25000
25 26 84 25000
25 27 91 25000
25 28 82 25000
25 29 71 25000
25 30 98 25000
25 31 76 25000
25 32 82 25000
25 33 79 25000
25 34 102 25000
25 35 89 25000
25 36 83 25000
25 37 77 25000
25 38 75 25000
25 39 80 25000
25 40 85 25000
25 41 74 25000
25 42 87 25000
25 43 72 25000
25 44 80 25000
25 45 88 25000
25 46 88 25000
25 47 84 25000
25 48 79 25000
25 49 75 25000
25 50 76 25000
25 51 82 25000
26 27 102 25000
26 28 91 25000
26 29 104 25000
26 30 105 25000
26 31 91 25000
26 32 87 25000
26 33 86 25000
26 34 106 25000
26 35 108 25000
26 36 97 25000
26 37 102 25000
26 38 86 25000
26 39 95 25000
26 40 87 25000
26 41 79 25000
26 42 86 25000
26 43 83 25000
26 44 91 25000
26 45 80 25000
26 46 72 25000
26 47 86 25000
26 48 86 25000
26 49 70 25000
26 50 87 25000
26 51 93 25000
27 28 90 25000
27 29 89 25000
27 30 100 25000
27 31 92 25000
27 32 94 25000
27 33 94 25000
27 34 89 25000
27 35 102 25000
27 36 85 25000
27 37 126 25000
27 38 104 25000
27 39 90 25000
27 40 99 25000
27 41 87 25000
27 42 80 25000
27 43 102 25000
27 44 93 25000
27 45 73 25000
27 46 98 25000
27 47 71 25000
27 48 70 25000
27 49 92 25000
27 50 53 25000
27 51 71 25000
28 29 101 25000
28 30 94 25000
28 31 110 25000
28 32 95 25000
28 33 86 25000
28 34 94 25000
28 35 97 25000
28 36 99 25000
28 37 102 25000
28 38 95 25000
28 39 94 25000
28 40 87 25000
28 41 87 25000
28 42 86 25000
28 43 86 25000
28 44 87 25000
28 45 83 25000
28 46 85 25000
28 47 80 25000
28 48 66 25000
28 49 90 25000
28 50 87 25000
28 51 88 25000
29 30 96 25000
29 31 92 25000
29 32 96 25000
29 33 109 25000
29 34 85 25000
29 35 87 25000
29 36 81 25000
29 37 91 25000
29 38 98 25000
29 39 91 25000
29 40 78 25000
29 41 83 25000
29 42 108 25000
29 43 83 25000
29 44 102 25000
29 45 96 25000
29 46 86 25000
29 47 89 25000
29 48 93 25000
29 49 97 25000
29 50 87 25000
29 51 85 25000
30 31 112 25000
30 32 85 25000
30 33 88 25000
30 34 103 25000
30 35 87 25000
30 36 86 25000
30 37 102 25000
30 38 95 25000
30 39 103 25000
30 40 101 25000
30 41 93 25000
30 42 80 25000
30 43 80 25000
30 44 87 25000
30 45 89 25000
30 46 72 25000
30 47 81 25000
30 48 76 25000
30 49 80 25000
30 50 83 25000
30 51 90 25000
31 32 83 25000
31 33 106 25000
31 34 91 25000
31 35 93 25000
31 36 106 25000
31 37 104 25000
31 38 95 25000
31 39 73 25000
31 40 91 25000
31 41 85 25000
31 42 75 25000
31 43 94 25000
31 44 93 25000
31 45 87 25000
31 46 88 25000
31 47 93 25000
31 48 76 25000
31 49 75 25000
31 50 75 25000
31 51 83 25000
32 33 87 25000
32 34 94 25000
32 35 91 25000
32 36 99 25000
32 37 101 25000
32 38 108 25000
32 39 72 25000
32 40 71 25000
32 41 74 25000
32 42 83 25000
32 43 84 25000
32 44 86 25000
32 45 76 25000
32 46 84 25000
32 47 73 25000
32 48 81 25000
32 49 95 25000
32 50 82 25000
32 51 77 25000
33 34 82 25000
33 35 92 25000
33 36 96 25000
33 37 109 25000
33 38 92 25000
33 39 74 25000
33 40 95 25000
33 41 90 25000
33 42 93 25000
33 43 88 25000
33 44 79 25000
33 45 77 25000
33 46 81 25000
33 47 79 25000
33 48 89 25000
33 49 85 25000
33 50 84 25000
33 51 87 25000
34 35 81 25000
34 36 101 25000
34 37 120 25000
34 38 82 25000
34 39 72 25000
34 40 88 25000
34 41 103 25000
34 42 79 25000
34 43 83 25000
34 44 82 25000
34 45 97 25000
34 46 96 25000
34 47 78 25000
34 48 80 25000
34 49 91 25000
34 50 94 25000
34 51 88 25000
35 36 81 25000
35 37 97 25000
35 38 116 25000
35 39 94 25000
35 40 83 25000
35 41 90 25000
35 42 81 25000
35 43 65 25000
35 44 79 25000
35 45 78 25000
35 46 78 25000
35 47 77 25000
35 48 93 25000
35 49 83 25000
35 50 68 25000
35 51 103 25000
36 37 104 25000
36 38 107 25000
36 39 88 25000
36 40 103 25000
36 41 77 25000
36 42 86 25000
36 43 84 25000
36 44 90 25000
36 45 70 25000
36 46 94 25000
36 47 89 25000
36 48 83 25000
36 49 89 25000
36 50 85 25000
36 51 119 25000
37 38 113 25000
37 39 104 25000
37 40 89 25000
37 41 94 25000
37 42 77 25000
37 43 75 25000
37 44 98 25000
37 45 73 25000
37 46 83 25000
37 47 87 25000
37 48 87 25000
37 49 94 25000
37 50 81 25000
37 51 92 25000
38 39 78 25000
38 40 85 25000
38 41 98 25000
38 42 88 25000
38 43 87 25000
38 44 74 25000
38 45 85 25000
38 46 60 25000
38 47 72 25000
38 48 84 25000
38 49 70 25000
38 50 86 25000
38 51 95 25000
39 40 99 25000
39 41 103 25000
39 42 110 25000
39 43 101 25000
39 44 82 25000
39 45 88 25000
39 46 92 25000
39 47 85 25000
39 48 92 25000
39 49 100 25000
39 50 90 25000
39 51 112 25000
40 41 88 25000
40 42 108 25000
40 43 86 25000
40 44 87 25000
40 45 99 25000
40 46 104 25000
40 47 82 25000
40 48 99 25000
40 49 88 25000
40 50 76 25000
40 51 118 25000
41 42 97 25000
41 43 109 25000
41 44 112 25000
41 45 82 25000
41 46 116 25000
41 47 77 25000
41 48 100 25000
41 49 100 25000
41 50 94 25000
41 51 117 25000
42 43 103 25000
42 44 108 25000
42 45 97 25000
42 46 96 25000
42 47 85 25000
42 48 105 25000
42 49 98 25000
42 50 103 25000
42 51 109 25000
43 44 94 25000
43 45 91 25000
43 46 93 25000
43 47 104 25000
43 48 116 25000
43 49 85 25000
43 50 98 25000
43 51 87 25000
44 45 93 25000
44 46 107 25000
44 47 102 25000
44 48 101 25000
44 49 104 25000
44 50 92 25000
44 51 85 25000
45 46 111 25000
45 47 82 25000
45 48 89 25000
45 49 93 25000
45 50 93 25000
45 51 103 25000
46 47 101 25000
46 48 96 25000
46 49 92 25000
46 50 96 25000
46 51 105 25000
47 48 98 25000
47 49 100 25000
47 50 94 25000
47 51 97 25000
48 49 112 25000
48 50 86 25000
48 51 111 25000
49 50 83 25000
49 51 97 25000
50 51 104 25000
