0 1 137 25000
0 2 109 25000
0 3 85 25000
0 4 104 25000
0 5 112 25000
0 6 101 25000
0 7 90 25000
0 8 92 25000
0 9 97 25000
0 10 89 25000
0 11 90 25000
0 12 115 25000
0 13 80 25000
0 14 95 25000
0 15 100 25000
0 16 93 25000
0 17 84 25000
0 18 82 25000
0 19 97 25000
0 20 91 25000
0 21 94 25000
0 22 94 25000
0 23 82 25000
0 24 84 25000
0 25 79 25000
0 26 96 25000
0 27 67 25000
0 28 101 25000
0 29 91 25000
0 30 74 25000
0 31 86 25000
0 32 78 25000
0 33 90 25000
0 34 81 25000
0 35 67 25000
0 36 79 25000
0 37 99 25000
0 38 98 25000
0 39 85 25000
0 40 98 25000
0 41 92 25000
0 42 92 25000
0 43 91 25000
0 44 86 25000
0 45 88 25000
0 46 86 25000
0 47 89 25000
0 48 81 25000
0 49 75 25000
0 50 76 25000
0 51 91 25000
1 2 101 25000
1 3 100 25000
1 4 105 25000
1 5 98 25000
1 6 83 25000
1 7 94 25000
1 8 97 25000
1 9 91 25000
1 10 83 25000
1 11 92 25000
1 12 98 25000
1 13 85 25000
1 14 92 25000
1 15 78 25000
1 16 95 25000
1 17 88 25000
1 18 88 25000
1 19 91 25000
1 20 96 25000
1 21 74 25000
1 22 83 25000
1 23 82 25000
1 24 81 25000
1 25 86 25000
1 26 79 25000
1 27 88 25000
1 28 83 25000
1 29 88 25000
1 30 80 25000
1 31 68 25000
1 32 91 25000
1 33 71 25000
1 34 80 25000
1 35 80 25000
1 36 90 25000
1 37 80 25000
1 38 72 25000
1 39 97 25000
1 40 83 25000
1 41 97 25000
1 42 87 25000
1 43 85 25000
1 44 93 25000
1 45 79 25000
1 46 83 25000
1 47 91 25000
1 48 86 25000
1 49 81 25000
1 50 93 25000
1 51 98 25000
2 3 84 25000
2 4 98 25000
2 5 96 25000
2 6 107 25000
2 7 101 25000
2 8 105 25000
2 9 86 25000
2 10 101 25000
2 11 104 25000
2 12 90 25000
2 13 100 25000
2 14 95 25000
2 15 73 25000
2 16 81 25000
2 17 86 25000
2 18 88 25000
2 19 103 25000
2 20 91 25000
2 21 105 25000
2 22 80 25000
2 23 89 25000
2 24 72 25000
2 25 97 25000
2 26 95 25000
2 27 77 25000
2 28 90 25000
2 29 87 25000
2 30 82 25000
2 31 84 25000
2 32 76 25000
2 33 83 25000
2 34 88 25000
2 35 76 25000
2 36 94 25000
2 37 101 25000
2 38 87 25000
2 39 94 25000
2 40 88 25000
2 41 77 25000
2 42 69 25000
2 43 65 25000
2 44 97 25000
2 45 88 25000
2 46 79 25000
2 47 72 25000
2 48 96 25000
2 49 95 25000
2 50 79 25000
2 51 87 25000
3 4 105 25000
3 5 94 25000
3 6 88 25000
3 7 98 25000
3 8 99 25000
3 9 84 25000
3 10 105 25000
3 11 101 25000
3 12 90 25000
3 13 87 25000
3 14 83 25000
3 15 85 25000
3 16 79 25000
3 17 76 25000
3 18 84 25000
3 19 76 25000
3 20 77 25000
3 21 74 25000
3 22 91 25000
3 23 87 25000
3 24 91 25000
3 25 68 25000
3 26 85 25000
3 27 89 25000
3 28 89 25000
3 29 75 25000
3 30 86 25000
3 31 67 25000
3 32 71 25000
3 33 78 25000
3 34 79 25000
3 35 81 25000
3 36 75 25000
3 37 82 25000
3 38 78 25000
3 39 74 25000
3 40 85 25000
3 41 75 25000
3 42 62 25000
3 43 84 25000
3 44 77 25000
3 45 74 25000
3 46 81 25000
3 47 98 25000
3 48 90 25000
3 49 82 25000
3 50 82 25000
3 51 91 25000
4 5 93 25000
4 6 89 25000
4 7 92 25000
4 8 101 25000
4 9 113 25000
4 10 101 25000
4 11 119 25000
4 12 104 25000
4 13 93 25000
4 14 83 25000
4 15 84 25000
4 16 82 25000
4 17 77 25000
4 18 84 25000
4 19 79 25000
4 20 87 25000
4 21 87 25000
4 22 101 25000
4 23 89 25000
4 24 87 25000
4 25 79 25000
4 26 89 25000
4 27 77 25000
4 28 83 25000
4 29 79 25000
4 30 85 25000
4 31 68 25000
4 32 80 25000
4 33 76 25000
4 34 86 25000
4 35 70 25000
4 36 75 25000
4 37 84 25000
4 38 71 25000
4 39 97 25000
4 40 83 25000
4 41 87 25000
4 42 84 25000
4 43 72 25000
4 44 85 25000
4 45 82 25000
4 46 72 25000
4 47 99 25000
4 48 97 25000
4 49 97 25000
4 50 74 25000
4 51 84 25000
5 6 102 25000
5 7 92 25000
5 8 102 25000
5 9 98 25000
5 10 88 25000
5 11 110 25000
5 12 103 25000
5 13 81 25000
5 14 90 25000
5 15 79 25000
5 16 85 25000
5 17 100 25000
5 18 91 25000
5 19 78 25000
5 20 76 25000
5 21 77 25000
5 22 86 25000
5 23 93 25000
5 24 80 25000
5 25 89 25000
5 26 83 25000
5 27 82 25000
5 28 87 25000
5 29 78 25000
5 30 73 25000
5 31 84 25000
5 32 94 25000
5 33 87 25000
5 34 69 25000
5 35 87 25000
5 36 90 25000
5 37 79 25000
5 38 89 25000
5 39 84 25000
5 40 95 25000
5 41 87 25000
5 42 80 25000
5 43 86 25000
5 44 72 25000
5 45 66 25000
5 46 75 25000
5 47 86 25000
5 48 79 25000
5 49 83 25000
5 50 81 25000
5 51 91 25000
6 7 82 25000
6 8 88 25000
6 9 103 25000
6 10 107 25000
6 11 119 25000
6 12 97 25000
6 13 83 25000
6 14 81 25000
6 15 78 25000
6 16 84 25000
6 17 80 25000
6 18 103 25000
6 19 78 25000
6 20 74 25000
6 21 85 25000
6 22 100 25000
6 23 92 25000
6 24 73 25000
6 25 79 25000
6 26 90 25000
6 27 91 25000
6 28 83 25000
6 29 88 25000
6 30 68 25000
6 31 84 25000
6 32 83 25000
6 33 83 25000
6 34 93 25000
6 35 84 25000
6 36 75 25000
6 37 82 25000
6 38 89 25000
6 39 75 25000
6 40 96 25000
6 41 83 25000
6 42 96 25000
6 43 76 25000
6 44 93 25000
6 45 80 25000
6 46 87 25000
6 47 78 25000
6 48 92 25000
6 49 92 25000
6 50 85 25000
6 51 91 25000
7 8 82 25000
7 9 81 25000
7 10 98 25000
7 11 90 25000
7 12 92 25000
7 13 100 25000
7 14 90 25000
7 15 78 25000
7 16 77 25000
7 17 82 25000
7 18 85 25000
7 19 84 25000
7 20 91 25000
7 21 72 25000
7 22 100 25000
7 23 86 25000
7 24 78 25000
7 25 79 25000
7 26 85 25000
7 27 81 25000
7 28 70 25000
7 29 88 25000
7 30 82 25000
7 31 71 25000
7 32 88 25000
7 33 108 25000
7 34 74 25000
7 35 73 25000
7 36 83 25000
7 37 90 25000
7 38 81 25000
7 39 75 25000
7 40 88 25000
7 41 85 25000
7 42 100 25000
7 43 85 25000
7 44 74 25000
7 45 97 25000
7 46 76 25000
7 47 93 25000
7 48 93 25000
7 49 86 25000
7 50 88 25000
7 51 95 25000
8 9 91 25000
8 10 102 25000
8 11 97 25000
8 12 101 25000
8 13 106 25000
8 14 75 25000
8 15 72 25000
8 16 86 25000
8 17 94 25000
8 18 95 25000
8 19 89 25000
8 20 88 25000
8 21 92 25000
8 22 88 25000
8 23 95 25000
8 24 81 25000
8 25 90 25000
8 26 108 25000
8 27 82 25000
8 28 83 25000
8 29 89 25000
8 30 84 25000
8 31 70 25000
8 32 72 25000
8 33 78 25000
8 34 83 25000
8 35 77 25000
8 36 96 25000
8 37 93 25000
8 38 82 25000
8 39 73 25000
8 40 88 25000
8 41 73 25000
8 42 77 25000
8 43 88 25000
8 44 99 25000
8 45 83 25000
8 46 99 25000
8 47 81 25000
8 48 92 25000
8 49 79 25000
8 50 90 25000
8 51 81 25000
9 10 96 25000
9 11 100 25000
9 12 100 25000
9 13 90 25000
9 14 99 25000
9 15 90 25000
9 16 85 25000
9 17 87 25000
9 18 94 25000
9 19 66 25000
9 20 92 25000
9 21 96 25000
9 22 79 25000
9 23 88 25000
9 24 75 25000
9 25 74 25000
9 26 95 25000
9 27 89 25000
9 28 74 25000
9 29 85 25000
9 30 70 25000
9 31 83 25000
9 32 91 25000
9 33 88 25000
9 34 88 25000
9 35 72 25000
9 36 79 25000
9 37 79 25000
9 38 81 25000
9 39 96 25000
9 40 91 25000
9 41 84 25000
9 42 77 25000
9 43 86 25000
9 44 92 25000
9 45 79 25000
9 46 99 25000
9 47 87 25000
9 48 90 25000
9 49 84 25000
9 50 77 25000
9 51 83 25000
10 11 136 25000
10 12 115 25000
10 13 101 25000
10 14 76 25000
10 15 87 25000
10 16 90 25000
10 17 78 25000
10 18 77 25000
10 19 93 25000
10 20 86 25000
10 21 83 25000
10 22 82 25000
10 23 74 25000
10 24 83 25000
10 25 77 25000
10 26 79 25000
10 27 74 25000
10 28 78 25000
10 29 101 25000
10 30 86 25000
10 31 80 25000
10 32 98 25000
10 33 82 25000
10 34 85 25000
10 35 82 25000
10 36 70 25000
10 37 67 25000
10 38 69 25000
10 39 78 25000
10 40 71 25000
10 41 79 25000
10 42 79 25000
10 43 75 25000
10 44 77 25000
10 45 86 25000
10 46 82 25000
10 47 93 25000
10 48 73 25000
10 49 98 25000
10 50 94 25000
10 51 101 25000
11 12 94 25000
11 13 81 25000
11 14 89 25000
11 15 98 25000
11 16 70 25000
11 17 80 25000
11 18 100 25000
11 19 84 25000
11 20 79 25000
11 21 77 25000
11 22 99 25000
11 23 94 25000
11 24 107 25000
11 25 81 25000
11 26 93 25000
11 27 79 25000
11 28 95 25000
11 29 80 25000
11 30 90 25000
11 31 81 25000
11 32 72 25000
11 33 88 25000
11 34 85 25000
11 35 99 25000
11 36 83 25000
11 37 102 25000
11 38 77 25000
11 39 83 25000
11 40 70 25000
11 41 91 25000
11 42 51 25000
11 43 84 25000
11 44 94 25000
11 45 81 25000
11 46 87 25000
11 47 71 25000
11 48 107 25000
11 49 82 25000
11 50 80 25000
11 51 84 25000
12 13 82 25000
12 14 93 25000
12 15 90 25000
12 16 108 25000
12 17 86 25000
12 18 75 25000
12 19 97 25000
12 20 92 25000
12 21 81 25000
12 22 96 25000
12 23 87 25000
12 24 80 25000
12 25 88 25000
12 26 83 25000
12 27 95 25000
12 28 79 25000
12 29 91 25000
12 30 96 25000
12 31 77 25000
12 32 74 25000
12 33 73 25000
12 34 88 25000
12 35 71 25000
12 36 87 25000
12 37 91 25000
12 38 89 25000
12 39 123 25000
12 40 68 25000
12 41 77 25000
12 42 81 25000
12 43 82 25000
12 44 86 25000
12 45 84 25000
12 46 93 25000
12 47 88 25000
12 48 89 25000
12 49 85 25000
12 50 98 25000
12 51 93 25000
13 14 97 25000
13 15 108 25000
13 16 96 25000
13 17 110 25000
13 18 114 25000
13 19 97 25000
13 20 108 25000
13 21 99 25000
13 22 110 25000
13 23 84 25000
13 24 96 25000
13 25 93 25000
13 26 81 25000
13 27 77 25000
13 28 84 25000
13 29 86 25000
13 30 90 25000
13 31 73 25000
13 32 80 25000
13 33 81 25000
13 34 97 25000
13 35 91 25000
13 36 86 25000
13 37 77 25000
13 38 82 25000
13 39 101 25000
13 40 88 25000
13 41 83 25000
13 42 97 25000
13 43 97 25000
13 44 78 25000
13 45 78 25000
13 46 93 25000
13 47 97 25000
13 48 83 25000
13 49 111 25000
13 50 70 25000
13 51 83 25000
14 15 103 25000
14 16 105 25000
14 17 103 25000
14 18 81 25000
14 19 103 25000
14 20 102 25000
14 21 92 25000
14 22 106 25000
14 23 96 25000
14 24 86 25000
14 25 80 25000
14 26 74 25000
14 27 78 25000
14 28 97 25000
14 29 84 25000
14 30 88 25000
14 31 82 25000
14 32 91 25000
14 33 87 25000
14 34 91 25000
14 35 76 25000
14 36 92 25000
14 37 81 25000
14 38 83 25000
14 39 86 25000
14 40 91 25000
14 41 91 25000
14 42 81 25000
14 43 61 25000
14 44 80 25000
14 45 77 25000
14 46 82 25000
14 47 80 25000
14 48 75 25000
14 49 82 25000
14 50 88 25000
14 51 85 25000
15 16 106 25000
15 17 90 25000
15 18 109 25000
15 19 99 25000
15 20 104 25000
15 21 113 25000
15 22 99 25000
15 23 120 25000
15 24 97 25000
15 25 76 25000
15 26 81 25000
15 27 80 25000
15 28 117 25000
15 29 88 25000
15 30 99 25000
15 31 91 25000
15 32 92 25000
15 33 104 25000
15 34 98 25000
15 35 85 25000
15 36 80 25000
15 37 64 25000
15 38 88 25000
15 39 87 25000
15 40 97 25000
15 41 88 25000
15 42 86 25000
15 43 83 25000
15 44 81 25000
15 45 68 25000
15 46 78 25000
15 47 89 25000
15 48 76 25000
15 49 82 25000
15 50 102 25000
15 51 78 25000
16 17 105 25000
16 18 107 25000
16 19 94 25000
16 20 90 25000
16 21 87 25000
16 22 99 25000
16 23 99 25000
16 24 96 25000
16 25 92 25000
16 26 81 25000
16 27 75 25000
16 28 72 25000
16 29 83 25000
16 30 90 25000
16 31 84 25000
16 32 84 25000
16 33 80 25000
16 34 60 25000
16 35 71 25000
16 36 72 25000
16 37 73 25000
16 38 89 25000
16 39 84 25000
16 40 77 25000
16 41 63 25000
16 42 84 25000
16 43 83 25000
16 44 88 25000
16 45 83 25000
16 46 85 25000
16 47 93 25000
16 48 90 25000
16 49 83 25000
16 50 82 25000
16 51 97 25000
17 18 91 25000
17 19 120 25000
17 20 101 25000
17 21 109 25000
17 22 105 25000
17 23 86 25000
17 24 94 25000
17 25 97 25000
17 26 94 25000
17 27 77 25000
17 28 95 25000
17 29 103 25000
17 30 82 25000
17 31 88 25000
17 32 88 25000
17 33 72 25000
17 34 85 25000
17 35 85 25000
17 36 88 25000
17 37 102 25000
17 38 81 25000
17 39 86 25000
17 40 77 25000
17 41 91 25000
17 42 94 25000
17 43 67 25000
17 44 81 25000
17 45 85 25000
17 46 95 25000
17 47 88 25000
17 48 89 25000
17 49 98 25000
17 50 86 25000
17 51 67 25000
18 19 103 25000
18 20 115 25000
18 21 106 25000
18 22 89 25000
18 23 100 25000
18 24 98 25000
18 25 98 25000
18 26 89 25000
18 27 80 25000
18 28 96 25000
18 29 79 25000
18 30 102 25000
18 31 85 25000
18 32 97 25000
18 33 97 25000
18 34 96 25000
18 35 82 25000
18 36 94 25000
18 37 96 25000
18 38 89 25000
18 39 96 25000
18 40 76 25000
18 41 74 25000
18 42 98 25000
18 43 99 25000
18 44 68 25000
18 45 87 25000
18 46 99 25000
18 47 78 25000
18 48 76 25000
18 49 94 25000
18 50 95 25000
18 51 81 25000
19 20 111 25000
19 21 103 25000
19 22 101 25000
19 23 106 25000
19 24 110 25000
19 25 93 25000
19 26 114 25000
19 27 96 25000
19 28 87 25000
19 29 79 25000
19 30 77 25000
19 31 97 25000
19 32 92 25000
19 33 75 25000
19 34 75 25000
19 35 91 25000
19 36 88 25000
19 37 80 25000
19 38 91 25000
19 39 97 25000
19 40 85 25000
19 41 85 25000
19 42 86 25000
19 43 76 25000
19 44 70 25000
19 45 81 25000
19 46 110 25000
19 47 83 25000
19 48 88 25000
19 49 82 25000
19 50 76 25000
19 51 83 25000
20 21 106 25000
20 22 102 25000
20 23 121 25000
20 24 93 25000
20 25 95 25000
20 26 102 25000
20 27 91 25000
20 28 85 25000
20 29 97 25000
20 30 96 25000
20 31 92 25000
20 32 105 25000
20 33 107 25000
20 34 109 25000
20 35 87 25000
20 36 87 25000
20 37 82 25000
20 38 83 25000
20 39 81 25000
20 40 92 25000
20 41 88 25000
20 42 89 25000
20 43 107 25000
20 44 93 25000
20 45 88 25000
20 46 87 25000
20 47 81 25000
20 48 86 25000
20 49 94 25000
20 50 85 25000
20 51 77 25000
21 22 103 25000
21 23 116 25000
21 24 86 25000
21 25 90 25000
21 26 93 25000
21 27 89 25000
21 28 89 25000
21 29 67 25000
21 30 92 25000
21 31 75 25000
21 32 102 25000
21 33 81 25000
21 34 87 25000
21 35 79 25000
21 36 84 25000
21 37 86 25000
21 38 94 25000
21 39 92 25000
21 40 81 25000
21 41 90 25000
21 42 92 25000
21 43 86 25000
21 44 85 25000
21 45 75 25000
21 46 101 25000
21 47 98 25000
21 48 82 25000
21 49 81 25000
21 50 86 25000
21 51 98 25000
22 23 112 25000
22 24 92 25000
22 25 92 25000
22 26 76 25000
22 27 77 25000
22 28 85 25000
22 29 100 25000
22 30 78 25000
22 31 82 25000
22 32 74 25000
22 33 81 25000
22 34 89 25000
22 35 88 25000
22 36 115 25000
22 37 74 25000
22 38 74 25000
22 39 93 25000
22 40 84 25000
22 41 82 25000
22 42 83 25000
22 43 85 25000
22 44 84 25000
22 45 82 25000
22 46 92 25000
22 47 94 25000
22 48 77 25000
22 49 113 25000
22 50 85 25000
22 51 91 25000
23 24 89 25000
23 25 101 25000
23 26 88 25000
23 27 92 25000
23 28 105 25000
23 29 86 25000
23 30 100 25000
23 31 77 25000
23 32 79 25000
23 33 90 25000
23 34 89 25000
23 35 82 25000
23 36 82 25000
23 37 90 25000
23 38 85 25000
23 39 86 25000
23 40 92 25000
23 41 84 25000
23 42 94 25000
23 43 85 25000
23 44 99 25000
23 45 91 25000
23 46 85 25000
23 47 100 25000
23 48 83 25000
23 49 94 25000
23 50 67 25000
23 51 98 25000
24 25 101 25000
24 26 80 25000
24 27 84 25000
24 28 82 25000
24 29 75 25000
24 30 103 25000
24 31 81 25000
24 32 74 25000
24 33 76 25000
24 34 87 25000
24 35 83 25000
24 36 88 25000
24 37 94 25000
24 38 95 25000
24 39 77 25000
24 40 80 25000
24 41 84 25000
24 42 76 25000
24 43 77 25000
24 44 85 25000
24 45 80 25000
24 46 82 25000
24 47 101 25000
24 48 85 25000
24 49 93 25000
24 50 78 25000
24 51 75 25000
25 26 69 25000
25 27 66 25000
25 28 73 25000
25 29 87 25000
25 30 84 25000
25 31 83 25000
25 32 86 25000
25 33 73 25000
25 34 91 25000
25 35 82 25000
25 36 84 25000
25 37 82 25000
25 38 96 25000
25 39 78 25000
25 40 88 25000
25 41 69 25000
25 42 69 25000
25 43 83 25000
25 44 77 25000
25 45 93 25000
25 46 91 25000
25 47 88 25000
25 48 89 25000
25 49 87 25000
25 50 106 25000
25 51 85 25000
26 27 91 25000
26 28 104 25000
26 29 109 25000
26 30 88 25000
26 31 94 25000
26 32 92 25000
26 33 97 25000
26 34 101 25000
26 35 87 25000
26 36 114 25000
26 37 111 25000
26 38 82 25000
26 39 78 25000
26 40 93 25000
26 41 73 25000
26 42 83 25000
26 43 88 25000
26 44 83 25000
26 45 76 25000
26 46 82 25000
26 47 91 25000
26 48 102 25000
26 49 83 25000
26 50 100 25000
26 51 99 25000
27 28 98 25000
27 29 102 25000
27 30 92 25000
27 31 101 25000
27 32 96 25000
27 33 91 25000
27 34 95 25000
27 35 102 25000
27 36 104 25000
27 37 84 25000
27 38 85 25000
27 39 74 25000
27 40 86 25000
27 41 78 25000
27 42 78 25000
27 43 92 25000
27 44 76 25000
27 45 67 25000
27 46 78 25000
27 47 102 25000
27 48 85 25000
27 49 77 25000
27 50 84 25000
27 51 88 25000
28 29 93 25000
28 30 98 25000
28 31 108 25000
28 32 92 25000
28 33 84 25000
28 34 96 25000
28 35 99 25000
28 36 91 25000
28 37 92 25000
28 38 104 25000
28 39 77 25000
28 40 95 25000
28 41 90 25000
28 42 70 25000
28 43 94 25000
28 44 94 25000
28 45 88 25000
28 46 81 25000
28 47 87 25000
28 48 84 25000
28 49 75 25000
28 50 82 25000
28 51 87 25000
29 30 95 25000
29 31 87 25000
29 32 101 25000
29 33 104 25000
29 34 101 25000
29 35 80 25000
29 36 86 25000
29 37 85 25000
29 38 95 25000
29 39 70 25000
29 40 81 25000
29 41 78 25000
29 42 82 25000
29 43 79 25000
29 44 95 25000
29 45 93 25000
29 46 102 25000
29 47 78 25000
29 48 91 25000
29 49 94 25000
29 50 83 25000
29 51 96 25000
30 31 98 25000
30 32 97 25000
30 33 118 25000
30 34 98 25000
30 35 98 25000
30 36 91 25000
30 37 85 25000
30 38 105 25000
30 39 78 25000
30 40 80 25000
30 41 81 25000
30 42 89 25000
30 43 81 25000
30 44 96 25000
30 45 76 25000
30 46 84 25000
30 47 94 25000
30 48 79 25000
30 49 87 25000
30 50 89 25000
30 51 109 25000
31 32 93 25000
31 33 76 25000
31 34 87 25000
31 35 104 25000
31 36 81 25000
31 37 110 25000
31 38 100 25000
31 39 105 25000
31 40 95 25000
31 41 67 25000
31 42 79 25000
31 43 94 25000
31 44 91 25000
31 45 91 25000
31 46 91 25000
31 47 76 25000
31 48 86 25000
31 49 95 25000
31 50 87 25000
31 51 106 25000
32 33 98 25000
32 34 120 25000
32 35 104 25000
32 36 111 25000
32 37 94 25000
32 38 109 25000
32 39 112 25000
32 40 93 25000
32 41 89 25000
32 42 79 25000
32 43 93 25000
32 44 67 25000
32 45 83 25000
32 46 98 25000
32 47 97 25000
32 48 84 25000
32 49 102 25000
32 50 99 25000
32 51 90 25000
33 34 87 25000
33 35 98 25000
33 36 102 25000
33 37 92 25000
33 38 95 25000
33 39 81 25000
33 40 65 25000
33 41 85 25000
33 42 74 25000
33 43 90 25000
33 44 72 25000
33 45 82 25000
33 46 86 25000
33 47 89 25000
33 48 88 25000
33 49 83 25000
33 50 84 25000
33 51 85 25000
34 35 103 25000
34 36 109 25000
34 37 93 25000
34 38 102 25000
34 39 93 25000
34 40 95 25000
34 41 84 25000
34 42 84 25000
34 43 75 25000
34 44 92 25000
34 45 105 25000
34 46 100 25000
34 47 102 25000
34 48 93 25000
34 49 89 25000
34 50 82 25000
34 51 95 25000
35 36 99 25000
35 37 86 25000
35 38 97 25000
35 39 72 25000
35 40 97 25000
35 41 87 25000
35 42 89 25000
35 43 82 25000
35 44 74 25000
35 45 68 25000
35 46 72 25000
35 47 92 25000
35 48 90 25000
35 49 89 25000
35 50 93 25000
35 51 96 25000
36 37 104 25000
36 38 114 25000
36 39 104 25000
36 40 83 25000
36 41 77 25000
36 42 76 25000
36 43 86 25000
36 44 76 25000
36 45 82 25000
36 46 90 25000
36 47 74 25000
36 48 88 25000
36 49 96 25000
36 50 90 25000
36 51 85 25000
37 38 111 25000
37 39 89 25000
37 40 91 25000
37 41 79 25000
37 42 82 25000
37 43 99 25000
37 44 82 25000
37 45 65 25000
37 46 97 25000
37 47 78 25000
37 48 85 25000
37 49 73 25000
37 50 90 25000
37 51 91 25000
38 39 82 25000
38 40 86 25000
38 41 82 25000
38 42 88 25000
38 43 95 25000
38 44 90 25000
38 45 88 25000
38 46 98 25000
38 47 81 25000
38 48 104 25000
38 49 102 25000
38 50 78 25000
38 51 97 25000
39 40 97 25000
39 41 110 25000
39 42 100 25000
39 43 98 25000
39 44 115 25000
39 45 97 25000
39 46 105 25000
39 47 88 25000
39 48 92 25000
39 49 95 25000
39 50 87 25000
39 51 98 25000
40 41 101 25000
40 42 103 25000
40 43 99 25000
40 44 90 25000
40 45 90 25000
40 46 111 25000
40 47 91 25000
40 48 109 25000
40 49 89 25000
40 50 92 25000
40 51 115 25000
41 42 83 25000
41 43 82 25000
41 44 89 25000
41 45 100 25000
41 46 91 25000
41 47 85 25000
41 48 80 25000
41 49 102 25000
41 50 90 25000
41 51 103 25000
42 43 104 25000
42 44 95 25000
42 45 92 25000
42 46 75 25000
42 47 99 25000
42 48 101 25000
42 49 104 25000
42 50 78 25000
42 51 88 25000
43 44 88 25000
43 45 90 25000
43 46 88 25000
43 47 111 25000
43 48 83 25000
43 49 121 25000
43 50 88 25000
43 51 115 25000
44 45 85 25000
44 46 83 25000
44 47 102 25000
44 48 95 25000
44 49 93 25000
44 50 102 25000
44 51 93 25000
45 46 112 25000
45 47 102 25000
45 48 98 25000
45 49 110 25000
45 50 85 25000
45 51 90 25000
46 47 81 25000
46 48 96 25000
46 49 101 25000
46 50 104 25000
46 51 98 25000
47 48 93 25000
47 49 104 25000
47 50 103 25000
47 51 108 25000
48 49 103 25000
48 50 101 25000
48 51 86 25000
49 50 90 25000
49 51 99 25000
50 51 106 25000
