0 1 132 25000
0 2 126 25000
0 3 130 25000
0 4 110 25000
0 5 133 25000
0 6 143 25000
0 7 133 25000
0 8 131 25000
0 9 123 25000
0 10 139 25000
0 11 124 25000
0 12 140 25000
0 13 77 25000
0 14 65 25000
0 15 73 25000
0 16 90 25000
0 17 87 25000
0 18 70 25000
0 19 85 25000
0 20 88 25000
0 21 77 25000
0 22 95 25000
0 23 75 25000
0 24 92 25000
0 25 82 25000
0 26 89 25000
0 27 85 25000
0 28 78 25000
0 29 92 25000
0 30 88 25000
0 31 77 25000
0 32 67 25000
0 33 90 25000
0 34 75 25000
0 35 67 25000
0 36 88 25000
0 37 84 25000
0 38 94 25000
0 39 82 25000
0 40 93 25000
0 41 86 25000
0 42 80 25000
0 43 67 25000
0 44 88 25000
0 45 71 25000
0 46 75 25000
0 47 51 25000
0 48 77 25000
0 49 79 25000
0 50 87 25000
0 51 60 25000
1 2 131 25000
1 3 109 25000
1 4 132 25000
1 5 128 25000
1 6 118 25000
1 7 130 25000
1 8 114 25000
1 9 132 25000
1 10 116 25000
1 11 131 25000
1 12 136 25000
1 13 77 25000
1 14 89 25000
1 15 82 25000
1 16 82 25000
1 17 85 25000
1 18 85 25000
1 19 85 25000
1 20 91 25000
1 21 92 25000
1 22 83 25000
1 23 82 25000
1 24 84 25000
1 25 95 25000
1 26 77 25000
1 27 83 25000
1 28 99 25000
1 29 72 25000
1 30 86 25000
1 31 94 25000
1 32 89 25000
1 33 88 25000
1 34 81 25000
1 35 82 25000
1 36 71 25000
1 37 93 25000
1 38 101 25000
1 39 82 25000
1 40 83 25000
1 41 78 25000
1 42 92 25000
1 43 88 25000
1 44 82 25000
1 45 80 25000
1 46 79 25000
1 47 86 25000
1 48 82 25000
1 49 84 25000
1 50 79 25000
1 51 89 25000
2 3 130 25000
2 4 138 25000
2 5 149 25000
2 6 131 25000
2 7 127 25000
2 8 135 25000
2 9 98 25000
2 10 149 25000
2 11 125 25000
2 12 133 25000
2 13 84 25000
2 14 61 25000
2 15 74 25000
2 16 96 25000
2 17 85 25000
2 18 81 25000
2 19 93 25000
2 20 103 25000
2 21 84 25000
2 22 85 25000
2 23 80 25000
2 24 93 25000
2 25 74 25000
2 26 90 25000
2 27 83 25000
2 28 106 25000
2 29 88 25000
2 30 69 25000
2 31 81 25000
2 32 75 25000
2 33 84 25000
2 34 78 25000
2 35 107 25000
2 36 86 25000
2 37 87 25000
2 38 76 25000
2 39 85 25000
2 40 71 25000
2 41 74 25000
2 42 94 25000
2 43 72 25000
2 44 85 25000
2 45 69 25000
2 46 72 25000
2 47 75 25000
2 48 84 25000
2 49 89 25000
2 50 82 25000
2 51 75 25000
3 4 125 25000
3 5 128 25000
3 6 130 25000
3 7 174 25000
3 8 151 25000
3 9 137 25000
3 10 120 25000
3 11 122 25000
3 12 147 25000
3 13 74 25000
3 14 69 25000
3 15 66 25000
3 16 82 25000
3 17 81 25000
3 18 69 25000
3 19 83 25000
3 20 85 25000
3 21 91 25000
3 22 86 25000
3 23 89 25000
3 24 77 25000
3 25 81 25000
3 26 64 25000
3 27 80 25000
3 28 74 25000
3 29 78 25000
3 30 79 25000
3 31 84 25000
3 32 59 25000
3 33 86 25000
3 34 94 25000
3 35 81 25000
3 36 73 25000
3 37 91 25000
3 38 72 25000
3 39 71 25000
3 40 78 25000
3 41 69 25000
3 42 78 25000
3 43 73 25000
3 44 84 25000
3 45 91 25000
3 46 82 25000
3 47 79 25000
3 48 78 25000
3 49 86 25000
3 50 84 25000
3 51 79 25000
4 5 148 25000
4 6 136 25000
4 7 150 25000
4 8 111 25000
4 9 127 25000
4 10 111 25000
4 11 134 25000
4 12 143 25000
4 13 71 25000
4 14 74 25000
4 15 92 25000
4 16 81 25000
4 17 80 25000
4 18 82 25000
4 19 91 25000
4 20 84 25000
4 21 89 25000
4 22 79 25000
4 23 89 25000
4 24 92 25000
4 25 62 25000
4 26 95 25000
4 27 78 25000
4 28 92 25000
4 29 84 25000
4 30 83 25000
4 31 83 25000
4 32 82 25000
4 33 103 25000
4 34 74 25000
4 35 78 25000
4 36 97 25000
4 37 84 25000
4 38 82 25000
4 39 86 25000
4 40 88 25000
4 41 81 25000
4 42 81 25000
4 43 82 25000
4 44 75 25000
4 45 76 25000
4 46 82 25000
4 47 86 25000
4 48 83 25000
4 49 75 25000
4 50 76 25000
4 51 78 25000
5 6 138 25000
5 7 136 25000
5 8 144 25000
5 9 138 25000
5 10 135 25000
5 11 127 25000
5 12 147 25000
5 13 79 25000
5 14 85 25000
5 15 67 25000
5 16 81 25000
5 17 80 25000
5 18 72 25000
5 19 82 25000
5 20 85 25000
5 21 89 25000
5 22 78 25000
5 23 74 25000
5 24 83 25000
5 25 78 25000
5 26 97 25000
5 27 76 25000
5 28 71 25000
5 29 67 25000
5 30 84 25000
5 31 92 25000
5 32 70 25000
5 33 84 25000
5 34 83 25000
5 35 64 25000
5 36 89 25000
5 37 99 25000
5 38 81 25000
5 39 81 25000
5 40 84 25000
5 41 74 25000
5 42 96 25000
5 43 82 25000
5 44 80 25000
5 45 67 25000
5 46 79 25000
5 47 77 25000
5 48 84 25000
5 49 77 25000
5 50 71 25000
5 51 86 25000
6 7 137 25000
6 8 140 25000
6 9 124 25000
6 10 127 25000
6 11 123 25000
6 12 136 25000
6 13 71 25000
6 14 113 25000
6 15 83 25000
6 16 102 25000
6 17 72 25000
6 18 83 25000
6 19 69 25000
6 20 97 25000
6 21 71 25000
6 22 82 25000
6 23 78 25000
6 24 91 25000
6 25 81 25000
6 26 91 25000
6 27 89 25000
6 28 94 25000
6 29 68 25000
6 30 82 25000
6 31 92 25000
6 32 64 25000
6 33 108 25000
6 34 84 25000
6 35 72 25000
6 36 101 25000
6 37 82 25000
6 38 91 25000
6 39 66 25000
6 40 87 25000
6 41 86 25000
6 42 69 25000
6 43 68 25000
6 44 80 25000
6 45 68 25000
6 46 87 25000
6 47 84 25000
6 48 84 25000
6 49 68 25000
6 50 77 25000
6 51 85 25000
7 8 141 25000
7 9 150 25000
7 10 126 25000
7 11 132 25000
7 12 124 25000
7 13 85 25000
7 14 92 25000
7 15 77 25000
7 16 96 25000
7 17 74 25000
7 18 77 25000
7 19 81 25000
7 20 75 25000
7 21 102 25000
7 22 66 25000
7 23 91 25000
7 24 67 25000
7 25 85 25000
7 26 97 25000
7 27 84 25000
7 28 88 25000
7 29 84 25000
7 30 65 25000
7 31 93 25000
7 32 87 25000
7 33 81 25000
7 34 71 25000
7 35 88 25000
7 36 88 25000
7 37 76 25000
7 38 86 25000
7 39 88 25000
7 40 76 25000
7 41 78 25000
7 42 85 25000
7 43 75 25000
7 44 88 25000
7 45 73 25000
7 46 77 25000
7 47 75 25000
7 48 76 25000
7 49 74 25000
7 50 75 25000
7 51 78 25000
8 9 145 25000
8 10 129 25000
8 11 119 25000
8 12 164 25000
8 13 70 25000
8 14 90 25000
8 15 78 25000
8 16 75 25000
8 17 80 25000
8 18 72 25000
8 19 75 25000
8 20 90 25000
8 21 80 25000
8 22 74 25000
8 23 74 25000
8 24 77 25000
8 25 76 25000
8 26 80 25000
8 27 80 25000
8 28 90 25000
8 29 62 25000
8 30 83 25000
8 31 92 25000
8 32 94 25000
8 33 83 25000
8 34 82 25000
8 35 90 25000
8 36 88 25000
8 37 66 25000
8 38 80 25000
8 39 79 25000
8 40 79 25000
8 41 79 25000
8 42 89 25000
8 43 75 25000
8 44 72 25000
8 45 74 25000
8 46 72 25000
8 47 78 25000
8 48 81 25000
8 49 73 25000
8 50 76 25000
8 51 65 25000
9 10 122 25000
9 11 131 25000
9 12 126 25000
9 13 79 25000
9 14 78 25000
9 15 76 25000
9 16 98 25000
9 17 92 25000
9 18 62 25000
9 19 76 25000
9 20 88 25000
9 21 76 25000
9 22 71 25000
9 23 68 25000
9 24 72 25000
9 25 78 25000
9 26 90 25000
9 27 88 25000
9 28 100 25000
9 29 79 25000
9 30 91 25000
9 31 78 25000
9 32 85 25000
9 33 73 25000
9 34 78 25000
9 35 68 25000
9 36 92 25000
9 37 83 25000
9 38 96 25000
9 39 85 25000
9 40 105 25000
9 41 84 25000
9 42 79 25000
9 43 80 25000
9 44 95 25000
9 45 72 25000
9 46 79 25000
9 47 74 25000
9 48 80 25000
9 49 79 25000
9 50 75 25000
9 51 61 25000
10 11 125 25000
10 12 129 25000
10 13 84 25000
10 14 70 25000
10 15 76 25000
10 16 83 25000
10 17 91 25000
10 18 69 25000
10 19 96 25000
10 20 91 25000
10 21 93 25000
10 22 83 25000
10 23 69 25000
10 24 75 25000
10 25 81 25000
10 26 76 25000
10 27 115 25000
10 28 80 25000
10 29 79 25000
10 30 82 25000
10 31 74 25000
10 32 71 25000
10 33 102 25000
10 34 74 25000
10 35 83 25000
10 36 80 25000
10 37 70 25000
10 38 82 25000
10 39 77 25000
10 40 88 25000
10 41 77 25000
10 42 72 25000
10 43 72 25000
10 44 70 25000
10 45 89 25000
10 46 86 25000
10 47 80 25000
10 48 85 25000
10 49 93 25000
10 50 76 25000
10 51 81 25000
11 12 135 25000
11 13 79 25000
11 14 84 25000
11 15 74 25000
11 16 84 25000
11 17 89 25000
11 18 87 25000
11 19 102 25000
11 20 79 25000
11 21 88 25000
11 22 75 25000
11 23 89 25000
11 24 75 25000
11 25 81 25000
11 26 93 25000
11 27 82 25000
11 28 97 25000
11 29 82 25000
11 30 94 25000
11 31 86 25000
11 32 78 25000
11 33 75 25000
11 34 89 25000
11 35 86 25000
11 36 78 25000
11 37 93 25000
11 38 87 25000
11 39 82 25000
11 40 85 25000
11 41 77 25000
11 42 74 25000
11 43 95 25000
11 44 88 25000
11 45 90 25000
11 46 100 25000
11 47 81 25000
11 48 85 25000
11 49 92 25000
11 50 75 25000
11 51 78 25000
12 13 83 25000
12 14 88 25000
12 15 74 25000
12 16 76 25000
12 17 75 25000
12 18 53 25000
12 19 69 25000
12 20 93 25000
12 21 86 25000
12 22 75 25000
12 23 75 25000
12 24 78 25000
12 25 88 25000
12 26 77 25000
12 27 77 25000
12 28 94 25000
12 29 90 25000
12 30 73 25000
12 31 85 25000
12 32 91 25000
12 33 72 25000
12 34 78 25000
12 35 89 25000
12 36 79 25000
12 37 93 25000
12 38 93 25000
12 39 77 25000
12 40 80 25000
12 41 77 25000
12 42 67 25000
12 43 69 25000
12 44 75 25000
12 45 75 25000
12 46 74 25000
12 47 80 25000
12 48 86 25000
12 49 86 25000
12 50 76 25000
12 51 84 25000
13 14 119 25000
13 15 127 25000
13 16 124 25000
13 17 130 25000
13 18 117 25000
13 19 127 25000
13 20 110 25000
13 21 131 25000
13 22 147 25000
13 23 113 25000
13 24 147 25000
13 25 119 25000
13 26 68 25000
13 27 84 25000
13 28 63 25000
13 29 86 25000
13 30 95 25000
13 31 89 25000
13 32 74 25000
13 33 83 25000
13 34 70 25000
13 35 74 25000
13 36 92 25000
13 37 77 25000
13 38 65 25000
13 39 84 25000
13 40 82 25000
13 41 85 25000
13 42 79 25000
13 43 94 25000
13 44 83 25000
13 45 78 25000
13 46 82 25000
13 47 92 25000
13 48 83 25000
13 49 83 25000
13 50 77 25000
13 51 85 25000
14 15 145 25000
14 16 145 25000
14 17 120 25000
14 18 131 25000
14 19 134 25000
14 20 109 25000
14 21 132 25000
14 22 123 25000
14 23 125 25000
14 24 103 25000
14 25 134 25000
14 26 71 25000
14 27 82 25000
14 28 80 25000
14 29 73 25000
14 30 90 25000
14 31 75 25000
14 32 84 25000
14 33 65 25000
14 34 69 25000
14 35 73 25000
14 36 71 25000
14 37 84 25000
14 38 64 25000
14 39 96 25000
14 40 76 25000
14 41 74 25000
14 42 89 25000
14 43 92 25000
14 44 93 25000
14 45 82 25000
14 46 78 25000
14 47 87 25000
14 48 96 25000
14 49 77 25000
14 50 74 25000
14 51 76 25000
15 16 142 25000
15 17 151 25000
15 18 123 25000
15 19 136 25000
15 20 117 25000
15 21 119 25000
15 22 121 25000
15 23 107 25000
15 24 122 25000
15 25 137 25000
15 26 70 25000
15 27 93 25000
15 28 81 25000
15 29 87 25000
15 30 76 25000
15 31 69 25000
15 32 67 25000
15 33 83 25000
15 34 88 25000
15 35 60 25000
15 36 74 25000
15 37 70 25000
15 38 64 25000
15 39 72 25000
15 40 96 25000
15 41 72 25000
15 42 80 25000
15 43 91 25000
15 44 83 25000
15 45 89 25000
15 46 94 25000
15 47 73 25000
15 48 78 25000
15 49 92 25000
15 50 85 25000
15 51 61 25000
16 17 130 25000
16 18 115 25000
16 19 132 25000
16 20 132 25000
16 21 127 25000
16 22 130 25000
16 23 122 25000
16 24 125 25000
16 25 137 25000
16 26 92 25000
16 27 88 25000
16 28 74 25000
16 29 68 25000
16 30 77 25000
16 31 81 25000
16 32 74 25000
16 33 76 25000
16 34 77 25000
16 35 74 25000
16 36 77 25000
16 37 98 25000
16 38 76 25000
16 39 75 25000
16 40 103 25000
16 41 88 25000
16 42 82 25000
16 43 85 25000
16 44 95 25000
16 45 87 25000
16 46 77 25000
16 47 89 25000
16 48 89 25000
16 49 82 25000
16 50 93 25000
16 51 94 25000
17 18 153 25000
17 19 122 25000
17 20 124 25000
17 21 127 25000
17 22 134 25000
17 23 134 25000
17 24 129 25000
17 25 145 25000
17 26 79 25000
17 27 59 25000
17 28 71 25000
17 29 87 25000
17 30 73 25000
17 31 91 25000
17 32 72 25000
17 33 92 25000
17 34 75 25000
17 35 76 25000
17 36 74 25000
17 37 71 25000
17 38 93 25000
17 39 71 25000
17 40 86 25000
17 41 79 25000
17 42 89 25000
17 43 90 25000
17 44 91 25000
17 45 89 25000
17 46 91 25000
17 47 87 25000
17 48 73 25000
17 49 104 25000
17 50 85 25000
17 51 77 25000
18 19 131 25000
18 20 124 25000
18 21 128 25000
18 22 115 25000
18 23 122 25000
18 24 125 25000
18 25 133 25000
18 26 82 25000
18 27 84 25000
18 28 84 25000
18 29 64 25000
18 30 60 25000
18 31 62 25000
18 32 76 25000
18 33 93 25000
18 34 86 25000
18 35 81 25000
18 36 90 25000
18 37 71 25000
18 38 101 25000
18 39 73 25000
18 40 68 25000
18 41 80 25000
18 42 80 25000
18 43 77 25000
18 44 82 25000
18 45 88 25000
18 46 75 25000
18 47 90 25000
18 48 89 25000
18 49 95 25000
18 50 75 25000
18 51 76 25000
19 20 118 25000
19 21 124 25000
19 22 134 25000
19 23 137 25000
19 24 130 25000
19 25 120 25000
19 26 74 25000
19 27 94 25000
19 28 86 25000
19 29 93 25000
19 30 82 25000
19 31 86 25000
19 32 83 25000
19 33 79 25000
19 34 85 25000
19 35 87 25000
19 36 77 25000
19 37 101 25000
19 38 79 25000
19 39 79 25000
19 40 81 25000
19 41 83 25000
19 42 92 25000
19 43 81 25000
19 44 85 25000
19 45 82 25000
19 46 65 25000
19 47 93 25000
19 48 79 25000
19 49 86 25000
19 50 94 25000
19 51 75 25000
20 21 142 25000
20 22 127 25000
20 23 114 25000
20 24 139 25000
20 25 134 25000
20 26 76 25000
20 27 82 25000
20 28 70 25000
20 29 103 25000
20 30 77 25000
20 31 98 25000
20 32 86 25000
20 33 70 25000
20 34 76 25000
20 35 68 25000
20 36 75 25000
20 37 83 25000
20 38 92 25000
20 39 78 25000
20 40 70 25000
20 41 90 25000
20 42 98 25000
20 43 86 25000
20 44 98 25000
20 45 74 25000
20 46 80 25000
20 47 86 25000
20 48 82 25000
20 49 89 25000
20 50 77 25000
20 51 80 25000
21 22 132 25000
21 23 117 25000
21 24 136 25000
21 25 130 25000
21 26 95 25000
21 27 99 25000
21 28 60 25000
21 29 73 25000
21 30 82 25000
21 31 74 25000
21 32 81 25000
21 33 84 25000
21 34 58 25000
21 35 69 25000
21 36 79 25000
21 37 82 25000
21 38 96 25000
21 39 73 25000
21 40 82 25000
21 41 77 25000
21 42 91 25000
21 43 81 25000
21 44 93 25000
21 45 101 25000
21 46 78 25000
21 47 97 25000
21 48 87 25000
21 49 77 25000
21 50 92 25000
21 51 90 25000
22 23 135 25000
22 24 134 25000
22 25 124 25000
22 26 85 25000
22 27 72 25000
22 28 79 25000
22 29 91 25000
22 30 79 25000
22 31 77 25000
22 32 103 25000
22 33 88 25000
22 34 73 25000
22 35 66 25000
22 36 76 25000
22 37 88 25000
22 38 79 25000
22 39 86 25000
22 40 92 25000
22 41 82 25000
22 42 90 25000
22 43 83 25000
22 44 72 25000
22 45 88 25000
22 46 77 25000
22 47 89 25000
22 48 74 25000
22 49 83 25000
22 50 60 25000
22 51 76 25000
23 24 137 25000
23 25 128 25000
23 26 74 25000
23 27 73 25000
23 28 72 25000
23 29 88 25000
23 30 89 25000
23 31 83 25000
23 32 60 25000
23 33 93 25000
23 34 75 25000
23 35 69 25000
23 36 68 25000
23 37 75 25000
23 38 65 25000
23 39 69 25000
23 40 70 25000
23 41 90 25000
23 42 100 25000
23 43 77 25000
23 44 84 25000
23 45 78 25000
23 46 73 25000
23 47 66 25000
23 48 98 25000
23 49 95 25000
23 50 65 25000
23 51 95 25000
24 25 140 25000
24 26 72 25000
24 27 87 25000
24 28 83 25000
24 29 91 25000
24 30 69 25000
24 31 81 25000
24 32 83 25000
24 33 76 25000
24 34 74 25000
24 35 76 25000
24 36 79 25000
24 37 76 25000
24 38 81 25000
24 39 83 25000
24 40 79 25000
24 41 86 25000
24 42 101 25000
24 43 105 25000
24 44 70 25000
24 45 86 25000
24 46 85 25000
24 47 76 25000
24 48 72 25000
24 49 86 25000
24 50 76 25000
24 51 98 25000
25 26 81 25000
25 27 81 25000
25 28 85 25000
25 29 57 25000
25 30 78 25000
25 31 88 25000
25 32 84 25000
25 33 75 25000
25 34 71 25000
25 35 74 25000
25 36 77 25000
25 37 84 25000
25 38 85 25000
25 39 67 25000
25 40 87 25000
25 41 78 25000
25 42 95 25000
25 43 83 25000
25 44 79 25000
25 45 95 25000
25 46 89 25000
25 47 89 25000
25 48 77 25000
25 49 85 25000
25 50 80 25000
25 51 80 25000
26 27 139 25000
26 28 138 25000
26 29 119 25000
26 30 116 25000
26 31 138 25000
26 32 141 25000
26 33 121 25000
26 34 100 25000
26 35 135 25000
26 36 131 25000
26 37 151 25000
26 38 125 25000
26 39 79 25000
26 40 75 25000
26 41 73 25000
26 42 88 25000
26 43 72 25000
26 44 75 25000
26 45 69 25000
26 46 76 25000
26 47 90 25000
26 48 90 25000
26 49 67 25000
26 50 66 25000
26 51 71 25000
27 28 147 25000
27 29 139 25000
27 30 119 25000
27 31 133 25000
27 32 123 25000
27 33 135 25000
27 34 103 25000
27 35 137 25000
27 36 158 25000
27 37 138 25000
27 38 120 25000
27 39 84 25000
27 40 70 25000
27 41 72 25000
27 42 80 25000
27 43 73 25000
27 44 80 25000
27 45 89 25000
27 46 74 25000
27 47 85 25000
27 48 75 25000
27 49 81 25000
27 50 75 25000
27 51 84 25000
28 29 130 25000
28 30 121 25000
28 31 120 25000
28 32 114 25000
28 33 147 25000
28 34 120 25000
28 35 146 25000
28 36 113 25000
28 37 151 25000
28 38 124 25000
28 39 80 25000
28 40 83 25000
28 41 70 25000
28 42 80 25000
28 43 84 25000
28 44 94 25000
28 45 89 25000
28 46 76 25000
28 47 79 25000
28 48 78 25000
28 49 92 25000
28 50 76 25000
28 51 82 25000
29 30 142 25000
29 31 151 25000
29 32 129 25000
29 33 116 25000
29 34 121 25000
29 35 114 25000
29 36 116 25000
29 37 118 25000
29 38 117 25000
29 39 85 25000
29 40 83 25000
29 41 63 25000
29 42 99 25000
29 43 75 25000
29 44 85 25000
29 45 85 25000
29 46 75 25000
29 47 76 25000
29 48 80 25000
29 49 86 25000
29 50 67 25000
29 51 82 25000
30 31 116 25000
30 32 131 25000
30 33 143 25000
30 34 128 25000
30 35 118 25000
30 36 113 25000
30 37 122 25000
30 38 132 25000
30 39 73 25000
30 40 79 25000
30 41 78 25000
30 42 67 25000
30 43 78 25000
30 44 87 25000
30 45 95 25000
30 46 77 25000
30 47 83 25000
30 48 83 25000
30 49 66 25000
30 50 77 25000
30 51 75 25000
31 32 142 25000
31 33 132 25000
31 34 134 25000
31 35 140 25000
31 36 118 25000
31 37 125 25000
31 38 140 25000
31 39 77 25000
31 40 78 25000
31 41 79 25000
31 42 88 25000
31 43 80 25000
31 44 71 25000
31 45 80 25000
31 46 87 25000
31 47 83 25000
31 48 74 25000
31 49 79 25000
31 50 67 25000
31 51 73 25000
32 33 158 25000
32 34 119 25000
32 35 133 25000
32 36 115 25000
32 37 132 25000
32 38 130 25000
32 39 89 25000
32 40 86 25000
32 41 84 25000
32 42 65 25000
32 43 85 25000
32 44 71 25000
32 45 71 25000
32 46 82 25000
32 47 67 25000
32 48 75 25000
32 49 77 25000
32 50 73 25000
32 51 80 25000
33 34 144 25000
33 35 125 25000
33 36 132 25000
33 37 122 25000
33 38 127 25000
33 39 78 25000
33 40 72 25000
33 41 81 25000
33 42 78 25000
33 43 85 25000
33 44 89 25000
33 45 94 25000
33 46 82 25000
33 47 83 25000
33 48 82 25000
33 49 90 25000
33 50 94 25000
33 51 84 25000
34 35 111 25000
34 36 104 25000
34 37 109 25000
34 38 119 25000
34 39 84 25000
34 40 75 25000
34 41 72 25000
34 42 69 25000
34 43 71 25000
34 44 73 25000
34 45 83 25000
34 46 65 25000
34 47 89 25000
34 48 80 25000
34 49 73 25000
34 50 78 25000
34 51 68 25000
35 36 123 25000
35 37 111 25000
35 38 133 25000
35 39 77 25000
35 40 89 25000
35 41 75 25000
35 42 87 25000
35 43 83 25000
35 44 77 25000
35 45 84 25000
35 46 60 25000
35 47 91 25000
35 48 68 25000
35 49 89 25000
35 50 80 25000
35 51 92 25000
36 37 144 25000
36 38 114 25000
36 39 78 25000
36 40 87 25000
36 41 66 25000
36 42 75 25000
36 43 89 25000
36 44 86 25000
36 45 77 25000
36 46 72 25000
36 47 78 25000
36 48 77 25000
36 49 88 25000
36 50 64 25000
36 51 72 25000
37 38 125 25000
37 39 70 25000
37 40 97 25000
37 41 71 25000
37 42 73 25000
37 43 85 25000
37 44 77 25000
37 45 76 25000
37 46 57 25000
37 47 76 25000
37 48 73 25000
37 49 89 25000
37 50 75 25000
37 51 74 25000
38 39 85 25000
38 40 85 25000
38 41 81 25000
38 42 78 25000
38 43 84 25000
38 44 89 25000
38 45 79 25000
38 46 73 25000
38 47 90 25000
38 48 80 25000
38 49 84 25000
38 50 77 25000
38 51 87 25000
39 40 147 25000
39 41 121 25000
39 42 135 25000
39 43 117 25000
39 44 96 25000
39 45 128 25000
39 46 136 25000
39 47 122 25000
39 48 104 25000
39 49 140 25000
39 50 131 25000
39 51 119 25000
40 41 114 25000
40 42 148 25000
40 43 108 25000
40 44 124 25000
40 45 123 25000
40 46 126 25000
40 47 118 25000
40 48 131 25000
40 49 131 25000
40 50 129 25000
40 51 119 25000
41 42 126 25000
41 43 131 25000
41 44 115 25000
41 45 122 25000
41 46 100 25000
41 47 124 25000
41 48 109 25000
41 49 136 25000
41 50 109 25000
41 51 131 25000
42 43 163 25000
42 44 149 25000
42 45 129 25000
42 46 143 25000
42 47 151 25000
42 48 115 25000
42 49 106 25000
42 50 120 25000
42 51 140 25000
43 44 131 25000
43 45 130 25000
43 46 129 25000
43 47 132 25000
43 48 147 25000
43 49 139 25000
43 50 117 25000
43 51 125 25000
44 45 128 25000
44 46 126 25000
44 47 139 25000
44 48 113 25000
44 49 119 25000
44 50 119 25000
44 51 114 25000
45 46 134 25000
45 47 133 25000
45 48 140 25000
45 49 120 25000
45 50 141 25000
45 51 145 25000
46 47 146 25000
46 48 122 25000
46 49 132 25000
46 50 125 25000
46 51 137 25000
47 48 112 25000
47 49 105 25000
47 50 136 25000
47 51 138 25000
48 49 155 25000
48 50 121 25000
48 51 124 25000
49 50 132 25000
49 51 138 25000
50 51 122 25000
