0 1 150 25000
0 2 151 25000
0 3 110 25000
0 4 128 25000
0 5 145 25000
0 6 131 25000
0 7 117 25000
0 8 121 25000
0 9 124 25000
0 10 129 25000
0 11 118 25000
0 12 149 25000
0 13 112 25000
0 14 126 25000
0 15 130 25000
0 16 113 25000
0 17 134 25000
0 18 128 25000
0 19 129 25000
0 20 155 25000
0 21 128 25000
0 22 129 25000
0 23 119 25000
0 24 104 25000
0 25 111 25000
0 26 135 25000
0 27 124 25000
0 28 126 25000
0 29 132 25000
0 30 123 25000
0 31 115 25000
0 32 113 25000
0 33 138 25000
0 34 112 25000
0 35 116 25000
0 36 118 25000
0 37 121 25000
0 38 120 25000
0 39 122 25000
0 40 139 25000
0 41 131 25000
0 42 128 25000
0 43 120 25000
0 44 122 25000
0 45 126 25000
0 46 118 25000
0 47 132 25000
0 48 116 25000
0 49 121 25000
0 50 110 25000
0 51 138 25000
1 2 119 25000
1 3 107 25000
1 4 144 25000
1 5 115 25000
1 6 139 25000
1 7 149 25000
1 8 127 25000
1 9 128 25000
1 10 121 25000
1 11 126 25000
1 12 142 25000
1 13 115 25000
1 14 128 25000
1 15 123 25000
1 16 111 25000
1 17 125 25000
1 18 110 25000
1 19 128 25000
1 20 138 25000
1 21 117 25000
1 22 109 25000
1 23 122 25000
1 24 139 25000
1 25 127 25000
1 26 114 25000
1 27 127 25000
1 28 117 25000
1 29 111 25000
1 30 109 25000
1 31 104 25000
1 32 134 25000
1 33 113 25000
1 34 103 25000
1 35 123 25000
1 36 106 25000
1 37 114 25000
1 38 114 25000
1 39 102 25000
1 40 114 25000
1 41 111 25000
1 42 121 25000
1 43 122 25000
1 44 114 25000
1 45 127 25000
1 46 120 25000
1 47 109 25000
1 48 110 25000
1 49 119 25000
1 50 143 25000
1 51 146 25000
2 3 112 25000
2 4 137 25000
2 5 137 25000
2 6 139 25000
2 7 131 25000
2 8 117 25000
2 9 133 25000
2 10 136 25000
2 11 121 25000
2 12 131 25000
2 13 133 25000
2 14 121 25000
2 15 85 25000
2 16 111 25000
2 17 126 25000
2 18 133 25000
2 19 116 25000
2 20 143 25000
2 21 139 25000
2 22 120 25000
2 23 119 25000
2 24 136 25000
2 25 114 25000
2 26 147 25000
2 27 119 25000
2 28 112 25000
2 29 136 25000
2 30 118 25000
2 31 127 25000
2 32 131 25000
2 33 131 25000
2 34 115 25000
2 35 111 25000
2 36 114 25000
2 37 140 25000
2 38 129 25000
2 39 134 25000
2 40 111 25000
2 41 121 25000
2 42 111 25000
2 43 114 25000
2 44 126 25000
2 45 141 25000
2 46 125 25000
2 47 117 25000
2 48 130 25000
2 49 122 25000
2 50 112 25000
2 51 131 25000
3 4 141 25000
3 5 143 25000
3 6 116 25000
3 7 124 25000
3 8 119 25000
3 9 123 25000
3 10 145 25000
3 11 130 25000
3 12 106 25000
3 13 153 25000
3 14 130 25000
3 15 115 25000
3 16 111 25000
3 17 118 25000
3 18 122 25000
3 19 116 25000
3 20 104 25000
3 21 118 25000
3 22 123 25000
3 23 136 25000
3 24 148 25000
3 25 124 25000
3 26 121 25000
3 27 110 25000
3 28 124 25000
3 29 130 25000
3 30 135 25000
3 31 109 25000
3 32 108 25000
3 33 114 25000
3 34 120 25000
3 35 116 25000
3 36 138 25000
3 37 106 25000
3 38 125 25000
3 39 131 25000
3 40 125 25000
3 41 118 25000
3 42 105 25000
3 43 115 25000
3 44 113 25000
3 45 127 25000
3 46 117 25000
3 47 135 25000
3 48 134 25000
3 49 133 25000
3 50 117 25000
3 51 131 25000
4 5 141 25000
4 6 148 25000
4 7 144 25000
4 8 133 25000
4 9 128 25000
4 10 139 25000
4 11 133 25000
4 12 127 25000
4 13 134 25000
4 14 115 25000
4 15 134 25000
4 16 120 25000
4 17 143 25000
4 18 131 25000
4 19 111 25000
4 20 119 25000
4 21 127 25000
4 22 147 25000
4 23 133 25000
4 24 121 25000
4 25 126 25000
4 26 120 25000
4 27 127 25000
4 28 144 25000
4 29 103 25000
4 30 112 25000
4 31 135 25000
4 32 124 25000
4 33 115 25000
4 34 110 25000
4 35 124 25000
4 36 133 25000
4 37 123 25000
4 38 129 25000
4 39 116 25000
4 40 127 25000
4 41 114 25000
4 42 125 25000
4 43 125 25000
4 44 135 25000
4 45 108 25000
4 46 117 25000
4 47 132 25000
4 48 133 25000
4 49 132 25000
4 50 120 25000
4 51 133 25000
5 6 131 25000
5 7 144 25000
5 8 128 25000
5 9 122 25000
5 10 133 25000
5 11 127 25000
5 12 131 25000
5 13 129 25000
5 14 124 25000
5 15 111 25000
5 16 120 25000
5 17 141 25000
5 18 132 25000
5 19 123 25000
5 20 130 25000
5 21 121 25000
5 22 112 25000
5 23 144 25000
5 24 116 25000
5 25 127 25000
5 26 136 25000
5 27 103 25000
5 28 123 25000
5 29 118 25000
5 30 123 25000
5 31 125 25000
5 32 123 25000
5 33 109 25000
5 34 147 25000
5 35 130 25000
5 36 127 25000
5 37 108 25000
5 38 150 25000
5 39 107 25000
5 40 126 25000
5 41 154 25000
5 42 111 25000
5 43 128 25000
5 44 126 25000
5 45 108 25000
5 46 114 25000
5 47 135 25000
5 48 113 25000
5 49 131 25000
5 50 132 25000
5 51 127 25000
6 7 124 25000
6 8 131 25000
6 9 105 25000
6 10 135 25000
6 11 127 25000
6 12 139 25000
6 13 121 25000
6 14 125 25000
6 15 120 25000
6 16 110 25000
6 17 128 25000
6 18 140 25000
6 19 122 25000
6 20 109 25000
6 21 128 25000
6 22 126 25000
6 23 141 25000
6 24 119 25000
6 25 127 25000
6 26 130 25000
6 27 139 25000
6 28 115 25000
6 29 127 25000
6 30 103 25000
6 31 135 25000
6 32 124 25000
6 33 114 25000
6 34 132 25000
6 35 125 25000
6 36 103 25000
6 37 142 25000
6 38 124 25000
6 39 116 25000
6 40 142 25000
6 41 128 25000
6 42 130 25000
6 43 110 25000
6 44 141 25000
6 45 119 25000
6 46 126 25000
6 47 118 25000
6 48 138 25000
6 49 136 25000
6 50 109 25000
6 51 136 25000
7 8 124 25000
7 9 111 25000
7 10 121 25000
7 11 131 25000
7 12 133 25000
7 13 122 25000
7 14 120 25000
7 15 105 25000
7 16 134 25000
7 17 117 25000
7 18 116 25000
7 19 122 25000
7 20 132 25000
7 21 118 25000
7 22 121 25000
7 23 114 25000
7 24 109 25000
7 25 116 25000
7 26 128 25000
7 27 125 25000
7 28 112 25000
7 29 120 25000
7 30 121 25000
7 31 116 25000
7 32 135 25000
7 33 139 25000
7 34 105 25000
7 35 112 25000
7 36 112 25000
7 37 120 25000
7 38 117 25000
7 39 107 25000
7 40 119 25000
7 41 106 25000
7 42 118 25000
7 43 123 25000
7 44 125 25000
7 45 124 25000
7 46 115 25000
7 47 119 25000
7 48 131 25000
7 49 115 25000
7 50 112 25000
7 51 127 25000
8 9 112 25000
8 10 144 25000
8 11 125 25000
8 12 121 25000
8 13 132 25000
8 14 114 25000
8 15 124 25000
8 16 120 25000
8 17 139 25000
8 18 123 25000
8 19 110 25000
8 20 90 25000
8 21 125 25000
8 22 131 25000
8 23 119 25000
8 24 127 25000
8 25 125 25000
8 26 141 25000
8 27 126 25000
8 28 126 25000
8 29 117 25000
8 30 111 25000
8 31 137 25000
8 32 120 25000
8 33 108 25000
8 34 108 25000
8 35 108 25000
8 36 148 25000
8 37 131 25000
8 38 118 25000
8 39 114 25000
8 40 150 25000
8 41 127 25000
8 42 86 25000
8 43 121 25000
8 44 123 25000
8 45 111 25000
8 46 151 25000
8 47 128 25000
8 48 123 25000
8 49 112 25000
8 50 124 25000
8 51 110 25000
9 10 125 25000
9 11 159 25000
9 12 143 25000
9 13 117 25000
9 14 113 25000
9 15 135 25000
9 16 115 25000
9 17 135 25000
9 18 136 25000
9 19 119 25000
9 20 131 25000
9 21 131 25000
9 22 133 25000
9 23 114 25000
9 24 113 25000
9 25 116 25000
9 26 129 25000
9 27 106 25000
9 28 97 25000
9 29 123 25000
9 30 112 25000
9 31 110 25000
9 32 122 25000
9 33 135 25000
9 34 132 25000
9 35 110 25000
9 36 109 25000
9 37 145 25000
9 38 113 25000
9 39 134 25000
9 40 116 25000
9 41 116 25000
9 42 123 25000
9 43 116 25000
9 44 138 25000
9 45 123 25000
9 46 124 25000
9 47 121 25000
9 48 127 25000
9 49 122 25000
9 50 139 25000
9 51 124 25000
10 11 127 25000
10 12 161 25000
10 13 137 25000
10 14 109 25000
10 15 128 25000
10 16 122 25000
10 17 115 25000
10 18 115 25000
10 19 118 25000
10 20 119 25000
10 21 119 25000
10 22 122 25000
10 23 142 25000
10 24 134 25000
10 25 117 25000
10 26 115 25000
10 27 119 25000
10 28 113 25000
10 29 130 25000
10 30 120 25000
10 31 123 25000
10 32 120 25000
10 33 120 25000
10 34 110 25000
10 35 125 25000
10 36 117 25000
10 37 117 25000
10 38 115 25000
10 39 138 25000
10 40 106 25000
10 41 127 25000
10 42 109 25000
10 43 118 25000
10 44 125 25000
10 45 120 25000
10 46 126 25000
10 47 119 25000
10 48 101 25000
10 49 133 25000
10 50 136 25000
10 51 130 25000
11 12 153 25000
11 13 120 25000
11 14 140 25000
11 15 141 25000
11 16 138 25000
11 17 135 25000
11 18 135 25000
11 19 127 25000
11 20 123 25000
11 21 119 25000
11 22 120 25000
11 23 135 25000
11 24 132 25000
11 25 138 25000
11 26 130 25000
11 27 117 25000
11 28 119 25000
11 29 127 25000
11 30 129 25000
11 31 116 25000
11 32 127 25000
11 33 129 25000
11 34 125 25000
11 35 125 25000
11 36 127 25000
11 37 140 25000
11 38 115 25000
11 39 120 25000
11 40 125 25000
11 41 134 25000
11 42 97 25000
11 43 126 25000
11 44 115 25000
11 45 138 25000
11 46 124 25000
11 47 118 25000
11 48 118 25000
11 49 110 25000
11 50 134 25000
11 51 132 25000
12 13 132 25000
12 14 128 25000
12 15 124 25000
12 16 129 25000
12 17 131 25000
12 18 120 25000
12 19 131 25000
12 20 122 25000
12 21 122 25000
12 22 137 25000
12 23 122 25000
12 24 124 25000
12 25 122 25000
12 26 132 25000
12 27 141 25000
12 28 110 25000
12 29 119 25000
12 30 148 25000
12 31 109 25000
12 32 119 25000
12 33 108 25000
12 34 143 25000
12 35 122 25000
12 36 125 25000
12 37 127 25000
12 38 131 25000
12 39 173 25000
12 40 118 25000
12 41 100 25000
12 42 123 25000
12 43 122 25000
12 44 125 25000
12 45 132 25000
12 46 144 25000
12 47 134 25000
12 48 128 25000
12 49 135 25000
12 50 147 25000
12 51 106 25000
13 14 135 25000
13 15 136 25000
13 16 122 25000
13 17 135 25000
13 18 142 25000
13 19 123 25000
13 20 123 25000
13 21 124 25000
13 22 111 25000
13 23 133 25000
13 24 127 25000
13 25 135 25000
13 26 124 25000
13 27 115 25000
13 28 116 25000
13 29 118 25000
13 30 123 25000
13 31 119 25000
13 32 118 25000
13 33 120 25000
13 34 141 25000
13 35 113 25000
13 36 92 25000
13 37 130 25000
13 38 118 25000
13 39 146 25000
13 40 102 25000
13 41 105 25000
13 42 111 25000
13 43 117 25000
13 44 114 25000
13 45 118 25000
13 46 113 25000
13 47 127 25000
13 48 126 25000
13 49 120 25000
13 50 101 25000
13 51 118 25000
14 15 133 25000
14 16 128 25000
14 17 152 25000
14 18 112 25000
14 19 143 25000
14 20 133 25000
14 21 129 25000
14 22 131 25000
14 23 128 25000
14 24 141 25000
14 25 98 25000
14 26 135 25000
14 27 111 25000
14 28 137 25000
14 29 132 25000
14 30 110 25000
14 31 116 25000
14 32 138 25000
14 33 122 25000
14 34 128 25000
14 35 106 25000
14 36 115 25000
14 37 114 25000
14 38 115 25000
14 39 103 25000
14 40 102 25000
14 41 132 25000
14 42 120 25000
14 43 122 25000
14 44 119 25000
14 45 118 25000
14 46 110 25000
14 47 133 25000
14 48 124 25000
14 49 116 25000
14 50 120 25000
14 51 134 25000
15 16 134 25000
15 17 138 25000
15 18 146 25000
15 19 125 25000
15 20 127 25000
15 21 150 25000
15 22 123 25000
15 23 173 25000
15 24 136 25000
15 25 123 25000
15 26 128 25000
15 27 113 25000
15 28 133 25000
15 29 129 25000
15 30 146 25000
15 31 115 25000
15 32 135 25000
15 33 135 25000
15 34 137 25000
15 35 112 25000
15 36 121 25000
15 37 126 25000
15 38 136 25000
15 39 105 25000
15 40 122 25000
15 41 124 25000
15 42 118 25000
15 43 128 25000
15 44 126 25000
15 45 117 25000
15 46 109 25000
15 47 116 25000
15 48 113 25000
15 49 136 25000
15 50 148 25000
15 51 109 25000
16 17 148 25000
16 18 135 25000
16 19 137 25000
16 20 109 25000
16 21 126 25000
16 22 136 25000
16 23 129 25000
16 24 117 25000
16 25 132 25000
16 26 136 25000
16 27 101 25000
16 28 117 25000
16 29 115 25000
16 30 138 25000
16 31 126 25000
16 32 109 25000
16 33 126 25000
16 34 107 25000
16 35 94 25000
16 36 125 25000
16 37 131 25000
16 38 136 25000
16 39 113 25000
16 40 121 25000
16 41 113 25000
16 42 130 25000
16 43 114 25000
16 44 110 25000
16 45 123 25000
16 46 110 25000
16 47 121 25000
16 48 125 25000
16 49 110 25000
16 50 122 25000
16 51 133 25000
17 18 124 25000
17 19 146 25000
17 20 146 25000
17 21 135 25000
17 22 145 25000
17 23 124 25000
17 24 129 25000
17 25 114 25000
17 26 105 25000
17 27 129 25000
17 28 117 25000
17 29 134 25000
17 30 124 25000
17 31 131 25000
17 32 135 25000
17 33 132 25000
17 34 118 25000
17 35 113 25000
17 36 123 25000
17 37 121 25000
17 38 130 25000
17 39 144 25000
17 40 127 25000
17 41 136 25000
17 42 136 25000
17 43 124 25000
17 44 142 25000
17 45 123 25000
17 46 151 25000
17 47 125 25000
17 48 131 25000
17 49 131 25000
17 50 137 25000
17 51 121 25000
18 19 154 25000
18 20 126 25000
18 21 130 25000
18 22 139 25000
18 23 123 25000
18 24 124 25000
18 25 137 25000
18 26 117 25000
18 27 132 25000
18 28 120 25000
18 29 122 25000
18 30 132 25000
18 31 121 25000
18 32 125 25000
18 33 133 25000
18 34 129 25000
18 35 121 25000
18 36 128 25000
18 37 106 25000
18 38 118 25000
18 39 115 25000
18 40 116 25000
18 41 129 25000
18 42 139 25000
18 43 149 25000
18 44 120 25000
18 45 118 25000
18 46 147 25000
18 47 110 25000
18 48 119 25000
18 49 118 25000
18 50 116 25000
18 51 121 25000
19 20 129 25000
19 21 126 25000
19 22 142 25000
19 23 131 25000
19 24 127 25000
19 25 124 25000
19 26 109 25000
19 27 116 25000
19 28 122 25000
19 29 128 25000
19 30 125 25000
19 31 142 25000
19 32 128 25000
19 33 117 25000
19 34 131 25000
19 35 126 25000
19 36 127 25000
19 37 113 25000
19 38 128 25000
19 39 141 25000
19 40 118 25000
19 41 136 25000
19 42 131 25000
19 43 132 25000
19 44 115 25000
19 45 127 25000
19 46 157 25000
19 47 126 25000
19 48 133 25000
19 49 117 25000
19 50 124 25000
19 51 140 25000
20 21 147 25000
20 22 117 25000
20 23 127 25000
20 24 124 25000
20 25 129 25000
20 26 129 25000
20 27 128 25000
20 28 125 25000
20 29 120 25000
20 30 123 25000
20 31 126 25000
20 32 131 25000
20 33 143 25000
20 34 118 25000
20 35 105 25000
20 36 120 25000
20 37 121 25000
20 38 131 25000
20 39 121 25000
20 40 136 25000
20 41 112 25000
20 42 129 25000
20 43 127 25000
20 44 120 25000
20 45 122 25000
20 46 127 25000
20 47 130 25000
20 48 114 25000
20 49 142 25000
20 50 110 25000
20 51 113 25000
21 22 131 25000
21 23 132 25000
21 24 116 25000
21 25 130 25000
21 26 137 25000
21 27 132 25000
21 28 109 25000
21 29 113 25000
21 30 144 25000
21 31 122 25000
21 32 137 25000
21 33 130 25000
21 34 122 25000
21 35 112 25000
21 36 92 25000
21 37 123 25000
21 38 130 25000
21 39 125 25000
21 40 144 25000
21 41 120 25000
21 42 103 25000
21 43 137 25000
21 44 119 25000
21 45 123 25000
21 46 147 25000
21 47 138 25000
21 48 125 25000
21 49 112 25000
21 50 117 25000
21 51 139 25000
22 23 131 25000
22 24 114 25000
22 25 127 25000
22 26 118 25000
22 27 118 25000
22 28 99 25000
22 29 137 25000
22 30 109 25000
22 31 99 25000
22 32 119 25000
22 33 132 25000
22 34 111 25000
22 35 119 25000
22 36 151 25000
22 37 116 25000
22 38 138 25000
22 39 126 25000
22 40 127 25000
22 41 124 25000
22 42 126 25000
22 43 116 25000
22 44 114 25000
22 45 117 25000
22 46 112 25000
22 47 113 25000
22 48 113 25000
22 49 152 25000
22 50 130 25000
22 51 135 25000
23 24 125 25000
23 25 125 25000
23 26 136 25000
23 27 110 25000
23 28 150 25000
23 29 122 25000
23 30 139 25000
23 31 123 25000
23 32 123 25000
23 33 126 25000
23 34 122 25000
23 35 103 25000
23 36 118 25000
23 37 103 25000
23 38 136 25000
23 39 136 25000
23 40 136 25000
23 41 139 25000
23 42 124 25000
23 43 118 25000
23 44 147 25000
23 45 125 25000
23 46 138 25000
23 47 150 25000
23 48 118 25000
23 49 155 25000
23 50 112 25000
23 51 131 25000
24 25 129 25000
24 26 126 25000
24 27 128 25000
24 28 117 25000
24 29 115 25000
24 30 124 25000
24 31 123 25000
24 32 124 25000
24 33 113 25000
24 34 116 25000
24 35 122 25000
24 36 111 25000
24 37 135 25000
24 38 126 25000
24 39 115 25000
24 40 124 25000
24 41 136 25000
24 42 107 25000
24 43 105 25000
24 44 121 25000
24 45 122 25000
24 46 111 25000
24 47 122 25000
24 48 115 25000
24 49 133 25000
24 50 112 25000
24 51 128 25000
25 26 105 25000
25 27 102 25000
25 28 118 25000
25 29 125 25000
25 30 119 25000
25 31 129 25000
25 32 133 25000
25 33 105 25000
25 34 122 25000
25 35 132 25000
25 36 128 25000
25 37 116 25000
25 38 119 25000
25 39 130 25000
25 40 103 25000
25 41 108 25000
25 42 108 25000
25 43 133 25000
25 44 118 25000
25 45 130 25000
25 46 134 25000
25 47 121 25000
25 48 118 25000
25 49 122 25000
25 50 124 25000
25 51 143 25000
26 27 138 25000
26 28 152 25000
26 29 131 25000
26 30 114 25000
26 31 127 25000
26 32 111 25000
26 33 117 25000
26 34 132 25000
26 35 123 25000
26 36 128 25000
26 37 125 25000
26 38 143 25000
26 39 125 25000
26 40 125 25000
26 41 128 25000
26 42 118 25000
26 43 118 25000
26 44 127 25000
26 45 102 25000
26 46 136 25000
26 47 136 25000
26 48 131 25000
26 49 135 25000
26 50 138 25000
26 51 137 25000
27 28 137 25000
27 29 136 25000
27 30 128 25000
27 31 132 25000
27 32 133 25000
27 33 127 25000
27 34 138 25000
27 35 128 25000
27 36 137 25000
27 37 100 25000
27 38 112 25000
27 39 133 25000
27 40 108 25000
27 41 114 25000
27 42 118 25000
27 43 136 25000
27 44 117 25000
27 45 105 25000
27 46 117 25000
27 47 138 25000
27 48 112 25000
27 49 122 25000
27 50 123 25000
27 51 114 25000
28 29 123 25000
28 30 116 25000
28 31 114 25000
28 32 109 25000
28 33 111 25000
28 34 133 25000
28 35 124 25000
28 36 126 25000
28 37 123 25000
28 38 135 25000
28 39 130 25000
28 40 129 25000
28 41 108 25000
28 42 112 25000
28 43 136 25000
28 44 127 25000
28 45 131 25000
28 46 125 25000
28 47 124 25000
28 48 138 25000
28 49 124 25000
28 50 97 25000
28 51 119 25000
29 30 127 25000
29 31 119 25000
29 32 127 25000
29 33 144 25000
29 34 137 25000
29 35 117 25000
29 36 119 25000
29 37 120 25000
29 38 145 25000
29 39 124 25000
29 40 119 25000
29 41 107 25000
29 42 124 25000
29 43 117 25000
29 44 135 25000
29 45 127 25000
29 46 127 25000
29 47 135 25000
29 48 135 25000
29 49 123 25000
29 50 142 25000
29 51 122 25000
30 31 137 25000
30 32 140 25000
30 33 138 25000
30 34 130 25000
30 35 133 25000
30 36 135 25000
30 37 127 25000
30 38 119 25000
30 39 117 25000
30 40 125 25000
30 41 140 25000
30 42 119 25000
30 43 131 25000
30 44 124 25000
30 45 97 25000
30 46 111 25000
30 47 132 25000
30 48 110 25000
30 49 121 25000
30 50 121 25000
30 51 136 25000
31 32 123 25000
31 33 126 25000
31 34 117 25000
31 35 118 25000
31 36 132 25000
31 37 129 25000
31 38 125 25000
31 39 139 25000
31 40 115 25000
31 41 111 25000
31 42 132 25000
31 43 119 25000
31 44 113 25000
31 45 121 25000
31 46 104 25000
31 47 114 25000
31 48 122 25000
31 49 128 25000
31 50 134 25000
31 51 128 25000
32 33 138 25000
32 34 128 25000
32 35 139 25000
32 36 148 25000
32 37 117 25000
32 38 147 25000
32 39 154 25000
32 40 130 25000
32 41 129 25000
32 42 123 25000
32 43 143 25000
32 44 89 25000
32 45 129 25000
32 46 122 25000
32 47 153 25000
32 48 120 25000
32 49 115 25000
32 50 141 25000
32 51 131 25000
33 34 123 25000
33 35 142 25000
33 36 130 25000
33 37 121 25000
33 38 120 25000
33 39 115 25000
33 40 112 25000
33 41 113 25000
33 42 127 25000
33 43 115 25000
33 44 133 25000
33 45 131 25000
33 46 128 25000
33 47 120 25000
33 48 119 25000
33 49 123 25000
33 50 131 25000
33 51 140 25000
34 35 137 25000
34 36 142 25000
34 37 125 25000
34 38 113 25000
34 39 140 25000
34 40 121 25000
34 41 125 25000
34 42 109 25000
34 43 125 25000
34 44 114 25000
34 45 130 25000
34 46 130 25000
34 47 147 25000
34 48 129 25000
34 49 136 25000
34 50 101 25000
34 51 131 25000
35 36 113 25000
35 37 112 25000
35 38 119 25000
35 39 122 25000
35 40 126 25000
35 41 117 25000
35 42 122 25000
35 43 121 25000
35 44 115 25000
35 45 111 25000
35 46 96 25000
35 47 124 25000
35 48 128 25000
35 49 111 25000
35 50 131 25000
35 51 125 25000
36 37 129 25000
36 38 143 25000
36 39 143 25000
36 40 119 25000
36 41 112 25000
36 42 124 25000
36 43 130 25000
36 44 110 25000
36 45 112 25000
36 46 116 25000
36 47 111 25000
36 48 143 25000
36 49 132 25000
36 50 127 25000
36 51 132 25000
37 38 144 25000
37 39 124 25000
37 40 138 25000
37 41 132 25000
37 42 113 25000
37 43 109 25000
37 44 127 25000
37 45 124 25000
37 46 139 25000
37 47 96 25000
37 48 130 25000
37 49 114 25000
37 50 115 25000
37 51 115 25000
38 39 116 25000
38 40 134 25000
38 41 133 25000
38 42 121 25000
38 43 122 25000
38 44 135 25000
38 45 131 25000
38 46 127 25000
38 47 118 25000
38 48 137 25000
38 49 138 25000
38 50 117 25000
38 51 140 25000
39 40 148 25000
39 41 143 25000
39 42 136 25000
39 43 128 25000
39 44 143 25000
39 45 128 25000
39 46 138 25000
39 47 101 25000
39 48 133 25000
39 49 124 25000
39 50 133 25000
39 51 156 25000
40 41 132 25000
40 42 132 25000
40 43 127 25000
40 44 107 25000
40 45 128 25000
40 46 145 25000
40 47 121 25000
40 48 146 25000
40 49 114 25000
40 50 121 25000
40 51 141 25000
41 42 135 25000
41 43 111 25000
41 44 116 25000
41 45 126 25000
41 46 132 25000
41 47 131 25000
41 48 110 25000
41 49 135 25000
41 50 115 25000
41 51 132 25000
42 43 128 25000
42 44 130 25000
42 45 144 25000
42 46 126 25000
42 47 125 25000
42 48 112 25000
42 49 132 25000
42 50 114 25000
42 51 113 25000
43 44 140 25000
43 45 144 25000
43 46 122 25000
43 47 140 25000
43 48 120 25000
43 49 135 25000
43 50 123 25000
43 51 140 25000
44 45 101 25000
44 46 121 25000
44 47 130 25000
44 48 112 25000
44 49 132 25000
44 50 115 25000
44 51 111 25000
45 46 132 25000
45 47 154 25000
45 48 121 25000
45 49 137 25000
45 50 112 25000
45 51 124 25000
46 47 103 25000
46 48 125 25000
46 49 142 25000
46 50 137 25000
46 51 137 25000
47 48 101 25000
47 49 124 25000
47 50 141 25000
47 51 143 25000
48 49 136 25000
48 50 127 25000
48 51 130 25000
49 50 110 25000
49 51 128 25000
50 51 140 25000
