0 1 124 25000
0 2 140 25000
0 3 138 25000
0 4 135 25000
0 5 129 25000
0 6 120 25000
0 7 117 25000
0 8 133 25000
0 9 125 25000
0 10 122 25000
0 11 120 25000
0 12 134 25000
0 13 67 25000
0 14 73 25000
0 15 86 25000
0 16 82 25000
0 17 91 25000
0 18 77 25000
0 19 83 25000
0 20 73 25000
0 21 97 25000
0 22 62 25000
0 23 75 25000
0 24 54 25000
0 25 83 25000
0 26 94 25000
0 27 90 25000
0 28 92 25000
0 29 83 25000
0 30 80 25000
0 31 79 25000
0 32 89 25000
0 33 93 25000
0 34 75 25000
0 35 74 25000
0 36 73 25000
0 37 79 25000
0 38 77 25000
0 39 92 25000
0 40 81 25000
0 41 72 25000
0 42 72 25000
0 43 71 25000
0 44 82 25000
0 45 77 25000
0 46 82 25000
0 47 83 25000
0 48 80 25000
0 49 82 25000
0 50 76 25000
0 51 67 25000
1 2 111 25000
1 3 128 25000
1 4 127 25000
1 5 121 25000
1 6 123 25000
1 7 136 25000
1 8 134 25000
1 9 131 25000
1 10 137 25000
1 11 105 25000
1 12 146 25000
1 13 81 25000
1 14 73 25000
1 15 82 25000
1 16 90 25000
1 17 98 25000
1 18 84 25000
1 19 88 25000
1 20 81 25000
1 21 82 25000
1 22 91 25000
1 23 70 25000
1 24 76 25000
1 25 82 25000
1 26 78 25000
1 27 94 25000
1 28 79 25000
1 29 83 25000
1 30 76 25000
1 31 76 25000
1 32 74 25000
1 33 96 25000
1 34 92 25000
1 35 90 25000
1 36 82 25000
1 37 68 25000
1 38 93 25000
1 39 79 25000
1 40 77 25000
1 41 78 25000
1 42 92 25000
1 43 78 25000
1 44 75 25000
1 45 86 25000
1 46 88 25000
1 47 75 25000
1 48 81 25000
1 49 76 25000
1 50 84 25000
1 51 85 25000
2 3 127 25000
2 4 96 25000
2 5 126 25000
2 6 132 25000
2 7 117 25000
2 8 140 25000
2 9 135 25000
2 10 139 25000
2 11 115 25000
2 12 120 25000
2 13 81 25000
2 14 86 25000
2 15 74 25000
2 16 86 25000
2 17 80 25000
2 18 90 25000
2 19 89 25000
2 20 92 25000
2 21 87 25000
2 22 82 25000
2 23 81 25000
2 24 86 25000
2 25 85 25000
2 26 79 25000
2 27 75 25000
2 28 89 25000
2 29 90 25000
2 30 68 25000
2 31 89 25000
2 32 102 25000
2 33 85 25000
2 34 86 25000
2 35 76 25000
2 36 93 25000
2 37 94 25000
2 38 97 25000
2 39 80 25000
2 40 83 25000
2 41 85 25000
2 42 64 25000
2 43 82 25000
2 44 74 25000
2 45 59 25000
2 46 75 25000
2 47 80 25000
2 48 73 25000
2 49 81 25000
2 50 95 25000
2 51 87 25000
3 4 122 25000
3 5 117 25000
3 6 118 25000
3 7 133 25000
3 8 135 25000
3 9 122 25000
3 10 151 25000
3 11 147 25000
3 12 146 25000
3 13 83 25000
3 14 109 25000
3 15 78 25000
3 16 74 25000
3 17 97 25000
3 18 72 25000
3 19 98 25000
3 20 92 25000
3 21 84 25000
3 22 66 25000
3 23 79 25000
3 24 65 25000
3 25 83 25000
3 26 100 25000
3 27 77 25000
3 28 90 25000
3 29 79 25000
3 30 93 25000
3 31 99 25000
3 32 77 25000
3 33 79 25000
3 34 68 25000
3 35 90 25000
3 36 80 25000
3 37 88 25000
3 38 79 25000
3 39 80 25000
3 40 83 25000
3 41 68 25000
3 42 83 25000
3 43 91 25000
3 44 66 25000
3 45 79 25000
3 46 88 25000
3 47 72 25000
3 48 75 25000
3 49 77 25000
3 50 71 25000
3 51 92 25000
4 5 125 25000
4 6 114 25000
4 7 137 25000
4 8 142 25000
4 9 127 25000
4 10 120 25000
4 11 123 25000
4 12 122 25000
4 13 67 25000
4 14 93 25000
4 15 83 25000
4 16 86 25000
4 17 81 25000
4 18 84 25000
4 19 95 25000
4 20 88 25000
4 21 81 25000
4 22 87 25000
4 23 72 25000
4 24 84 25000
4 25 93 25000
4 26 99 25000
4 27 75 25000
4 28 76 25000
4 29 83 25000
4 30 85 25000
4 31 91 25000
4 32 72 25000
4 33 88 25000
4 34 60 25000
4 35 83 25000
4 36 87 25000
4 37 88 25000
4 38 86 25000
4 39 79 25000
4 40 88 25000
4 41 78 25000
4 42 86 25000
4 43 80 25000
4 44 86 25000
4 45 80 25000
4 46 84 25000
4 47 83 25000
4 48 87 25000
4 49 77 25000
4 50 85 25000
4 51 63 25000
5 6 139 25000
5 7 132 25000
5 8 126 25000
5 9 140 25000
5 10 125 25000
5 11 151 25000
5 12 121 25000
5 13 79 25000
5 14 73 25000
5 15 66 25000
5 16 82 25000
5 17 80 25000
5 18 61 25000
5 19 82 25000
5 20 86 25000
5 21 75 25000
5 22 95 25000
5 23 86 25000
5 24 70 25000
5 25 83 25000
5 26 84 25000
5 27 77 25000
5 28 69 25000
5 29 84 25000
5 30 68 25000
5 31 94 25000
5 32 95 25000
5 33 68 25000
5 34 77 25000
5 35 88 25000
5 36 88 25000
5 37 99 25000
5 38 79 25000
5 39 76 25000
5 40 77 25000
5 41 80 25000
5 42 94 25000
5 43 90 25000
5 44 84 25000
5 45 84 25000
5 46 72 25000
5 47 71 25000
5 48 78 25000
5 49 65 25000
5 50 90 25000
5 51 79 25000
6 7 120 25000
6 8 148 25000
6 9 138 25000
6 10 139 25000
6 11 143 25000
6 12 133 25000
6 13 99 25000
6 14 81 25000
6 15 74 25000
6 16 88 25000
6 17 76 25000
6 18 76 25000
6 19 89 25000
6 20 74 25000
6 21 87 25000
6 22 74 25000
6 23 80 25000
6 24 75 25000
6 25 97 25000
6 26 96 25000
6 27 68 25000
6 28 92 25000
6 29 73 25000
6 30 78 25000
6 31 85 25000
6 32 86 25000
6 33 81 25000
6 34 87 25000
6 35 84 25000
6 36 83 25000
6 37 85 25000
6 38 58 25000
6 39 77 25000
6 40 84 25000
6 41 74 25000
6 42 76 25000
6 43 79 25000
6 44 80 25000
6 45 87 25000
6 46 89 25000
6 47 71 25000
6 48 81 25000
6 49 104 25000
6 50 86 25000
6 51 92 25000
7 8 158 25000
7 9 127 25000
7 10 125 25000
7 11 140 25000
7 12 137 25000
7 13 94 25000
7 14 91 25000
7 15 76 25000
7 16 77 25000
7 17 77 25000
7 18 69 25000
7 19 85 25000
7 20 90 25000
7 21 91 25000
7 22 78 25000
7 23 86 25000
7 24 85 25000
7 25 71 25000
7 26 90 25000
7 27 85 25000
7 28 75 25000
7 29 66 25000
7 30 74 25000
7 31 86 25000
7 32 82 25000
7 33 92 25000
7 34 83 25000
7 35 73 25000
7 36 91 25000
7 37 88 25000
7 38 78 25000
7 39 74 25000
7 40 77 25000
7 41 87 25000
7 42 83 25000
7 43 78 25000
7 44 69 25000
7 45 66 25000
7 46 75 25000
7 47 75 25000
7 48 80 25000
7 49 99 25000
7 50 73 25000
7 51 88 25000
8 9 133 25000
8 10 137 25000
8 11 145 25000
8 12 139 25000
8 13 70 25000
8 14 93 25000
8 15 97 25000
8 16 70 25000
8 17 74 25000
8 18 70 25000
8 19 78 25000
8 20 75 25000
8 21 83 25000
8 22 82 25000
8 23 84 25000
8 24 85 25000
8 25 77 25000
8 26 78 25000
8 27 84 25000
8 28 75 25000
8 29 75 25000
8 30 66 25000
8 31 71 25000
8 32 73 25000
8 33 74 25000
8 34 96 25000
8 35 80 25000
8 36 93 25000
8 37 91 25000
8 38 86 25000
8 39 70 25000
8 40 73 25000
8 41 80 25000
8 42 71 25000
8 43 83 25000
8 44 73 25000
8 45 96 25000
8 46 71 25000
8 47 68 25000
8 48 83 25000
8 49 68 25000
8 50 93 25000
8 51 67 25000
9 10 140 25000
9 11 143 25000
9 12 107 25000
9 13 81 25000
9 14 82 25000
9 15 77 25000
9 16 74 25000
9 17 89 25000
9 18 94 25000
9 19 76 25000
9 20 82 25000
9 21 88 25000
9 22 68 25000
9 23 87 25000
9 24 85 25000
9 25 83 25000
9 26 87 25000
9 27 79 25000
9 28 98 25000
9 29 73 25000
9 30 77 25000
9 31 82 25000
9 32 92 25000
9 33 94 25000
9 34 74 25000
9 35 75 25000
9 36 72 25000
9 37 80 25000
9 38 87 25000
9 39 67 25000
9 40 71 25000
9 41 82 25000
9 42 73 25000
9 43 72 25000
9 44 81 25000
9 45 78 25000
9 46 91 25000
9 47 83 25000
9 48 84 25000
9 49 72 25000
9 50 85 25000
9 51 81 25000
10 11 121 25000
10 12 136 25000
10 13 90 25000
10 14 90 25000
10 15 66 25000
10 16 70 25000
10 17 74 25000
10 18 73 25000
10 19 92 25000
10 20 86 25000
10 21 86 25000
10 22 75 25000
10 23 82 25000
10 24 86 25000
10 25 83 25000
10 26 75 25000
10 27 86 25000
10 28 88 25000
10 29 87 25000
10 30 86 25000
10 31 85 25000
10 32 91 25000
10 33 95 25000
10 34 89 25000
10 35 68 25000
10 36 76 25000
10 37 77 25000
10 38 93 25000
10 39 79 25000
10 40 89 25000
10 41 93 25000
10 42 92 25000
10 43 78 25000
10 44 91 25000
10 45 94 25000
10 46 83 25000
10 47 81 25000
10 48 79 25000
10 49 74 25000
10 50 78 25000
10 51 83 25000
11 12 147 25000
11 13 69 25000
11 14 92 25000
11 15 93 25000
11 16 94 25000
11 17 83 25000
11 18 67 25000
11 19 82 25000
11 20 85 25000
11 21 69 25000
11 22 85 25000
11 23 72 25000
11 24 80 25000
11 25 82 25000
11 26 91 25000
11 27 77 25000
11 28 77 25000
11 29 59 25000
11 30 85 25000
11 31 86 25000
11 32 76 25000
11 33 72 25000
11 34 88 25000
11 35 79 25000
11 36 79 25000
11 37 96 25000
11 38 66 25000
11 39 75 25000
11 40 57 25000
11 41 96 25000
11 42 90 25000
11 43 76 25000
11 44 85 25000
11 45 105 25000
11 46 79 25000
11 47 76 25000
11 48 62 25000
11 49 72 25000
11 50 78 25000
11 51 90 25000
12 13 78 25000
12 14 100 25000
12 15 77 25000
12 16 71 25000
12 17 83 25000
12 18 82 25000
12 19 104 25000
12 20 74 25000
12 21 94 25000
12 22 79 25000
12 23 90 25000
12 24 75 25000
12 25 77 25000
12 26 81 25000
12 27 70 25000
12 28 69 25000
12 29 90 25000
12 30 95 25000
12 31 72 25000
12 32 71 25000
12 33 82 25000
12 34 93 25000
12 35 84 25000
12 36 71 25000
12 37 85 25000
12 38 87 25000
12 39 74 25000
12 40 74 25000
12 41 92 25000
12 42 84 25000
12 43 88 25000
12 44 93 25000
12 45 78 25000
12 46 74 25000
12 47 73 25000
12 48 64 25000
12 49 99 25000
12 50 93 25000
12 51 74 25000
13 14 125 25000
13 15 130 25000
13 16 113 25000
13 17 120 25000
13 18 113 25000
13 19 127 25000
13 20 127 25000
13 21 130 25000
13 22 133 25000
13 23 126 25000
13 24 104 25000
13 25 133 25000
13 26 94 25000
13 27 68 25000
13 28 76 25000
13 29 85 25000
13 30 84 25000
13 31 79 25000
13 32 75 25000
13 33 93 25000
13 34 89 25000
13 35 67 25000
13 36 75 25000
13 37 88 25000
13 38 77 25000
13 39 74 25000
13 40 77 25000
13 41 83 25000
13 42 87 25000
13 43 92 25000
13 44 83 25000
13 45 71 25000
13 46 74 25000
13 47 90 25000
13 48 76 25000
13 49 84 25000
13 50 80 25000
13 51 99 25000
14 15 135 25000
14 16 131 25000
14 17 136 25000
14 18 117 25000
14 19 124 25000
14 20 118 25000
14 21 117 25000
14 22 124 25000
14 23 132 25000
14 24 124 25000
14 25 103 25000
14 26 86 25000
14 27 78 25000
14 28 90 25000
14 29 75 25000
14 30 79 25000
14 31 89 25000
14 32 84 25000
14 33 85 25000
14 34 72 25000
14 35 75 25000
14 36 78 25000
14 37 89 25000
14 38 69 25000
14 39 72 25000
14 40 85 25000
14 41 67 25000
14 42 74 25000
14 43 93 25000
14 44 83 25000
14 45 77 25000
14 46 75 25000
14 47 77 25000
14 48 83 25000
14 49 85 25000
14 50 75 25000
14 51 67 25000
15 16 134 25000
15 17 119 25000
15 18 124 25000
15 19 124 25000
15 20 109 25000
15 21 122 25000
15 22 135 25000
15 23 141 25000
15 24 138 25000
15 25 139 25000
15 26 78 25000
15 27 81 25000
15 28 90 25000
15 29 87 25000
15 30 75 25000
15 31 77 25000
15 32 78 25000
15 33 72 25000
15 34 89 25000
15 35 97 25000
15 36 70 25000
15 37 103 25000
15 38 83 25000
15 39 83 25000
15 40 77 25000
15 41 91 25000
15 42 85 25000
15 43 94 25000
15 44 81 25000
15 45 88 25000
15 46 88 25000
15 47 82 25000
15 48 66 25000
15 49 76 25000
15 50 79 25000
15 51 73 25000
16 17 146 25000
16 18 125 25000
16 19 122 25000
16 20 129 25000
16 21 141 25000
16 22 142 25000
16 23 133 25000
16 24 138 25000
16 25 124 25000
16 26 80 25000
16 27 69 25000
16 28 80 25000
16 29 67 25000
16 30 70 25000
16 31 62 25000
16 32 80 25000
16 33 89 25000
16 34 85 25000
16 35 88 25000
16 36 87 25000
16 37 71 25000
16 38 85 25000
16 39 82 25000
16 40 89 25000
16 41 77 25000
16 42 86 25000
16 43 78 25000
16 44 79 25000
16 45 83 25000
16 46 82 25000
16 47 83 25000
16 48 70 25000
16 49 98 25000
16 50 75 25000
16 51 90 25000
17 18 115 25000
17 19 130 25000
17 20 135 25000
17 21 136 25000
17 22 123 25000
17 23 126 25000
17 24 124 25000
17 25 136 25000
17 26 91 25000
17 27 91 25000
17 28 88 25000
17 29 68 25000
17 30 95 25000
17 31 67 25000
17 32 73 25000
17 33 80 25000
17 34 81 25000
17 35 93 25000
17 36 73 25000
17 37 83 25000
17 38 97 25000
17 39 92 25000
17 40 87 25000
17 41 75 25000
17 42 83 25000
17 43 82 25000
17 44 71 25000
17 45 83 25000
17 46 85 25000
17 47 91 25000
17 48 78 25000
17 49 79 25000
17 50 88 25000
17 51 95 25000
18 19 131 25000
18 20 101 25000
18 21 130 25000
18 22 126 25000
18 23 123 25000
18 24 110 25000
18 25 142 25000
18 26 79 25000
18 27 73 25000
18 28 69 25000
18 29 67 25000
18 30 77 25000
18 31 77 25000
18 32 70 25000
18 33 71 25000
18 34 88 25000
18 35 84 25000
18 36 62 25000
18 37 75 25000
18 38 100 25000
18 39 77 25000
18 40 73 25000
18 41 71 25000
18 42 83 25000
18 43 78 25000
18 44 90 25000
18 45 71 25000
18 46 92 25000
18 47 63 25000
18 48 86 25000
18 49 70 25000
18 50 65 25000
18 51 85 25000
19 20 126 25000
19 21 135 25000
19 22 119 25000
19 23 144 25000
19 24 143 25000
19 25 125 25000
19 26 99 25000
19 27 79 25000
19 28 91 25000
19 29 80 25000
19 30 88 25000
19 31 80 25000
19 32 72 25000
19 33 97 25000
19 34 93 25000
19 35 88 25000
19 36 77 25000
19 37 82 25000
19 38 88 25000
19 39 91 25000
19 40 93 25000
19 41 87 25000
19 42 79 25000
19 43 83 25000
19 44 104 25000
19 45 83 25000
19 46 95 25000
19 47 83 25000
19 48 89 25000
19 49 77 25000
19 50 109 25000
19 51 95 25000
20 21 122 25000
20 22 119 25000
20 23 140 25000
20 24 120 25000
20 25 131 25000
20 26 88 25000
20 27 71 25000
20 28 81 25000
20 29 69 25000
20 30 91 25000
20 31 75 25000
20 32 68 25000
20 33 67 25000
20 34 79 25000
20 35 69 25000
20 36 85 25000
20 37 87 25000
20 38 72 25000
20 39 101 25000
20 40 81 25000
20 41 91 25000
20 42 88 25000
20 43 95 25000
20 44 101 25000
20 45 72 25000
20 46 56 25000
20 47 81 25000
20 48 80 25000
20 49 62 25000
20 50 81 25000
20 51 94 25000
21 22 143 25000
21 23 127 25000
21 24 138 25000
21 25 129 25000
21 26 102 25000
21 27 85 25000
21 28 87 25000
21 29 92 25000
21 30 70 25000
21 31 73 25000
21 32 75 25000
21 33 72 25000
21 34 87 25000
21 35 66 25000
21 36 98 25000
21 37 76 25000
21 38 77 25000
21 39 91 25000
21 40 97 25000
21 41 90 25000
21 42 98 25000
21 43 85 25000
21 44 93 25000
21 45 93 25000
21 46 92 25000
21 47 73 25000
21 48 81 25000
21 49 91 25000
21 50 81 25000
21 51 79 25000
22 23 135 25000
22 24 134 25000
22 25 146 25000
22 26 80 25000
22 27 77 25000
22 28 78 25000
22 29 61 25000
22 30 70 25000
22 31 79 25000
22 32 81 25000
22 33 86 25000
22 34 88 25000
22 35 84 25000
22 36 78 25000
22 37 93 25000
22 38 68 25000
22 39 93 25000
22 40 84 25000
22 41 79 25000
22 42 70 25000
22 43 77 25000
22 44 84 25000
22 45 82 25000
22 46 85 25000
22 47 80 25000
22 48 86 25000
22 49 86 25000
22 50 82 25000
22 51 81 25000
23 24 138 25000
23 25 136 25000
23 26 87 25000
23 27 83 25000
23 28 84 25000
23 29 86 25000
23 30 73 25000
23 31 80 25000
23 32 80 25000
23 33 89 25000
23 34 83 25000
23 35 81 25000
23 36 86 25000
23 37 75 25000
23 38 89 25000
23 39 82 25000
23 40 85 25000
23 41 89 25000
23 42 98 25000
23 43 99 25000
23 44 65 25000
23 45 79 25000
23 46 90 25000
23 47 76 25000
23 48 70 25000
23 49 95 25000
23 50 109 25000
23 51 92 25000
24 25 130 25000
24 26 74 25000
24 27 78 25000
24 28 86 25000
24 29 85 25000
24 30 76 25000
24 31 96 25000
24 32 84 25000
24 33 85 25000
24 34 75 25000
24 35 63 25000
24 36 90 25000
24 37 83 25000
24 38 66 25000
24 39 91 25000
24 40 78 25000
24 41 77 25000
24 42 89 25000
24 43 77 25000
24 44 72 25000
24 45 85 25000
24 46 79 25000
24 47 92 25000
24 48 74 25000
24 49 78 25000
24 50 73 25000
24 51 71 25000
25 26 91 25000
25 27 72 25000
25 28 70 25000
25 29 86 25000
25 30 80 25000
25 31 76 25000
25 32 96 25000
25 33 86 25000
25 34 84 25000
25 35 79 25000
25 36 90 25000
25 37 67 25000
25 38 95 25000
25 39 81 25000
25 40 94 25000
25 41 86 25000
25 42 74 25000
25 43 88 25000
25 44 88 25000
25 45 77 25000
25 46 94 25000
25 47 90 25000
25 48 78 25000
25 49 85 25000
25 50 98 25000
25 51 81 25000
26 27 153 25000
26 28 136 25000
26 29 114 25000
26 30 119 25000
26 31 151 25000
26 32 152 25000
26 33 144 25000
26 34 119 25000
26 35 113 25000
26 36 151 25000
26 37 119 25000
26 38 118 25000
26 39 77 25000
26 40 64 25000
26 41 72 25000
26 42 91 25000
26 43 99 25000
26 44 90 25000
26 45 77 25000
26 46 85 25000
26 47 82 25000
26 48 74 25000
26 49 55 25000
26 50 81 25000
26 51 84 25000
27 28 147 25000
27 29 122 25000
27 30 145 25000
27 31 126 25000
27 32 100 25000
27 33 107 25000
27 34 129 25000
27 35 128 25000
27 36 127 25000
27 37 125 25000
27 38 117 25000
27 39 63 25000
27 40 69 25000
27 41 71 25000
27 42 76 25000
27 43 69 25000
27 44 78 25000
27 45 71 25000
27 46 76 25000
27 47 67 25000
27 48 86 25000
27 49 91 25000
27 50 82 25000
27 51 67 25000
28 29 131 25000
28 30 121 25000
28 31 122 25000
28 32 116 25000
28 33 129 25000
28 34 126 25000
28 35 132 25000
28 36 137 25000
28 37 136 25000
28 38 124 25000
28 39 77 25000
28 40 85 25000
28 41 76 25000
28 42 70 25000
28 43 80 25000
28 44 86 25000
28 45 76 25000
28 46 93 25000
28 47 78 25000
28 48 78 25000
28 49 95 25000
28 50 95 25000
28 51 85 25000
29 30 113 25000
29 31 128 25000
29 32 116 25000
29 33 132 25000
29 34 132 25000
29 35 126 25000
29 36 137 25000
29 37 117 25000
29 38 106 25000
29 39 66 25000
29 40 82 25000
29 41 76 25000
29 42 66 25000
29 43 75 25000
29 44 73 25000
29 45 75 25000
29 46 88 25000
29 47 80 25000
29 48 66 25000
29 49 75 25000
29 50 82 25000
29 51 65 25000
30 31 123 25000
30 32 132 25000
30 33 136 25000
30 34 124 25000
30 35 109 25000
30 36 133 25000
30 37 139 25000
30 38 113 25000
30 39 64 25000
30 40 89 25000
30 41 74 25000
30 42 93 25000
30 43 77 25000
30 44 69 25000
30 45 96 25000
30 46 80 25000
30 47 82 25000
30 48 91 25000
30 49 81 25000
30 50 64 25000
30 51 72 25000
31 32 130 25000
31 33 133 25000
31 34 144 25000
31 35 126 25000
31 36 114 25000
31 37 133 25000
31 38 119 25000
31 39 69 25000
31 40 94 25000
31 41 69 25000
31 42 71 25000
31 43 71 25000
31 44 71 25000
31 45 74 25000
31 46 86 25000
31 47 76 25000
31 48 81 25000
31 49 96 25000
31 50 88 25000
31 51 82 25000
32 33 129 25000
32 34 128 25000
32 35 146 25000
32 36 135 25000
32 37 122 25000
32 38 124 25000
32 39 83 25000
32 40 85 25000
32 41 66 25000
32 42 80 25000
32 43 83 25000
32 44 80 25000
32 45 80 25000
32 46 80 25000
32 47 91 25000
32 48 57 25000
32 49 71 25000
32 50 76 25000
32 51 87 25000
33 34 125 25000
33 35 120 25000
33 36 126 25000
33 37 134 25000
33 38 131 25000
33 39 81 25000
33 40 80 25000
33 41 94 25000
33 42 79 25000
33 43 88 25000
33 44 71 25000
33 45 59 25000
33 46 77 25000
33 47 86 25000
33 48 74 25000
33 49 90 25000
33 50 89 25000
33 51 69 25000
34 35 148 25000
34 36 143 25000
34 37 156 25000
34 38 102 25000
34 39 100 25000
34 40 94 25000
34 41 97 25000
34 42 70 25000
34 43 86 25000
34 44 82 25000
34 45 57 25000
34 46 75 25000
34 47 62 25000
34 48 85 25000
34 49 75 25000
34 50 88 25000
34 51 70 25000
35 36 123 25000
35 37 143 25000
35 38 111 25000
35 39 83 25000
35 40 90 25000
35 41 89 25000
35 42 78 25000
35 43 85 25000
35 44 78 25000
35 45 75 25000
35 46 74 25000
35 47 61 25000
35 48 93 25000
35 49 72 25000
35 50 80 25000
35 51 62 25000
36 37 120 25000
36 38 133 25000
36 39 69 25000
36 40 79 25000
36 41 78 25000
36 42 92 25000
36 43 76 25000
36 44 93 25000
36 45 67 25000
36 46 83 25000
36 47 75 25000
36 48 69 25000
36 49 86 25000
36 50 88 25000
36 51 76 25000
37 38 155 25000
37 39 80 25000
37 40 89 25000
37 41 65 25000
37 42 79 25000
37 43 79 25000
37 44 89 25000
37 45 82 25000
37 46 72 25000
37 47 79 25000
37 48 83 25000
37 49 64 25000
37 50 73 25000
37 51 79 25000
38 39 68 25000
38 40 74 25000
38 41 73 25000
38 42 96 25000
38 43 76 25000
38 44 81 25000
38 45 79 25000
38 46 82 25000
38 47 73 25000
38 48 71 25000
38 49 71 25000
38 50 88 25000
38 51 85 25000
39 40 144 25000
39 41 106 25000
39 42 102 25000
39 43 113 25000
39 44 113 25000
39 45 132 25000
39 46 114 25000
39 47 137 25000
39 48 131 25000
39 49 112 25000
39 50 133 25000
39 51 127 25000
40 41 153 25000
40 42 127 25000
40 43 123 25000
40 44 126 25000
40 45 126 25000
40 46 126 25000
40 47 122 25000
40 48 136 25000
40 49 121 25000
40 50 126 25000
40 51 144 25000
41 42 119 25000
41 43 113 25000
41 44 116 25000
41 45 104 25000
41 46 114 25000
41 47 132 25000
41 48 125 25000
41 49 129 25000
41 50 116 25000
41 51 136 25000
42 43 119 25000
42 44 120 25000
42 45 122 25000
42 46 130 25000
42 47 132 25000
42 48 115 25000
42 49 141 25000
42 50 119 25000
42 51 119 25000
43 44 145 25000
43 45 105 25000
43 46 143 25000
43 47 127 25000
43 48 116 25000
43 49 122 25000
43 50 116 25000
43 51 152 25000
44 45 132 25000
44 46 140 25000
44 47 133 25000
44 48 127 25000
44 49 118 25000
44 50 125 25000
44 51 121 25000
45 46 143 25000
45 47 127 25000
45 48 124 25000
45 49 115 25000
45 50 126 25000
45 51 118 25000
46 47 136 25000
46 48 118 25000
46 49 136 25000
46 50 124 25000
46 51 146 25000
47 48 140 25000
47 49 134 25000
47 50 123 25000
47 51 117 25000
48 49 137 25000
48 50 135 25000
48 51 129 25000
49 50 145 25000
49 51 135 25000
50 51 138 25000
