0 1 150 25000
0 2 126 25000
0 3 123 25000
0 4 134 25000
0 5 99 25000
0 6 125 25000
0 7 143 25000
0 8 138 25000
0 9 121 25000
0 10 116 25000
0 11 140 25000
0 12 139 25000
0 13 70 25000
0 14 78 25000
0 15 70 25000
0 16 94 25000
0 17 88 25000
0 18 77 25000
0 19 82 25000
0 20 72 25000
0 21 76 25000
0 22 82 25000
0 23 64 25000
0 24 91 25000
0 25 77 25000
0 26 83 25000
0 27 100 25000
0 28 74 25000
0 29 81 25000
0 30 81 25000
0 31 86 25000
0 32 117 25000
0 33 91 25000
0 34 82 25000
0 35 76 25000
0 36 85 25000
0 37 60 25000
0 38 83 25000
0 39 67 25000
0 40 81 25000
0 41 73 25000
0 42 69 25000
0 43 76 25000
0 44 65 25000
0 45 75 25000
0 46 74 25000
0 47 98 25000
0 48 84 25000
0 49 85 25000
0 50 80 25000
0 51 78 25000
1 2 138 25000
1 3 131 25000
1 4 129 25000
1 5 117 25000
1 6 137 25000
1 7 115 25000
1 8 133 25000
1 9 119 25000
1 10 127 25000
1 11 127 25000
1 12 140 25000
1 13 71 25000
1 14 79 25000
1 15 76 25000
1 16 63 25000
1 17 81 25000
1 18 84 25000
1 19 84 25000
1 20 87 25000
1 21 88 25000
1 22 88 25000
1 23 91 25000
1 24 89 25000
1 25 70 25000
1 26 84 25000
1 27 70 25000
1 28 74 25000
1 29 74 25000
1 30 84 25000
1 31 86 25000
1 32 83 25000
1 33 82 25000
1 34 97 25000
1 35 96 25000
1 36 65 25000
1 37 81 25000
1 38 87 25000
1 39 80 25000
1 40 82 25000
1 41 71 25000
1 42 72 25000
1 43 68 25000
1 44 84 25000
1 45 91 25000
1 46 80 25000
1 47 72 25000
1 48 77 25000
1 49 72 25000
1 50 82 25000
1 51 94 25000
2 3 135 25000
2 4 120 25000
2 5 129 25000
2 6 132 25000
2 7 131 25000
2 8 128 25000
2 9 136 25000
2 10 123 25000
2 11 123 25000
2 12 141 25000
2 13 93 25000
2 14 85 25000
2 15 84 25000
2 16 68 25000
2 17 74 25000
2 18 85 25000
2 19 75 25000
2 20 78 25000
2 21 78 25000
2 22 74 25000
2 23 77 25000
2 24 67 25000
2 25 69 25000
2 26 93 25000
2 27 72 25000
2 28 82 25000
2 29 83 25000
2 30 80 25000
2 31 96 25000
2 32 86 25000
2 33 85 25000
2 34 82 25000
2 35 84 25000
2 36 98 25000
2 37 85 25000
2 38 89 25000
2 39 81 25000
2 40 82 25000
2 41 68 25000
2 42 73 25000
2 43 82 25000
2 44 82 25000
2 45 74 25000
2 46 90 25000
2 47 72 25000
2 48 77 25000
2 49 85 25000
2 50 69 25000
2 51 67 25000
3 4 162 25000
3 5 106 25000
3 6 135 25000
3 7 143 25000
3 8 127 25000
3 9 128 25000
3 10 131 25000
3 11 126 25000
3 12 136 25000
3 13 85 25000
3 14 81 25000
3 15 81 25000
3 16 88 25000
3 17 72 25000
3 18 79 25000
3 19 80 25000
3 20 64 25000
3 21 79 25000
3 22 95 25000
3 23 74 25000
3 24 67 25000
3 25 92 25000
3 26 87 25000
3 27 85 25000
3 28 67 25000
3 29 85 25000
3 30 88 25000
3 31 76 25000
3 32 86 25000
3 33 93 25000
3 34 96 25000
3 35 69 25000
3 36 78 25000
3 37 87 25000
3 38 79 25000
3 39 52 25000
3 40 81 25000
3 41 77 25000
3 42 76 25000
3 43 94 25000
3 44 97 25000
3 45 80 25000
3 46 76 25000
3 47 82 25000
3 48 81 25000
3 49 81 25000
3 50 81 25000
3 51 77 25000
4 5 127 25000
4 6 146 25000
4 7 115 25000
4 8 125 25000
4 9 110 25000
4 10 137 25000
4 11 138 25000
4 12 127 25000
4 13 82 25000
4 14 78 25000
4 15 74 25000
4 16 85 25000
4 17 86 25000
4 18 67 25000
4 19 91 25000
4 20 74 25000
4 21 70 25000
4 22 89 25000
4 23 76 25000
4 24 84 25000
4 25 78 25000
4 26 93 25000
4 27 82 25000
4 28 78 25000
4 29 87 25000
4 30 76 25000
4 31 78 25000
4 32 103 25000
4 33 84 25000
4 34 76 25000
4 35 85 25000
4 36 87 25000
4 37 94 25000
4 38 91 25000
4 39 74 25000
4 40 67 25000
4 41 68 25000
4 42 69 25000
4 43 99 25000
4 44 80 25000
4 45 85 25000
4 46 89 25000
4 47 85 25000
4 48 76 25000
4 49 80 25000
4 50 82 25000
4 51 92 25000
5 6 131 25000
5 7 146 25000
5 8 112 25000
5 9 112 25000
5 10 128 25000
5 11 158 25000
5 12 146 25000
5 13 85 25000
5 14 92 25000
5 15 66 25000
5 16 77 25000
5 17 77 25000
5 18 88 25000
5 19 81 25000
5 20 78 25000
5 21 69 25000
5 22 81 25000
5 23 81 25000
5 24 79 25000
5 25 65 25000
5 26 81 25000
5 27 82 25000
5 28 88 25000
5 29 79 25000
5 30 94 25000
5 31 72 25000
5 32 83 25000
5 33 70 25000
5 34 95 25000
5 35 74 25000
5 36 73 25000
5 37 59 25000
5 38 78 25000
5 39 87 25000
5 40 80 25000
5 41 79 25000
5 42 91 25000
5 43 81 25000
5 44 79 25000
5 45 81 25000
5 46 77 25000
5 47 92 25000
5 48 71 25000
5 49 90 25000
5 50 89 25000
5 51 77 25000
6 7 109 25000
6 8 107 25000
6 9 146 25000
6 10 136 25000
6 11 127 25000
6 12 124 25000
6 13 81 25000
6 14 82 25000
6 15 81 25000
6 16 79 25000
6 17 88 25000
6 18 72 25000
6 19 85 25000
6 20 78 25000
6 21 87 25000
6 22 83 25000
6 23 77 25000
6 24 95 25000
6 25 90 25000
6 26 88 25000
6 27 102 25000
6 28 88 25000
6 29 99 25000
6 30 100 25000
6 31 72 25000
6 32 96 25000
6 33 81 25000
6 34 100 25000
6 35 78 25000
6 36 71 25000
6 37 71 25000
6 38 78 25000
6 39 83 25000
6 40 97 25000
6 41 75 25000
6 42 87 25000
6 43 70 25000
6 44 71 25000
6 45 78 25000
6 46 79 25000
6 47 85 25000
6 48 86 25000
6 49 73 25000
6 50 87 25000
6 51 69 25000
7 8 128 25000
7 9 161 25000
7 10 134 25000
7 11 137 25000
7 12 149 25000
7 13 79 25000
7 14 76 25000
7 15 76 25000
7 16 98 25000
7 17 73 25000
7 18 71 25000
7 19 75 25000
7 20 74 25000
7 21 88 25000
7 22 79 25000
7 23 90 25000
7 24 82 25000
7 25 60 25000
7 26 94 25000
7 27 62 25000
7 28 86 25000
7 29 83 25000
7 30 85 25000
7 31 97 25000
7 32 86 25000
7 33 77 25000
7 34 93 25000
7 35 82 25000
7 36 94 25000
7 37 94 25000
7 38 68 25000
7 39 72 25000
7 40 92 25000
7 41 84 25000
7 42 72 25000
7 43 71 25000
7 44 68 25000
7 45 80 25000
7 46 81 25000
7 47 85 25000
7 48 89 25000
7 49 79 25000
7 50 94 25000
7 51 92 25000
8 9 115 25000
8 10 113 25000
8 11 130 25000
8 12 115 25000
8 13 76 25000
8 14 81 25000
8 15 72 25000
8 16 77 25000
8 17 72 25000
8 18 73 25000
8 19 79 25000
8 20 87 25000
8 21 76 25000
8 22 80 25000
8 23 80 25000
8 24 82 25000
8 25 66 25000
8 26 80 25000
8 27 77 25000
8 28 73 25000
8 29 92 25000
8 30 89 25000
8 31 73 25000
8 32 88 25000
8 33 70 25000
8 34 82 25000
8 35 87 25000
8 36 62 25000
8 37 81 25000
8 38 88 25000
8 39 77 25000
8 40 88 25000
8 41 81 25000
8 42 84 25000
8 43 71 25000
8 44 87 25000
8 45 88 25000
8 46 80 25000
8 47 77 25000
8 48 93 25000
8 49 76 25000
8 50 85 25000
8 51 78 25000
9 10 128 25000
9 11 131 25000
9 12 132 25000
9 13 72 25000
9 14 78 25000
9 15 72 25000
9 16 83 25000
9 17 80 25000
9 18 76 25000
9 19 83 25000
9 20 76 25000
9 21 67 25000
9 22 94 25000
9 23 79 25000
9 24 76 25000
9 25 80 25000
9 26 87 25000
9 27 75 25000
9 28 90 25000
9 29 77 25000
9 30 79 25000
9 31 72 25000
9 32 94 25000
9 33 72 25000
9 34 79 25000
9 35 77 25000
9 36 75 25000
9 37 72 25000
9 38 68 25000
9 39 94 25000
9 40 85 25000
9 41 79 25000
9 42 83 25000
9 43 74 25000
9 44 77 25000
9 45 78 25000
9 46 77 25000
9 47 79 25000
9 48 73 25000
9 49 85 25000
9 50 64 25000
9 51 100 25000
10 11 136 25000
10 12 141 25000
10 13 90 25000
10 14 75 25000
10 15 82 25000
10 16 76 25000
10 17 74 25000
10 18 69 25000
10 19 76 25000
10 20 71 25000
10 21 74 25000
10 22 73 25000
10 23 70 25000
10 24 85 25000
10 25 84 25000
10 26 86 25000
10 27 82 25000
10 28 77 25000
10 29 90 25000
10 30 93 25000
10 31 80 25000
10 32 107 25000
10 33 92 25000
10 34 81 25000
10 35 71 25000
10 36 84 25000
10 37 74 25000
10 38 96 25000
10 39 77 25000
10 40 73 25000
10 41 95 25000
10 42 85 25000
10 43 63 25000
10 44 79 25000
10 45 73 25000
10 46 90 25000
10 47 78 25000
10 48 68 25000
10 49 91 25000
10 50 90 25000
10 51 81 25000
11 12 144 25000
11 13 75 25000
11 14 76 25000
11 15 67 25000
11 16 73 25000
11 17 95 25000
11 18 63 25000
11 19 70 25000
11 20 96 25000
11 21 64 25000
11 22 88 25000
11 23 95 25000
11 24 85 25000
11 25 81 25000
11 26 79 25000
11 27 99 25000
11 28 93 25000
11 29 93 25000
11 30 94 25000
11 31 101 25000
11 32 83 25000
11 33 89 25000
11 34 90 25000
11 35 79 25000
11 36 91 25000
11 37 88 25000
11 38 80 25000
11 39 92 25000
11 40 76 25000
11 41 70 25000
11 42 71 25000
11 43 85 25000
11 44 104 25000
11 45 80 25000
11 46 78 25000
11 47 78 25000
11 48 80 25000
11 49 70 25000
11 50 84 25000
11 51 82 25000
12 13 86 25000
12 14 68 25000
12 15 82 25000
12 16 88 25000
12 17 90 25000
12 18 90 25000
12 19 93 25000
12 20 82 25000
12 21 81 25000
12 22 70 25000
12 23 76 25000
12 24 77 25000
12 25 99 25000
12 26 84 25000
12 27 83 25000
12 28 80 25000
12 29 82 25000
12 30 80 25000
12 31 85 25000
12 32 72 25000
12 33 69 25000
12 34 89 25000
12 35 86 25000
12 36 70 25000
12 37 93 25000
12 38 88 25000
12 39 73 25000
12 40 85 25000
12 41 89 25000
12 42 72 25000
12 43 94 25000
12 44 85 25000
12 45 79 25000
12 46 81 25000
12 47 102 25000
12 48 80 25000
12 49 93 25000
12 50 71 25000
12 51 95 25000
13 14 123 25000
13 15 127 25000
13 16 115 25000
13 17 138 25000
13 18 133 25000
13 19 144 25000
13 20 127 25000
13 21 135 25000
13 22 149 25000
13 23 115 25000
13 24 124 25000
13 25 129 25000
13 26 78 25000
13 27 81 25000
13 28 64 25000
13 29 75 25000
13 30 81 25000
13 31 70 25000
13 32 72 25000
13 33 81 25000
13 34 76 25000
13 35 89 25000
13 36 89 25000
13 37 74 25000
13 38 75 25000
13 39 82 25000
13 40 93 25000
13 41 79 25000
13 42 96 25000
13 43 85 25000
13 44 86 25000
13 45 89 25000
13 46 77 25000
13 47 84 25000
13 48 81 25000
13 49 82 25000
13 50 68 25000
13 51 93 25000
14 15 140 25000
14 16 144 25000
14 17 111 25000
14 18 127 25000
14 19 137 25000
14 20 146 25000
14 21 116 25000
14 22 125 25000
14 23 135 25000
14 24 136 25000
14 25 131 25000
14 26 90 25000
14 27 74 25000
14 28 65 25000
14 29 72 25000
14 30 68 25000
14 31 65 25000
14 32 74 25000
14 33 62 25000
14 34 88 25000
14 35 70 25000
14 36 83 25000
14 37 99 25000
14 38 73 25000
14 39 87 25000
14 40 88 25000
14 41 77 25000
14 42 85 25000
14 43 84 25000
14 44 84 25000
14 45 82 25000
14 46 96 25000
14 47 76 25000
14 48 76 25000
14 49 83 25000
14 50 84 25000
14 51 94 25000
15 16 104 25000
15 17 125 25000
15 18 106 25000
15 19 98 25000
15 20 144 25000
15 21 113 25000
15 22 121 25000
15 23 113 25000
15 24 112 25000
15 25 110 25000
15 26 91 25000
15 27 92 25000
15 28 80 25000
15 29 78 25000
15 30 68 25000
15 31 76 25000
15 32 73 25000
15 33 81 25000
15 34 79 25000
15 35 77 25000
15 36 82 25000
15 37 61 25000
15 38 77 25000
15 39 86 25000
15 40 76 25000
15 41 70 25000
15 42 78 25000
15 43 69 25000
15 44 61 25000
15 45 87 25000
15 46 68 25000
15 47 100 25000
15 48 78 25000
15 49 88 25000
15 50 65 25000
15 51 73 25000
16 17 134 25000
16 18 135 25000
16 19 132 25000
16 20 115 25000
16 21 143 25000
16 22 122 25000
16 23 114 25000
16 24 137 25000
16 25 135 25000
16 26 80 25000
16 27 77 25000
16 28 69 25000
16 29 83 25000
16 30 79 25000
16 31 96 25000
16 32 84 25000
16 33 63 25000
16 34 75 25000
16 35 90 25000
16 36 100 25000
16 37 75 25000
16 38 100 25000
16 39 87 25000
16 40 71 25000
16 41 87 25000
16 42 75 25000
16 43 76 25000
16 44 76 25000
16 45 101 25000
16 46 99 25000
16 47 72 25000
16 48 84 25000
16 49 88 25000
16 50 67 25000
16 51 81 25000
17 18 104 25000
17 19 125 25000
17 20 135 25000
17 21 120 25000
17 22 136 25000
17 23 130 25000
17 24 145 25000
17 25 144 25000
17 26 71 25000
17 27 81 25000
17 28 59 25000
17 29 89 25000
17 30 100 25000
17 31 90 25000
17 32 85 25000
17 33 80 25000
17 34 82 25000
17 35 76 25000
17 36 86 25000
17 37 103 25000
17 38 79 25000
17 39 80 25000
17 40 83 25000
17 41 83 25000
17 42 87 25000
17 43 84 25000
17 44 71 25000
17 45 86 25000
17 46 83 25000
17 47 95 25000
17 48 73 25000
17 49 90 25000
17 50 91 25000
17 51 80 25000
18 19 131 25000
18 20 132 25000
18 21 135 25000
18 22 123 25000
18 23 122 25000
18 24 158 25000
18 25 136 25000
18 26 78 25000
18 27 73 25000
18 28 77 25000
18 29 96 25000
18 30 77 25000
18 31 92 25000
18 32 90 25000
18 33 74 25000
18 34 75 25000
18 35 71 25000
18 36 88 25000
18 37 86 25000
18 38 82 25000
18 39 71 25000
18 40 100 25000
18 41 66 25000
18 42 79 25000
18 43 86 25000
18 44 83 25000
18 45 86 25000
18 46 83 25000
18 47 67 25000
18 48 71 25000
18 49 122 25000
18 50 87 25000
18 51 77 25000
19 20 159 25000
19 21 137 25000
19 22 142 25000
19 23 133 25000
19 24 157 25000
19 25 128 25000
19 26 82 25000
19 27 74 25000
19 28 97 25000
19 29 87 25000
19 30 89 25000
19 31 88 25000
19 32 76 25000
19 33 78 25000
19 34 89 25000
19 35 77 25000
19 36 77 25000
19 37 80 25000
19 38 91 25000
19 39 99 25000
19 40 86 25000
19 41 88 25000
19 42 82 25000
19 43 70 25000
19 44 80 25000
19 45 77 25000
19 46 73 25000
19 47 74 25000
19 48 95 25000
19 49 86 25000
19 50 82 25000
19 51 75 25000
20 21 119 25000
20 22 131 25000
20 23 90 25000
20 24 115 25000
20 25 124 25000
20 26 79 25000
20 27 79 25000
20 28 86 25000
20 29 75 25000
20 30 65 25000
20 31 74 25000
20 32 88 25000
20 33 69 25000
20 34 82 25000
20 35 75 25000
20 36 92 25000
20 37 93 25000
20 38 92 25000
20 39 76 25000
20 40 87 25000
20 41 73 25000
20 42 94 25000
20 43 86 25000
20 44 83 25000
20 45 88 25000
20 46 79 25000
20 47 98 25000
20 48 84 25000
20 49 78 25000
20 50 85 25000
20 51 83 25000
21 22 124 25000
21 23 134 25000
21 24 127 25000
21 25 120 25000
21 26 69 25000
21 27 74 25000
21 28 95 25000
21 29 80 25000
21 30 72 25000
21 31 62 25000
21 32 92 25000
21 33 81 25000
21 34 80 25000
21 35 88 25000
21 36 87 25000
21 37 75 25000
21 38 76 25000
21 39 95 25000
21 40 84 25000
21 41 69 25000
21 42 82 25000
21 43 75 25000
21 44 97 25000
21 45 94 25000
21 46 81 25000
21 47 70 25000
21 48 82 25000
21 49 86 25000
21 50 91 25000
21 51 75 25000
22 23 148 25000
22 24 140 25000
22 25 132 25000
22 26 81 25000
22 27 84 25000
22 28 84 25000
22 29 79 25000
22 30 80 25000
22 31 82 25000
22 32 68 25000
22 33 79 25000
22 34 72 25000
22 35 61 25000
22 36 80 25000
22 37 63 25000
22 38 73 25000
22 39 89 25000
22 40 75 25000
22 41 81 25000
22 42 71 25000
22 43 93 25000
22 44 89 25000
22 45 86 25000
22 46 91 25000
22 47 93 25000
22 48 78 25000
22 49 82 25000
22 50 83 25000
22 51 96 25000
23 24 126 25000
23 25 123 25000
23 26 65 25000
23 27 69 25000
23 28 90 25000
23 29 63 25000
23 30 94 25000
23 31 66 25000
23 32 87 25000
23 33 68 25000
23 34 81 25000
23 35 81 25000
23 36 79 25000
23 37 82 25000
23 38 97 25000
23 39 73 25000
23 40 73 25000
23 41 108 25000
23 42 83 25000
23 43 77 25000
23 44 76 25000
23 45 104 25000
23 46 97 25000
23 47 82 25000
23 48 85 25000
23 49 93 25000
23 50 85 25000
23 51 67 25000
24 25 134 25000
24 26 62 25000
24 27 79 25000
24 28 88 25000
24 29 88 25000
24 30 90 25000
24 31 98 25000
24 32 77 25000
24 33 65 25000
24 34 88 25000
24 35 84 25000
24 36 75 25000
24 37 101 25000
24 38 78 25000
24 39 85 25000
24 40 76 25000
24 41 87 25000
24 42 76 25000
24 43 67 25000
24 44 101 25000
24 45 83 25000
24 46 94 25000
24 47 72 25000
24 48 80 25000
24 49 86 25000
24 50 81 25000
24 51 89 25000
25 26 57 25000
25 27 84 25000
25 28 73 25000
25 29 71 25000
25 30 67 25000
25 31 65 25000
25 32 75 25000
25 33 87 25000
25 34 86 25000
25 35 72 25000
25 36 80 25000
25 37 80 25000
25 38 76 25000
25 39 69 25000
25 40 77 25000
25 41 88 25000
25 42 75 25000
25 43 73 25000
25 44 72 25000
25 45 72 25000
25 46 72 25000
25 47 77 25000
25 48 66 25000
25 49 82 25000
25 50 84 25000
25 51 86 25000
26 27 140 25000
26 28 124 25000
26 29 114 25000
26 30 120 25000
26 31 125 25000
26 32 130 25000
26 33 123 25000
26 34 158 25000
26 35 123 25000
26 36 146 25000
26 37 148 25000
26 38 141 25000
26 39 84 25000
26 40 77 25000
26 41 93 25000
26 42 95 25000
26 43 82 25000
26 44 69 25000
26 45 93 25000
26 46 80 25000
26 47 88 25000
26 48 95 25000
26 49 94 25000
26 50 89 25000
26 51 76 25000
27 28 139 25000
27 29 116 25000
27 30 144 25000
27 31 115 25000
27 32 121 25000
27 33 118 25000
27 34 126 25000
27 35 130 25000
27 36 111 25000
27 37 116 25000
27 38 116 25000
27 39 72 25000
27 40 75 25000
27 41 75 25000
27 42 92 25000
27 43 68 25000
27 44 88 25000
27 45 81 25000
27 46 83 25000
27 47 74 25000
27 48 78 25000
27 49 70 25000
27 50 96 25000
27 51 86 25000
28 29 133 25000
28 30 122 25000
28 31 128 25000
28 32 128 25000
28 33 139 25000
28 34 113 25000
28 35 106 25000
28 36 142 25000
28 37 139 25000
28 38 117 25000
28 39 56 25000
28 40 72 25000
28 41 76 25000
28 42 68 25000
28 43 75 25000
28 44 57 25000
28 45 79 25000
28 46 87 25000
28 47 71 25000
28 48 75 25000
28 49 69 25000
28 50 72 25000
28 51 80 25000
29 30 135 25000
29 31 117 25000
29 32 130 25000
29 33 122 25000
29 34 131 25000
29 35 119 25000
29 36 128 25000
29 37 117 25000
29 38 128 25000
29 39 95 25000
29 40 80 25000
29 41 81 25000
29 42 71 25000
29 43 74 25000
29 44 74 25000
29 45 55 25000
29 46 76 25000
29 47 86 25000
29 48 86 25000
29 49 89 25000
29 50 72 25000
29 51 78 25000
30 31 142 25000
30 32 140 25000
30 33 126 25000
30 34 132 25000
30 35 124 25000
30 36 134 25000
30 37 136 25000
30 38 134 25000
30 39 80 25000
30 40 85 25000
30 41 70 25000
30 42 87 25000
30 43 83 25000
30 44 71 25000
30 45 85 25000
30 46 79 25000
30 47 73 25000
30 48 91 25000
30 49 79 25000
30 50 83 25000
30 51 80 25000
31 32 141 25000
31 33 124 25000
31 34 130 25000
31 35 112 25000
31 36 144 25000
31 37 150 25000
31 38 141 25000
31 39 91 25000
31 40 69 25000
31 41 90 25000
31 42 85 25000
31 43 69 25000
31 44 97 25000
31 45 91 25000
31 46 90 25000
31 47 91 25000
31 48 91 25000
31 49 85 25000
31 50 83 25000
31 51 86 25000
32 33 134 25000
32 34 130 25000
32 35 107 25000
32 36 140 25000
32 37 138 25000
32 38 122 25000
32 39 66 25000
32 40 89 25000
32 41 79 25000
32 42 65 25000
32 43 80 25000
32 44 82 25000
32 45 87 25000
32 46 80 25000
32 47 68 25000
32 48 87 25000
32 49 84 25000
32 50 96 25000
32 51 89 25000
33 34 145 25000
33 35 101 25000
33 36 134 25000
33 37 120 25000
33 38 122 25000
33 39 73 25000
33 40 83 25000
33 41 73 25000
33 42 80 25000
33 43 61 25000
33 44 84 25000
33 45 95 25000
33 46 77 25000
33 47 70 25000
33 48 87 25000
33 49 77 25000
33 50 73 25000
33 51 83 25000
34 35 131 25000
34 36 118 25000
34 37 127 25000
34 38 132 25000
34 39 95 25000
34 40 84 25000
34 41 82 25000
34 42 84 25000
34 43 82 25000
34 44 91 25000
34 45 91 25000
34 46 69 25000
34 47 83 25000
34 48 74 25000
34 49 65 25000
34 50 87 25000
34 51 99 25000
35 36 130 25000
35 37 128 25000
35 38 123 25000
35 39 73 25000
35 40 89 25000
35 41 70 25000
35 42 67 25000
35 43 82 25000
35 44 82 25000
35 45 86 25000
35 46 77 25000
35 47 80 25000
35 48 65 25000
35 49 82 25000
35 50 63 25000
35 51 96 25000
36 37 138 25000
36 38 99 25000
36 39 74 25000
36 40 87 25000
36 41 102 25000
36 42 99 25000
36 43 95 25000
36 44 83 25000
36 45 89 25000
36 46 77 25000
36 47 77 25000
36 48 85 25000
36 49 87 25000
36 50 76 25000
36 51 78 25000
37 38 138 25000
37 39 85 25000
37 40 71 25000
37 41 82 25000
37 42 71 25000
37 43 91 25000
37 44 92 25000
37 45 77 25000
37 46 88 25000
37 47 82 25000
37 48 72 25000
37 49 83 25000
37 50 79 25000
37 51 86 25000
38 39 94 25000
38 40 86 25000
38 41 78 25000
38 42 75 25000
38 43 69 25000
38 44 79 25000
38 45 88 25000
38 46 85 25000
38 47 68 25000
38 48 79 25000
38 49 81 25000
38 50 89 25000
38 51 62 25000
39 40 131 25000
39 41 130 25000
39 42 130 25000
39 43 122 25000
39 44 120 25000
39 45 150 25000
39 46 144 25000
39 47 122 25000
39 48 141 25000
39 49 132 25000
39 50 131 25000
39 51 120 25000
40 41 138 25000
40 42 125 25000
40 43 114 25000
40 44 130 25000
40 45 124 25000
40 46 135 25000
40 47 135 25000
40 48 124 25000
40 49 133 25000
40 50 129 25000
40 51 143 25000
41 42 125 25000
41 43 119 25000
41 44 124 25000
41 45 131 25000
41 46 143 25000
41 47 134 25000
41 48 118 25000
41 49 132 25000
41 50 140 25000
41 51 122 25000
42 43 119 25000
42 44 114 25000
42 45 149 25000
42 46 125 25000
42 47 111 25000
42 48 119 25000
42 49 114 25000
42 50 100 25000
42 51 126 25000
43 44 121 25000
43 45 128 25000
43 46 119 25000
43 47 128 25000
43 48 119 25000
43 49 126 25000
43 50 121 25000
43 51 133 25000
44 45 145 25000
44 46 108 25000
44 47 128 25000
44 48 114 25000
44 49 134 25000
44 50 120 25000
44 51 100 25000
45 46 148 25000
45 47 111 25000
45 48 131 25000
45 49 141 25000
45 50 119 25000
45 51 133 25000
46 47 129 25000
46 48 126 25000
46 49 123 25000
46 50 125 25000
46 51 121 25000
47 48 125 25000
47 49 132 25000
47 50 130 25000
47 51 134 25000
48 49 129 25000
48 50 135 25000
48 51 152 25000
49 50 140 25000
49 51 121 25000
50 51 119 25000
