0 1 120 25000
0 2 130 25000
0 3 133 25000
0 4 107 25000
0 5 135 25000
0 6 113 25000
0 7 118 25000
0 8 111 25000
0 9 122 25000
0 10 135 25000
0 11 106 25000
0 12 137 25000
0 13 81 25000
0 14 92 25000
0 15 80 25000
0 16 77 25000
0 17 95 25000
0 18 73 25000
0 19 76 25000
0 20 77 25000
0 21 84 25000
0 22 81 25000
0 23 70 25000
0 24 75 25000
0 25 73 25000
0 26 82 25000
0 27 70 25000
0 28 85 25000
0 29 69 25000
0 30 87 25000
0 31 84 25000
0 32 74 25000
0 33 68 25000
0 34 74 25000
0 35 73 25000
0 36 87 25000
0 37 69 25000
0 38 65 25000
0 39 85 25000
0 40 86 25000
0 41 80 25000
0 42 78 25000
0 43 72 25000
0 44 100 25000
0 45 80 25000
0 46 78 25000
0 47 87 25000
0 48 70 25000
0 49 83 25000
0 50 77 25000
0 51 73 25000
1 2 118 25000
1 3 145 25000
1 4 110 25000
1 5 124 25000
1 6 112 25000
1 7 116 25000
1 8 124 25000
1 9 131 25000
1 10 106 25000
1 11 135 25000
1 12 161 25000
1 13 79 25000
1 14 93 25000
1 15 91 25000
1 16 85 25000
1 17 92 25000
1 18 71 25000
1 19 69 25000
1 20 83 25000
1 21 77 25000
1 22 84 25000
1 23 86 25000
1 24 77 25000
1 25 79 25000
1 26 80 25000
1 27 82 25000
1 28 75 25000
1 29 77 25000
1 30 87 25000
1 31 76 25000
1 32 89 25000
1 33 84 25000
1 34 90 25000
1 35 77 25000
1 36 87 25000
1 37 68 25000
1 38 75 25000
1 39 71 25000
1 40 68 25000
1 41 87 25000
1 42 82 25000
1 43 93 25000
1 44 75 25000
1 45 83 25000
1 46 78 25000
1 47 82 25000
1 48 76 25000
1 49 91 25000
1 50 88 25000
1 51 88 25000
2 3 129 25000
2 4 125 25000
2 5 119 25000
2 6 123 25000
2 7 131 25000
2 8 120 25000
2 9 132 25000
2 10 136 25000
2 11 134 25000
2 12 162 25000
2 13 91 25000
2 14 90 25000
2 15 85 25000
2 16 94 25000
2 17 80 25000
2 18 94 25000
2 19 85 25000
2 20 74 25000
2 21 88 25000
2 22 85 25000
2 23 78 25000
2 24 81 25000
2 25 87 25000
2 26 86 25000
2 27 70 25000
2 28 98 25000
2 29 87 25000
2 30 82 25000
2 31 90 25000
2 32 84 25000
2 33 84 25000
2 34 68 25000
2 35 75 25000
2 36 80 25000
2 37 83 25000
2 38 84 25000
2 39 91 25000
2 40 93 25000
2 41 93 25000
2 42 91 25000
2 43 80 25000
2 44 87 25000
2 45 76 25000
2 46 81 25000
2 47 78 25000
2 48 79 25000
2 49 95 25000
2 50 78 25000
2 51 75 25000
3 4 121 25000
3 5 121 25000
3 6 114 25000
3 7 114 25000
3 8 106 25000
3 9 121 25000
3 10 113 25000
3 11 126 25000
3 12 118 25000
3 13 84 25000
3 14 78 25000
3 15 93 25000
3 16 78 25000
3 17 101 25000
3 18 92 25000
3 19 76 25000
3 20 78 25000
3 21 88 25000
3 22 104 25000
3 23 72 25000
3 24 72 25000
3 25 88 25000
3 26 90 25000
3 27 87 25000
3 28 72 25000
3 29 87 25000
3 30 74 25000
3 31 93 25000
3 32 73 25000
3 33 96 25000
3 34 83 25000
3 35 82 25000
3 36 79 25000
3 37 81 25000
3 38 75 25000
3 39 69 25000
3 40 83 25000
3 41 96 25000
3 42 84 25000
3 43 71 25000
3 44 71 25000
3 45 91 25000
3 46 75 25000
3 47 68 25000
3 48 79 25000
3 49 69 25000
3 50 74 25000
3 51 76 25000
4 5 121 25000
4 6 109 25000
4 7 124 25000
4 8 105 25000
4 9 136 25000
4 10 144 25000
4 11 123 25000
4 12 131 25000
4 13 75 25000
4 14 82 25000
4 15 81 25000
4 16 79 25000
4 17 84 25000
4 18 86 25000
4 19 88 25000
4 20 76 25000
4 21 65 25000
4 22 78 25000
4 23 88 25000
4 24 103 25000
4 25 78 25000
4 26 94 25000
4 27 74 25000
4 28 78 25000
4 29 82 25000
4 30 103 25000
4 31 88 25000
4 32 68 25000
4 33 71 25000
4 34 85 25000
4 35 85 25000
4 36 78 25000
4 37 77 25000
4 38 76 25000
4 39 80 25000
4 40 73 25000
4 41 96 25000
4 42 83 25000
4 43 93 25000
4 44 77 25000
4 45 94 25000
4 46 61 25000
4 47 68 25000
4 48 93 25000
4 49 82 25000
4 50 92 25000
4 51 88 25000
5 6 123 25000
5 7 138 25000
5 8 123 25000
5 9 118 25000
5 10 113 25000
5 11 126 25000
5 12 130 25000
5 13 89 25000
5 14 99 25000
5 15 102 25000
5 16 81 25000
5 17 63 25000
5 18 83 25000
5 19 97 25000
5 20 94 25000
5 21 73 25000
5 22 75 25000
5 23 97 25000
5 24 79 25000
5 25 76 25000
5 26 75 25000
5 27 88 25000
5 28 98 25000
5 29 82 25000
5 30 63 25000
5 31 91 25000
5 32 86 25000
5 33 88 25000
5 34 77 25000
5 35 84 25000
5 36 90 25000
5 37 103 25000
5 38 79 25000
5 39 82 25000
5 40 90 25000
5 41 96 25000
5 42 85 25000
5 43 95 25000
5 44 87 25000
5 45 76 25000
5 46 75 25000
5 47 70 25000
5 48 77 25000
5 49 65 25000
5 50 82 25000
5 51 81 25000
6 7 139 25000
6 8 103 25000
6 9 128 25000
6 10 117 25000
6 11 113 25000
6 12 128 25000
6 13 81 25000
6 14 89 25000
6 15 87 25000
6 16 87 25000
6 17 79 25000
6 18 82 25000
6 19 72 25000
6 20 89 25000
6 21 97 25000
6 22 98 25000
6 23 77 25000
6 24 83 25000
6 25 78 25000
6 26 78 25000
6 27 74 25000
6 28 101 25000
6 29 82 25000
6 30 78 25000
6 31 85 25000
6 32 64 25000
6 33 96 25000
6 34 84 25000
6 35 73 25000
6 36 86 25000
6 37 85 25000
6 38 70 25000
6 39 83 25000
6 40 82 25000
6 41 90 25000
6 42 84 25000
6 43 82 25000
6 44 81 25000
6 45 82 25000
6 46 61 25000
6 47 89 25000
6 48 89 25000
6 49 76 25000
6 50 71 25000
6 51 87 25000
7 8 117 25000
7 9 117 25000
7 10 110 25000
7 11 113 25000
7 12 145 25000
7 13 76 25000
7 14 79 25000
7 15 85 25000
7 16 83 25000
7 17 100 25000
7 18 75 25000
7 19 84 25000
7 20 82 25000
7 21 95 25000
7 22 84 25000
7 23 76 25000
7 24 94 25000
7 25 76 25000
7 26 79 25000
7 27 84 25000
7 28 82 25000
7 29 71 25000
7 30 70 25000
7 31 78 25000
7 32 79 25000
7 33 79 25000
7 34 72 25000
7 35 77 25000
7 36 86 25000
7 37 71 25000
7 38 86 25000
7 39 104 25000
7 40 77 25000
7 41 81 25000
7 42 69 25000
7 43 73 25000
7 44 98 25000
7 45 78 25000
7 46 75 25000
7 47 84 25000
7 48 95 25000
7 49 67 25000
7 50 78 25000
7 51 93 25000
8 9 112 25000
8 10 107 25000
8 11 131 25000
8 12 128 25000
8 13 75 25000
8 14 77 25000
8 15 68 25000
8 16 72 25000
8 17 68 25000
8 18 80 25000
8 19 80 25000
8 20 73 25000
8 21 73 25000
8 22 92 25000
8 23 86 25000
8 24 97 25000
8 25 86 25000
8 26 79 25000
8 27 76 25000
8 28 81 25000
8 29 73 25000
8 30 68 25000
8 31 91 25000
8 32 78 25000
8 33 73 25000
8 34 81 25000
8 35 60 25000
8 36 83 25000
8 37 97 25000
8 38 83 25000
8 39 76 25000
8 40 72 25000
8 41 100 25000
8 42 84 25000
8 43 74 25000
8 44 80 25000
8 45 94 25000
8 46 82 25000
8 47 83 25000
8 48 88 25000
8 49 69 25000
8 50 79 25000
8 51 78 25000
9 10 114 25000
9 11 133 25000
9 12 132 25000
9 13 95 25000
9 14 93 25000
9 15 103 25000
9 16 83 25000
9 17 81 25000
9 18 77 25000
9 19 80 25000
9 20 72 25000
9 21 74 25000
9 22 92 25000
9 23 87 25000
9 24 88 25000
9 25 75 25000
9 26 92 25000
9 27 84 25000
9 28 93 25000
9 29 93 25000
9 30 83 25000
9 31 90 25000
9 32 74 25000
9 33 83 25000
9 34 86 25000
9 35 77 25000
9 36 82 25000
9 37 85 25000
9 38 67 25000
9 39 88 25000
9 40 89 25000
9 41 76 25000
9 42 66 25000
9 43 68 25000
9 44 83 25000
9 45 77 25000
9 46 69 25000
9 47 96 25000
9 48 69 25000
9 49 104 25000
9 50 59 25000
9 51 79 25000
10 11 117 25000
10 12 131 25000
10 13 84 25000
10 14 79 25000
10 15 94 25000
10 16 64 25000
10 17 64 25000
10 18 77 25000
10 19 77 25000
10 20 97 25000
10 21 90 25000
10 22 81 25000
10 23 72 25000
10 24 101 25000
10 25 81 25000
10 26 93 25000
10 27 76 25000
10 28 96 25000
10 29 79 25000
10 30 87 25000
10 31 70 25000
10 32 75 25000
10 33 76 25000
10 34 86 25000
10 35 71 25000
10 36 70 25000
10 37 97 25000
10 38 81 25000
10 39 74 25000
10 40 77 25000
10 41 73 25000
10 42 90 25000
10 43 82 25000
10 44 84 25000
10 45 89 25000
10 46 70 25000
10 47 80 25000
10 48 75 25000
10 49 78 25000
10 50 80 25000
10 51 83 25000
11 12 144 25000
11 13 79 25000
11 14 83 25000
11 15 83 25000
11 16 78 25000
11 17 81 25000
11 18 91 25000
11 19 67 25000
11 20 79 25000
11 21 76 25000
11 22 80 25000
11 23 86 25000
11 24 58 25000
11 25 78 25000
11 26 74 25000
11 27 88 25000
11 28 73 25000
11 29 96 25000
11 30 91 25000
11 31 76 25000
11 32 88 25000
11 33 77 25000
11 34 93 25000
11 35 81 25000
11 36 91 25000
11 37 84 25000
11 38 95 25000
11 39 69 25000
11 40 75 25000
11 41 87 25000
11 42 86 25000
11 43 80 25000
11 44 74 25000
11 45 80 25000
11 46 81 25000
11 47 96 25000
11 48 89 25000
11 49 84 25000
11 50 82 25000
11 51 79 25000
12 13 125 25000
12 14 140 25000
12 15 128 25000
12 16 136 25000
12 17 125 25000
12 18 116 25000
12 19 119 25000
12 20 131 25000
12 21 126 25000
12 22 129 25000
12 23 134 25000
12 24 125 25000
12 25 111 25000
12 26 118 25000
12 27 145 25000
12 28 107 25000
12 29 123 25000
12 30 134 25000
12 31 125 25000
12 32 110 25000
12 33 113 25000
12 34 130 25000
12 35 126 25000
12 36 136 25000
12 37 132 25000
12 38 132 25000
12 39 126 25000
12 40 116 25000
12 41 146 25000
12 42 134 25000
12 43 160 25000
12 44 124 25000
12 45 142 25000
12 46 117 25000
12 47 126 25000
12 48 126 25000
12 49 141 25000
12 50 125 25000
12 51 127 25000
13 14 67 25000
13 15 64 25000
13 16 92 25000
13 17 75 25000
13 18 69 25000
13 19 80 25000
13 20 82 25000
13 21 83 25000
13 22 91 25000
13 23 82 25000
13 24 96 25000
13 25 76 25000
13 26 73 25000
13 27 88 25000
13 28 77 25000
13 29 101 25000
13 30 85 25000
13 31 89 25000
13 32 69 25000
13 33 74 25000
13 34 71 25000
13 35 75 25000
13 36 87 25000
13 37 86 25000
13 38 81 25000
13 39 62 25000
13 40 93 25000
13 41 81 25000
13 42 72 25000
13 43 85 25000
13 44 71 25000
13 45 86 25000
13 46 73 25000
13 47 90 25000
13 48 88 25000
13 49 82 25000
13 50 92 25000
13 51 90 25000
14 15 78 25000
14 16 85 25000
14 17 89 25000
14 18 84 25000
14 19 76 25000
14 20 81 25000
14 21 95 25000
14 22 90 25000
14 23 56 25000
14 24 82 25000
14 25 89 25000
14 26 69 25000
14 27 88 25000
14 28 97 25000
14 29 116 25000
14 30 89 25000
14 31 81 25000
14 32 67 25000
14 33 90 25000
14 34 77 25000
14 35 92 25000
14 36 95 25000
14 37 88 25000
14 38 83 25000
14 39 89 25000
14 40 62 25000
14 41 83 25000
14 42 83 25000
14 43 86 25000
14 44 81 25000
14 45 89 25000
14 46 79 25000
14 47 70 25000
14 48 81 25000
14 49 102 25000
14 50 75 25000
14 51 98 25000
15 16 90 25000
15 17 71 25000
15 18 78 25000
15 19 91 25000
15 20 68 25000
15 21 90 25000
15 22 88 25000
15 23 60 25000
15 24 92 25000
15 25 86 25000
15 26 75 25000
15 27 89 25000
15 28 89 25000
15 29 83 25000
15 30 70 25000
15 31 105 25000
15 32 80 25000
15 33 82 25000
15 34 75 25000
15 35 86 25000
15 36 104 25000
15 37 84 25000
15 38 69 25000
15 39 92 25000
15 40 90 25000
15 41 74 25000
15 42 88 25000
15 43 84 25000
15 44 97 25000
15 45 93 25000
15 46 69 25000
15 47 91 25000
15 48 111 25000
15 49 78 25000
15 50 73 25000
15 51 79 25000
16 17 79 25000
16 18 86 25000
16 19 99 25000
16 20 88 25000
16 21 84 25000
16 22 77 25000
16 23 77 25000
16 24 91 25000
16 25 83 25000
16 26 81 25000
16 27 79 25000
16 28 73 25000
16 29 88 25000
16 30 102 25000
16 31 86 25000
16 32 78 25000
16 33 107 25000
16 34 82 25000
16 35 81 25000
16 36 91 25000
16 37 84 25000
16 38 75 25000
16 39 72 25000
16 40 77 25000
16 41 84 25000
16 42 71 25000
16 43 76 25000
16 44 97 25000
16 45 93 25000
16 46 75 25000
16 47 102 25000
16 48 85 25000
16 49 96 25000
16 50 83 25000
16 51 91 25000
17 18 83 25000
17 19 76 25000
17 20 82 25000
17 21 82 25000
17 22 96 25000
17 23 71 25000
17 24 103 25000
17 25 85 25000
17 26 78 25000
17 27 71 25000
17 28 82 25000
17 29 68 25000
17 30 89 25000
17 31 95 25000
17 32 84 25000
17 33 79 25000
17 34 82 25000
17 35 97 25000
17 36 82 25000
17 37 102 25000
17 38 96 25000
17 39 89 25000
17 40 86 25000
17 41 79 25000
17 42 78 25000
17 43 79 25000
17 44 92 25000
17 45 89 25000
17 46 113 25000
17 47 86 25000
17 48 95 25000
17 49 67 25000
17 50 70 25000
17 51 85 25000
18 19 81 25000
18 20 86 25000
18 21 91 25000
18 22 79 25000
18 23 77 25000
18 24 94 25000
18 25 74 25000
18 26 96 25000
18 27 65 25000
18 28 67 25000
18 29 93 25000
18 30 71 25000
18 31 65 25000
18 32 88 25000
18 33 80 25000
18 34 81 25000
18 35 78 25000
18 36 84 25000
18 37 94 25000
18 38 84 25000
18 39 69 25000
18 40 77 25000
18 41 80 25000
18 42 64 25000
18 43 98 25000
18 44 80 25000
18 45 100 25000
18 46 106 25000
18 47 93 25000
18 48 81 25000
18 49 74 25000
18 50 85 25000
18 51 80 25000
19 20 83 25000
19 21 82 25000
19 22 79 25000
19 23 80 25000
19 24 77 25000
19 25 73 25000
19 26 100 25000
19 27 72 25000
19 28 86 25000
19 29 82 25000
19 30 73 25000
19 31 78 25000
19 32 60 25000
19 33 83 25000
19 34 82 25000
19 35 81 25000
19 36 82 25000
19 37 80 25000
19 38 82 25000
19 39 70 25000
19 40 86 25000
19 41 91 25000
19 42 86 25000
19 43 66 25000
19 44 103 25000
19 45 85 25000
19 46 110 25000
19 47 80 25000
19 48 70 25000
19 49 83 25000
19 50 85 25000
19 51 76 25000
20 21 75 25000
20 22 79 25000
20 23 76 25000
20 24 94 25000
20 25 56 25000
20 26 99 25000
20 27 74 25000
20 28 116 25000
20 29 65 25000
20 30 88 25000
20 31 87 25000
20 32 81 25000
20 33 84 25000
20 34 90 25000
20 35 87 25000
20 36 81 25000
20 37 83 25000
20 38 57 25000
20 39 69 25000
20 40 77 25000
20 41 91 25000
20 42 71 25000
20 43 102 25000
20 44 71 25000
20 45 92 25000
20 46 93 25000
20 47 88 25000
20 48 82 25000
20 49 93 25000
20 50 73 25000
20 51 80 25000
21 22 66 25000
21 23 83 25000
21 24 88 25000
21 25 78 25000
21 26 80 25000
21 27 81 25000
21 28 80 25000
21 29 82 25000
21 30 90 25000
21 31 80 25000
21 32 81 25000
21 33 87 25000
21 34 77 25000
21 35 88 25000
21 36 80 25000
21 37 75 25000
21 38 74 25000
21 39 97 25000
21 40 89 25000
21 41 96 25000
21 42 105 25000
21 43 80 25000
21 44 70 25000
21 45 78 25000
21 46 78 25000
21 47 84 25000
21 48 75 25000
21 49 78 25000
21 50 81 25000
21 51 89 25000
22 23 99 25000
22 24 89 25000
22 25 96 25000
22 26 82 25000
22 27 99 25000
22 28 82 25000
22 29 79 25000
22 30 68 25000
22 31 91 25000
22 32 101 25000
22 33 68 25000
22 34 71 25000
22 35 86 25000
22 36 93 25000
22 37 87 25000
22 38 82 25000
22 39 90 25000
22 40 90 25000
22 41 90 25000
22 42 81 25000
22 43 82 25000
22 44 87 25000
22 45 97 25000
22 46 82 25000
22 47 80 25000
22 48 87 25000
22 49 70 25000
22 50 95 25000
22 51 90 25000
23 24 71 25000
23 25 77 25000
23 26 86 25000
23 27 89 25000
23 28 80 25000
23 29 96 25000
23 30 80 25000
23 31 65 25000
23 32 80 25000
23 33 86 25000
23 34 107 25000
23 35 83 25000
23 36 77 25000
23 37 77 25000
23 38 88 25000
23 39 70 25000
23 40 107 25000
23 41 68 25000
23 42 96 25000
23 43 80 25000
23 44 79 25000
23 45 90 25000
23 46 85 25000
23 47 81 25000
23 48 88 25000
23 49 71 25000
23 50 81 25000
23 51 72 25000
24 25 87 25000
24 26 69 25000
24 27 106 25000
24 28 72 25000
24 29 84 25000
24 30 86 25000
24 31 93 25000
24 32 72 25000
24 33 92 25000
24 34 79 25000
24 35 84 25000
24 36 105 25000
24 37 64 25000
24 38 85 25000
24 39 99 25000
24 40 79 25000
24 41 90 25000
24 42 89 25000
24 43 73 25000
24 44 91 25000
24 45 74 25000
24 46 88 25000
24 47 87 25000
24 48 78 25000
24 49 91 25000
24 50 91 25000
24 51 79 25000
25 26 80 25000
25 27 85 25000
25 28 89 25000
25 29 69 25000
25 30 96 25000
25 31 82 25000
25 32 70 25000
25 33 87 25000
25 34 87 25000
25 35 87 25000
25 36 69 25000
25 37 96 25000
25 38 126 25000
25 39 75 25000
25 40 62 25000
25 41 92 25000
25 42 75 25000
25 43 70 25000
25 44 84 25000
25 45 61 25000
25 46 71 25000
25 47 71 25000
25 48 88 25000
25 49 93 25000
25 50 72 25000
25 51 87 25000
26 27 91 25000
26 28 78 25000
26 29 85 25000
26 30 80 25000
26 31 84 25000
26 32 71 25000
26 33 90 25000
26 34 88 25000
26 35 90 25000
26 36 90 25000
26 37 96 25000
26 38 73 25000
26 39 73 25000
26 40 79 25000
26 41 80 25000
26 42 64 25000
26 43 74 25000
26 44 82 25000
26 45 123 25000
26 46 68 25000
26 47 81 25000
26 48 76 25000
26 49 78 25000
26 50 72 25000
26 51 80 25000
27 28 74 25000
27 29 88 25000
27 30 70 25000
27 31 75 25000
27 32 81 25000
27 33 77 25000
27 34 78 25000
27 35 78 25000
27 36 78 25000
27 37 78 25000
27 38 89 25000
27 39 103 25000
27 40 74 25000
27 41 76 25000
27 42 80 25000
27 43 77 25000
27 44 91 25000
27 45 76 25000
27 46 107 25000
27 47 80 25000
27 48 59 25000
27 49 85 25000
27 50 78 25000
27 51 71 25000
28 29 86 25000
28 30 85 25000
28 31 76 25000
28 32 79 25000
28 33 87 25000
28 34 81 25000
28 35 83 25000
28 36 75 25000
28 37 81 25000
28 38 86 25000
28 39 89 25000
28 40 86 25000
28 41 89 25000
28 42 74 25000
28 43 87 25000
28 44 75 25000
28 45 101 25000
28 46 97 25000
28 47 79 25000
28 48 90 25000
28 49 87 25000
28 50 75 25000
28 51 90 25000
29 30 92 25000
29 31 89 25000
29 32 69 25000
29 33 89 25000
29 34 68 25000
29 35 71 25000
29 36 80 25000
29 37 105 25000
29 38 78 25000
29 39 73 25000
29 40 103 25000
29 41 81 25000
29 42 106 25000
29 43 62 25000
29 44 94 25000
29 45 80 25000
29 46 86 25000
29 47 80 25000
29 48 93 25000
29 49 101 25000
29 50 83 25000
29 51 73 25000
30 31 91 25000
30 32 71 25000
30 33 89 25000
30 34 88 25000
30 35 80 25000
30 36 86 25000
30 37 85 25000
30 38 84 25000
30 39 91 25000
30 40 72 25000
30 41 73 25000
30 42 100 25000
30 43 83 25000
30 44 86 25000
30 45 101 25000
30 46 79 25000
30 47 105 25000
30 48 83 25000
30 49 77 25000
30 50 78 25000
30 51 90 25000
31 32 58 25000
31 33 68 25000
31 34 71 25000
31 35 75 25000
31 36 81 25000
31 37 85 25000
31 38 88 25000
31 39 75 25000
31 40 78 25000
31 41 95 25000
31 42 75 25000
31 43 75 25000
31 44 72 25000
31 45 69 25000
31 46 77 25000
31 47 94 25000
31 48 77 25000
31 49 76 25000
31 50 82 25000
31 51 79 25000
32 33 88 25000
32 34 73 25000
32 35 76 25000
32 36 70 25000
32 37 69 25000
32 38 90 25000
32 39 69 25000
32 40 62 25000
32 41 85 25000
32 42 96 25000
32 43 97 25000
32 44 65 25000
32 45 88 25000
32 46 80 25000
32 47 84 25000
32 48 83 25000
32 49 64 25000
32 50 84 25000
32 51 75 25000
33 34 96 25000
33 35 91 25000
33 36 84 25000
33 37 89 25000
33 38 74 25000
33 39 102 25000
33 40 84 25000
33 41 85 25000
33 42 114 25000
33 43 85 25000
33 44 73 25000
33 45 73 25000
33 46 70 25000
33 47 91 25000
33 48 86 25000
33 49 84 25000
33 50 86 25000
33 51 78 25000
34 35 81 25000
34 36 81 25000
34 37 90 25000
34 38 70 25000
34 39 75 25000
34 40 73 25000
34 41 88 25000
34 42 75 25000
34 43 77 25000
34 44 73 25000
34 45 66 25000
34 46 72 25000
34 47 84 25000
34 48 81 25000
34 49 106 25000
34 50 78 25000
34 51 80 25000
35 36 85 25000
35 37 91 25000
35 38 92 25000
35 39 83 25000
35 40 86 25000
35 41 82 25000
35 42 72 25000
35 43 104 25000
35 44 83 25000
35 45 85 25000
35 46 91 25000
35 47 86 25000
35 48 82 25000
35 49 71 25000
35 50 91 25000
35 51 76 25000
36 37 82 25000
36 38 77 25000
36 39 88 25000
36 40 77 25000
36 41 76 25000
36 42 77 25000
36 43 80 25000
36 44 78 25000
36 45 89 25000
36 46 93 25000
36 47 70 25000
36 48 87 25000
36 49 68 25000
36 50 116 25000
36 51 85 25000
37 38 85 25000
37 39 79 25000
37 40 104 25000
37 41 82 25000
37 42 76 25000
37 43 81 25000
37 44 107 25000
37 45 82 25000
37 46 71 25000
37 47 89 25000
37 48 98 25000
37 49 87 25000
37 50 84 25000
37 51 78 25000
38 39 75 25000
38 40 83 25000
38 41 75 25000
38 42 86 25000
38 43 77 25000
38 44 66 25000
38 45 94 25000
38 46 83 25000
38 47 84 25000
38 48 99 25000
38 49 87 25000
38 50 68 25000
38 51 112 25000
39 40 66 25000
39 41 76 25000
39 42 73 25000
39 43 72 25000
39 44 72 25000
39 45 89 25000
39 46 89 25000
39 47 76 25000
39 48 83 25000
39 49 87 25000
39 50 79 25000
39 51 73 25000
40 41 73 25000
40 42 81 25000
40 43 76 25000
40 44 74 25000
40 45 75 25000
40 46 85 25000
40 47 95 25000
40 48 90 25000
40 49 61 25000
40 50 83 25000
40 51 76 25000
41 42 84 25000
41 43 80 25000
41 44 68 25000
41 45 80 25000
41 46 75 25000
41 47 80 25000
41 48 84 25000
41 49 94 25000
41 50 83 25000
41 51 88 25000
42 43 65 25000
42 44 78 25000
42 45 82 25000
42 46 70 25000
42 47 84 25000
42 48 88 25000
42 49 72 25000
42 50 85 25000
42 51 77 25000
43 44 75 25000
43 45 97 25000
43 46 84 25000
43 47 60 25000
43 48 67 25000
43 49 85 25000
43 50 83 25000
43 51 83 25000
44 45 84 25000
44 46 76 25000
44 47 67 25000
44 48 91 25000
44 49 71 25000
44 50 76 25000
44 51 80 25000
45 46 82 25000
45 47 71 25000
45 48 84 25000
45 49 79 25000
45 50 70 25000
45 51 75 25000
46 47 89 25000
46 48 80 25000
46 49 83 25000
46 50 75 25000
46 51 79 25000
47 48 80 25000
47 49 78 25000
47 50 89 25000
47 51 84 25000
48 49 79 25000
48 50 78 25000
48 51 81 25000
49 50 72 25000
49 51 81 25000
50 51 84 25000
