0 1 134 25000
0 2 136 25000
0 3 122 25000
0 4 107 25000
0 5 134 25000
0 6 138 25000
0 7 123 25000
0 8 132 25000
0 9 130 25000
0 10 131 25000
0 11 146 25000
0 12 127 25000
0 13 115 25000
0 14 102 25000
0 15 111 25000
0 16 118 25000
0 17 134 25000
0 18 107 25000
0 19 123 25000
0 20 126 25000
0 21 112 25000
0 22 115 25000
0 23 107 25000
0 24 112 25000
0 25 126 25000
0 26 138 25000
0 27 116 25000
0 28 131 25000
0 29 119 25000
0 30 130 25000
0 31 121 25000
0 32 116 25000
0 33 127 25000
0 34 123 25000
0 35 117 25000
0 36 122 25000
0 37 124 25000
0 38 140 25000
0 39 111 25000
0 40 124 25000
0 41 124 25000
0 42 112 25000
0 43 130 25000
0 44 112 25000
0 45 122 25000
0 46 154 25000
0 47 112 25000
0 48 122 25000
0 49 120 25000
0 50 137 25000
0 51 122 25000
1 2 126 25000
1 3 116 25000
1 4 130 25000
1 5 133 25000
1 6 122 25000
1 7 138 25000
1 8 123 25000
1 9 118 25000
1 10 121 25000
1 11 115 25000
1 12 151 25000
1 13 111 25000
1 14 124 25000
1 15 141 25000
1 16 124 25000
1 17 123 25000
1 18 132 25000
1 19 135 25000
1 20 134 25000
1 21 118 25000
1 22 121 25000
1 23 117 25000
1 24 115 25000
1 25 125 25000
1 26 111 25000
1 27 100 25000
1 28 129 25000
1 29 112 25000
1 30 147 25000
1 31 122 25000
1 32 122 25000
1 33 140 25000
1 34 121 25000
1 35 107 25000
1 36 105 25000
1 37 112 25000
1 38 119 25000
1 39 134 25000
1 40 119 25000
1 41 107 25000
1 42 114 25000
1 43 115 25000
1 44 124 25000
1 45 133 25000
1 46 157 25000
1 47 128 25000
1 48 131 25000
1 49 121 25000
1 50 125 25000
1 51 138 25000
2 3 130 25000
2 4 135 25000
2 5 163 25000
2 6 140 25000
2 7 122 25000
2 8 146 25000
2 9 132 25000
2 10 130 25000
2 11 119 25000
2 12 123 25000
2 13 133 25000
2 14 118 25000
2 15 112 25000
2 16 112 25000
2 17 111 25000
2 18 100 25000
2 19 134 25000
2 20 144 25000
2 21 127 25000
2 22 128 25000
2 23 112 25000
2 24 116 25000
2 25 129 25000
2 26 121 25000
2 27 117 25000
2 28 141 25000
2 29 123 25000
2 30 118 25000
2 31 116 25000
2 32 117 25000
2 33 142 25000
2 34 117 25000
2 35 129 25000
2 36 125 25000
2 37 113 25000
2 38 131 25000
2 39 136 25000
2 40 128 25000
2 41 128 25000
2 42 118 25000
2 43 119 25000
2 44 108 25000
2 45 119 25000
2 46 119 25000
2 47 117 25000
2 48 138 25000
2 49 125 25000
2 50 119 25000
2 51 131 25000
3 4 126 25000
3 5 138 25000
3 6 138 25000
3 7 149 25000
3 8 128 25000
3 9 137 25000
3 10 123 25000
3 11 119 25000
3 12 133 25000
3 13 130 25000
3 14 116 25000
3 15 112 25000
3 16 110 25000
3 17 118 25000
3 18 111 25000
3 19 139 25000
3 20 145 25000
3 21 119 25000
3 22 121 25000
3 23 135 25000
3 24 105 25000
3 25 112 25000
3 26 106 25000
3 27 126 25000
3 28 123 25000
3 29 145 25000
3 30 98 25000
3 31 118 25000
3 32 112 25000
3 33 111 25000
3 34 126 25000
3 35 115 25000
3 36 118 25000
3 37 115 25000
3 38 109 25000
3 39 126 25000
3 40 129 25000
3 41 119 25000
3 42 110 25000
3 43 112 25000
3 44 129 25000
3 45 132 25000
3 46 120 25000
3 47 125 25000
3 48 100 25000
3 49 134 25000
3 50 124 25000
3 51 116 25000
4 5 150 25000
4 6 132 25000
4 7 124 25000
4 8 113 25000
4 9 134 25000
4 10 121 25000
4 11 147 25000
4 12 146 25000
4 13 126 25000
4 14 122 25000
4 15 121 25000
4 16 121 25000
4 17 127 25000
4 18 115 25000
4 19 134 25000
4 20 128 25000
4 21 124 25000
4 22 126 25000
4 23 133 25000
4 24 125 25000
4 25 116 25000
4 26 124 25000
4 27 117 25000
4 28 97 25000
4 29 120 25000
4 30 113 25000
4 31 128 25000
4 32 115 25000
4 33 124 25000
4 34 123 25000
4 35 122 25000
4 36 156 25000
4 37 117 25000
4 38 116 25000
4 39 111 25000
4 40 124 25000
4 41 104 25000
4 42 124 25000
4 43 126 25000
4 44 117 25000
4 45 129 25000
4 46 108 25000
4 47 124 25000
4 48 122 25000
4 49 133 25000
4 50 116 25000
4 51 115 25000
5 6 149 25000
5 7 137 25000
5 8 112 25000
5 9 140 25000
5 10 123 25000
5 11 139 25000
5 12 137 25000
5 13 113 25000
5 14 136 25000
5 15 141 25000
5 16 128 25000
5 17 123 25000
5 18 94 25000
5 19 114 25000
5 20 101 25000
5 21 129 25000
5 22 129 25000
5 23 117 25000
5 24 114 25000
5 25 117 25000
5 26 142 25000
5 27 137 25000
5 28 131 25000
5 29 129 25000
5 30 127 25000
5 31 125 25000
5 32 125 25000
5 33 137 25000
5 34 121 25000
5 35 106 25000
5 36 124 25000
5 37 158 25000
5 38 129 25000
5 39 133 25000
5 40 138 25000
5 41 126 25000
5 42 134 25000
5 43 120 25000
5 44 118 25000
5 45 117 25000
5 46 108 25000
5 47 116 25000
5 48 115 25000
5 49 108 25000
5 50 122 25000
5 51 138 25000
6 7 132 25000
6 8 124 25000
6 9 130 25000
6 10 142 25000
6 11 129 25000
6 12 128 25000
6 13 126 25000
6 14 152 25000
6 15 130 25000
6 16 145 25000
6 17 123 25000
6 18 118 25000
6 19 112 25000
6 20 139 25000
6 21 121 25000
6 22 117 25000
6 23 117 25000
6 24 119 25000
6 25 124 25000
6 26 135 25000
6 27 127 25000
6 28 128 25000
6 29 122 25000
6 30 119 25000
6 31 100 25000
6 32 103 25000
6 33 128 25000
6 34 113 25000
6 35 129 25000
6 36 131 25000
6 37 116 25000
6 38 127 25000
6 39 97 25000
6 40 133 25000
6 41 120 25000
6 42 119 25000
6 43 112 25000
6 44 117 25000
6 45 93 25000
6 46 133 25000
6 47 127 25000
6 48 115 25000
6 49 122 25000
6 50 135 25000
6 51 131 25000
7 8 129 25000
7 9 133 25000
7 10 143 25000
7 11 149 25000
7 12 130 25000
7 13 142 25000
7 14 121 25000
7 15 135 25000
7 16 121 25000
7 17 127 25000
7 18 116 25000
7 19 133 25000
7 20 116 25000
7 21 130 25000
7 22 114 25000
7 23 120 25000
7 24 113 25000
7 25 127 25000
7 26 130 25000
7 27 115 25000
7 28 130 25000
7 29 105 25000
7 30 106 25000
7 31 125 25000
7 32 130 25000
7 33 108 25000
7 34 111 25000
7 35 138 25000
7 36 135 25000
7 37 104 25000
7 38 147 25000
7 39 116 25000
7 40 106 25000
7 41 127 25000
7 42 128 25000
7 43 104 25000
7 44 126 25000
7 45 108 25000
7 46 114 25000
7 47 131 25000
7 48 132 25000
7 49 105 25000
7 50 118 25000
7 51 122 25000
8 9 148 25000
8 10 108 25000
8 11 122 25000
8 12 142 25000
8 13 107 25000
8 14 134 25000
8 15 111 25000
8 16 117 25000
8 17 119 25000
8 18 115 25000
8 19 120 25000
8 20 122 25000
8 21 116 25000
8 22 114 25000
8 23 122 25000
8 24 104 25000
8 25 134 25000
8 26 123 25000
8 27 127 25000
8 28 123 25000
8 29 115 25000
8 30 112 25000
8 31 127 25000
8 32 134 25000
8 33 115 25000
8 34 135 25000
8 35 150 25000
8 36 117 25000
8 37 105 25000
8 38 114 25000
8 39 101 25000
8 40 109 25000
8 41 125 25000
8 42 123 25000
8 43 125 25000
8 44 127 25000
8 45 98 25000
8 46 113 25000
8 47 117 25000
8 48 114 25000
8 49 125 25000
8 50 117 25000
8 51 120 25000
9 10 140 25000
9 11 143 25000
9 12 130 25000
9 13 115 25000
9 14 128 25000
9 15 114 25000
9 16 136 25000
9 17 132 25000
9 18 113 25000
9 19 130 25000
9 20 132 25000
9 21 113 25000
9 22 114 25000
9 23 118 25000
9 24 132 25000
9 25 133 25000
9 26 131 25000
9 27 111 25000
9 28 120 25000
9 29 110 25000
9 30 123 25000
9 31 115 25000
9 32 126 25000
9 33 128 25000
9 34 132 25000
9 35 125 25000
9 36 130 25000
9 37 130 25000
9 38 137 25000
9 39 153 25000
9 40 144 25000
9 41 107 25000
9 42 130 25000
9 43 140 25000
9 44 135 25000
9 45 132 25000
9 46 130 25000
9 47 119 25000
9 48 115 25000
9 49 111 25000
9 50 135 25000
9 51 123 25000
10 11 146 25000
10 12 127 25000
10 13 113 25000
10 14 105 25000
10 15 134 25000
10 16 113 25000
10 17 135 25000
10 18 130 25000
10 19 134 25000
10 20 129 25000
10 21 132 25000
10 22 122 25000
10 23 114 25000
10 24 130 25000
10 25 113 25000
10 26 101 25000
10 27 146 25000
10 28 128 25000
10 29 119 25000
10 30 119 25000
10 31 116 25000
10 32 101 25000
10 33 151 25000
10 34 112 25000
10 35 119 25000
10 36 110 25000
10 37 117 25000
10 38 139 25000
10 39 116 25000
10 40 122 25000
10 41 129 25000
10 42 106 25000
10 43 117 25000
10 44 97 25000
10 45 134 25000
10 46 134 25000
10 47 121 25000
10 48 122 25000
10 49 125 25000
10 50 113 25000
10 51 113 25000
11 12 124 25000
11 13 121 25000
11 14 131 25000
11 15 126 25000
11 16 118 25000
11 17 126 25000
11 18 129 25000
11 19 146 25000
11 20 127 25000
11 21 125 25000
11 22 126 25000
11 23 119 25000
11 24 124 25000
11 25 122 25000
11 26 148 25000
11 27 131 25000
11 28 132 25000
11 29 110 25000
11 30 128 25000
11 31 123 25000
11 32 137 25000
11 33 122 25000
11 34 128 25000
11 35 110 25000
11 36 137 25000
11 37 132 25000
11 38 140 25000
11 39 133 25000
11 40 148 25000
11 41 126 25000
11 42 119 25000
11 43 136 25000
11 44 129 25000
11 45 124 25000
11 46 145 25000
11 47 124 25000
11 48 135 25000
11 49 128 25000
11 50 138 25000
11 51 134 25000
12 13 112 25000
12 14 129 25000
12 15 108 25000
12 16 135 25000
12 17 113 25000
12 18 106 25000
12 19 120 25000
12 20 120 25000
12 21 127 25000
12 22 130 25000
12 23 115 25000
12 24 122 25000
12 25 138 25000
12 26 120 25000
12 27 123 25000
12 28 120 25000
12 29 118 25000
12 30 110 25000
12 31 124 25000
12 32 138 25000
12 33 129 25000
12 34 111 25000
12 35 131 25000
12 36 120 25000
12 37 143 25000
12 38 122 25000
12 39 135 25000
12 40 111 25000
12 41 124 25000
12 42 121 25000
12 43 110 25000
12 44 123 25000
12 45 123 25000
12 46 123 25000
12 47 130 25000
12 48 113 25000
12 49 143 25000
12 50 126 25000
12 51 135 25000
13 14 145 25000
13 15 118 25000
13 16 119 25000
13 17 145 25000
13 18 118 25000
13 19 137 25000
13 20 119 25000
13 21 140 25000
13 22 151 25000
13 23 122 25000
13 24 149 25000
13 25 137 25000
13 26 104 25000
13 27 128 25000
13 28 123 25000
13 29 145 25000
13 30 120 25000
13 31 120 25000
13 32 111 25000
13 33 125 25000
13 34 127 25000
13 35 112 25000
13 36 116 25000
13 37 121 25000
13 38 126 25000
13 39 99 25000
13 40 119 25000
13 41 117 25000
13 42 117 25000
13 43 125 25000
13 44 129 25000
13 45 115 25000
13 46 126 25000
13 47 147 25000
13 48 123 25000
13 49 113 25000
13 50 130 25000
13 51 123 25000
14 15 136 25000
14 16 124 25000
14 17 137 25000
14 18 149 25000
14 19 143 25000
14 20 110 25000
14 21 139 25000
14 22 139 25000
14 23 125 25000
14 24 102 25000
14 25 155 25000
14 26 111 25000
14 27 129 25000
14 28 126 25000
14 29 106 25000
14 30 138 25000
14 31 134 25000
14 32 118 25000
14 33 136 25000
14 34 115 25000
14 35 129 25000
14 36 118 25000
14 37 130 25000
14 38 132 25000
14 39 144 25000
14 40 115 25000
14 41 103 25000
14 42 126 25000
14 43 138 25000
14 44 123 25000
14 45 111 25000
14 46 114 25000
14 47 118 25000
14 48 130 25000
14 49 135 25000
14 50 98 25000
14 51 126 25000
15 16 157 25000
15 17 140 25000
15 18 119 25000
15 19 139 25000
15 20 135 25000
15 21 135 25000
15 22 117 25000
15 23 118 25000
15 24 128 25000
15 25 122 25000
15 26 123 25000
15 27 114 25000
15 28 122 25000
15 29 127 25000
15 30 136 25000
15 31 112 25000
15 32 113 25000
15 33 122 25000
15 34 120 25000
15 35 118 25000
15 36 118 25000
15 37 114 25000
15 38 131 25000
15 39 120 25000
15 40 135 25000
15 41 109 25000
15 42 117 25000
15 43 110 25000
15 44 112 25000
15 45 126 25000
15 46 114 25000
15 47 109 25000
15 48 110 25000
15 49 133 25000
15 50 125 25000
15 51 114 25000
16 17 128 25000
16 18 102 25000
16 19 133 25000
16 20 143 25000
16 21 129 25000
16 22 143 25000
16 23 122 25000
16 24 125 25000
16 25 124 25000
16 26 118 25000
16 27 138 25000
16 28 134 25000
16 29 118 25000
16 30 133 25000
16 31 120 25000
16 32 131 25000
16 33 111 25000
16 34 105 25000
16 35 124 25000
16 36 139 25000
16 37 129 25000
16 38 122 25000
16 39 114 25000
16 40 125 25000
16 41 125 25000
16 42 128 25000
16 43 119 25000
16 44 109 25000
16 45 130 25000
16 46 127 25000
16 47 147 25000
16 48 140 25000
16 49 135 25000
16 50 128 25000
16 51 127 25000
17 18 125 25000
17 19 124 25000
17 20 120 25000
17 21 128 25000
17 22 127 25000
17 23 134 25000
17 24 116 25000
17 25 139 25000
17 26 123 25000
17 27 130 25000
17 28 134 25000
17 29 133 25000
17 30 128 25000
17 31 140 25000
17 32 130 25000
17 33 135 25000
17 34 117 25000
17 35 124 25000
17 36 133 25000
17 37 124 25000
17 38 119 25000
17 39 121 25000
17 40 129 25000
17 41 105 25000
17 42 127 25000
17 43 108 25000
17 44 146 25000
17 45 121 25000
17 46 127 25000
17 47 130 25000
17 48 127 25000
17 49 125 25000
17 50 108 25000
17 51 120 25000
18 19 113 25000
18 20 134 25000
18 21 125 25000
18 22 109 25000
18 23 120 25000
18 24 139 25000
18 25 129 25000
18 26 102 25000
18 27 105 25000
18 28 128 25000
18 29 138 25000
18 30 110 25000
18 31 133 25000
18 32 113 25000
18 33 135 25000
18 34 118 25000
18 35 118 25000
18 36 129 25000
18 37 119 25000
18 38 129 25000
18 39 111 25000
18 40 105 25000
18 41 113 25000
18 42 121 25000
18 43 118 25000
18 44 133 25000
18 45 138 25000
18 46 113 25000
18 47 117 25000
18 48 125 25000
18 49 112 25000
18 50 111 25000
18 51 120 25000
19 20 145 25000
19 21 140 25000
19 22 135 25000
19 23 121 25000
19 24 121 25000
19 25 118 25000
19 26 131 25000
19 27 135 25000
19 28 123 25000
19 29 126 25000
19 30 121 25000
19 31 114 25000
19 32 132 25000
19 33 132 25000
19 34 133 25000
19 35 116 25000
19 36 112 25000
19 37 137 25000
19 38 135 25000
19 39 113 25000
19 40 129 25000
19 41 107 25000
19 42 132 25000
19 43 116 25000
19 44 123 25000
19 45 120 25000
19 46 115 25000
19 47 126 25000
19 48 126 25000
19 49 129 25000
19 50 149 25000
19 51 129 25000
20 21 143 25000
20 22 126 25000
20 23 100 25000
20 24 112 25000
20 25 106 25000
20 26 108 25000
20 27 113 25000
20 28 97 25000
20 29 140 25000
20 30 129 25000
20 31 138 25000
20 32 137 25000
20 33 115 25000
20 34 107 25000
20 35 101 25000
20 36 105 25000
20 37 125 25000
20 38 139 25000
20 39 118 25000
20 40 106 25000
20 41 128 25000
20 42 103 25000
20 43 125 25000
20 44 137 25000
20 45 107 25000
20 46 135 25000
20 47 117 25000
20 48 113 25000
20 49 138 25000
20 50 117 25000
20 51 138 25000
21 22 139 25000
21 23 126 25000
21 24 118 25000
21 25 139 25000
21 26 132 25000
21 27 125 25000
21 28 120 25000
21 29 118 25000
21 30 127 25000
21 31 128 25000
21 32 139 25000
21 33 108 25000
21 34 109 25000
21 35 123 25000
21 36 122 25000
21 37 113 25000
21 38 146 25000
21 39 145 25000
21 40 128 25000
21 41 128 25000
21 42 129 25000
21 43 124 25000
21 44 133 25000
21 45 157 25000
21 46 110 25000
21 47 141 25000
21 48 109 25000
21 49 120 25000
21 50 121 25000
21 51 139 25000
22 23 129 25000
22 24 130 25000
22 25 124 25000
22 26 114 25000
22 27 127 25000
22 28 122 25000
22 29 146 25000
22 30 117 25000
22 31 134 25000
22 32 126 25000
22 33 131 25000
22 34 130 25000
22 35 96 25000
22 36 121 25000
22 37 140 25000
22 38 126 25000
22 39 135 25000
22 40 133 25000
22 41 116 25000
22 42 136 25000
22 43 133 25000
22 44 113 25000
22 45 126 25000
22 46 138 25000
22 47 125 25000
22 48 121 25000
22 49 138 25000
22 50 123 25000
22 51 131 25000
23 24 128 25000
23 25 127 25000
23 26 114 25000
23 27 134 25000
23 28 132 25000
23 29 134 25000
23 30 132 25000
23 31 101 25000
23 32 119 25000
23 33 122 25000
23 34 123 25000
23 35 133 25000
23 36 100 25000
23 37 115 25000
23 38 115 25000
23 39 123 25000
23 40 109 25000
23 41 104 25000
23 42 125 25000
23 43 111 25000
23 44 114 25000
23 45 128 25000
23 46 116 25000
23 47 121 25000
23 48 138 25000
23 49 119 25000
23 50 109 25000
23 51 149 25000
24 25 140 25000
24 26 132 25000
24 27 129 25000
24 28 116 25000
24 29 113 25000
24 30 109 25000
24 31 126 25000
24 32 132 25000
24 33 114 25000
24 34 135 25000
24 35 110 25000
24 36 110 25000
24 37 123 25000
24 38 122 25000
24 39 119 25000
24 40 109 25000
24 41 122 25000
24 42 118 25000
24 43 140 25000
24 44 118 25000
24 45 130 25000
24 46 115 25000
24 47 127 25000
24 48 116 25000
24 49 124 25000
24 50 107 25000
24 51 127 25000
25 26 117 25000
25 27 120 25000
25 28 149 25000
25 29 122 25000
25 30 126 25000
25 31 136 25000
25 32 133 25000
25 33 140 25000
25 34 117 25000
25 35 114 25000
25 36 133 25000
25 37 103 25000
25 38 156 25000
25 39 121 25000
25 40 131 25000
25 41 127 25000
25 42 114 25000
25 43 125 25000
25 44 119 25000
25 45 133 25000
25 46 114 25000
25 47 127 25000
25 48 141 25000
25 49 134 25000
25 50 120 25000
25 51 129 25000
26 27 130 25000
26 28 119 25000
26 29 106 25000
26 30 116 25000
26 31 114 25000
26 32 146 25000
26 33 131 25000
26 34 103 25000
26 35 135 25000
26 36 130 25000
26 37 122 25000
26 38 136 25000
26 39 119 25000
26 40 110 25000
26 41 118 25000
26 42 136 25000
26 43 119 25000
26 44 116 25000
26 45 127 25000
26 46 121 25000
26 47 140 25000
26 48 113 25000
26 49 120 25000
26 50 103 25000
26 51 120 25000
27 28 135 25000
27 29 139 25000
27 30 130 25000
27 31 131 25000
27 32 135 25000
27 33 132 25000
27 34 120 25000
27 35 134 25000
27 36 151 25000
27 37 119 25000
27 38 135 25000
27 39 142 25000
27 40 130 25000
27 41 130 25000
27 42 106 25000
27 43 118 25000
27 44 134 25000
27 45 150 25000
27 46 129 25000
27 47 131 25000
27 48 119 25000
27 49 128 25000
27 50 141 25000
27 51 119 25000
28 29 138 25000
28 30 144 25000
28 31 142 25000
28 32 102 25000
28 33 134 25000
28 34 128 25000
28 35 144 25000
28 36 123 25000
28 37 151 25000
28 38 150 25000
28 39 116 25000
28 40 120 25000
28 41 120 25000
28 42 129 25000
28 43 131 25000
28 44 139 25000
28 45 119 25000
28 46 125 25000
28 47 133 25000
28 48 124 25000
28 49 122 25000
28 50 138 25000
28 51 139 25000
29 30 140 25000
29 31 154 25000
29 32 145 25000
29 33 138 25000
29 34 120 25000
29 35 115 25000
29 36 122 25000
29 37 134 25000
29 38 121 25000
29 39 126 25000
29 40 135 25000
29 41 120 25000
29 42 156 25000
29 43 131 25000
29 44 104 25000
29 45 140 25000
29 46 113 25000
29 47 132 25000
29 48 123 25000
29 49 144 25000
29 50 104 25000
29 51 122 25000
30 31 140 25000
30 32 117 25000
30 33 157 25000
30 34 145 25000
30 35 114 25000
30 36 111 25000
30 37 127 25000
30 38 143 25000
30 39 118 25000
30 40 131 25000
30 41 127 25000
30 42 114 25000
30 43 137 25000
30 44 122 25000
30 45 128 25000
30 46 125 25000
30 47 129 25000
30 48 131 25000
30 49 127 25000
30 50 123 25000
30 51 123 25000
31 32 139 25000
31 33 137 25000
31 34 133 25000
31 35 139 25000
31 36 115 25000
31 37 121 25000
31 38 156 25000
31 39 124 25000
31 40 129 25000
31 41 113 25000
31 42 126 25000
31 43 136 25000
31 44 119 25000
31 45 112 25000
31 46 119 25000
31 47 115 25000
31 48 127 25000
31 49 113 25000
31 50 114 25000
31 51 131 25000
32 33 133 25000
32 34 142 25000
32 35 132 25000
32 36 131 25000
32 37 122 25000
32 38 113 25000
32 39 113 25000
32 40 131 25000
32 41 125 25000
32 42 118 25000
32 43 129 25000
32 44 128 25000
32 45 113 25000
32 46 130 25000
32 47 115 25000
32 48 126 25000
32 49 143 25000
32 50 112 25000
32 51 125 25000
33 34 137 25000
33 35 150 25000
33 36 117 25000
33 37 127 25000
33 38 132 25000
33 39 124 25000
33 40 127 25000
33 41 133 25000
33 42 139 25000
33 43 123 25000
33 44 133 25000
33 45 139 25000
33 46 133 25000
33 47 115 25000
33 48 118 25000
33 49 117 25000
33 50 149 25000
33 51 138 25000
34 35 124 25000
34 36 116 25000
34 37 128 25000
34 38 116 25000
34 39 139 25000
34 40 121 25000
34 41 123 25000
34 42 122 25000
34 43 107 25000
34 44 120 25000
34 45 134 25000
34 46 111 25000
34 47 122 25000
34 48 121 25000
34 49 124 25000
34 50 126 25000
34 51 105 25000
35 36 129 25000
35 37 116 25000
35 38 147 25000
35 39 123 25000
35 40 140 25000
35 41 112 25000
35 42 130 25000
35 43 123 25000
35 44 111 25000
35 45 140 25000
35 46 111 25000
35 47 146 25000
35 48 115 25000
35 49 132 25000
35 50 114 25000
35 51 137 25000
36 37 142 25000
36 38 129 25000
36 39 117 25000
36 40 142 25000
36 41 112 25000
36 42 137 25000
36 43 132 25000
36 44 131 25000
36 45 109 25000
36 46 118 25000
36 47 127 25000
36 48 114 25000
36 49 150 25000
36 50 98 25000
36 51 121 25000
37 38 143 25000
37 39 117 25000
37 40 141 25000
37 41 141 25000
37 42 110 25000
37 43 123 25000
37 44 123 25000
37 45 121 25000
37 46 106 25000
37 47 112 25000
37 48 120 25000
37 49 110 25000
37 50 123 25000
37 51 149 25000
38 39 130 25000
38 40 126 25000
38 41 122 25000
38 42 139 25000
38 43 138 25000
38 44 138 25000
38 45 131 25000
38 46 130 25000
38 47 148 25000
38 48 127 25000
38 49 129 25000
38 50 114 25000
38 51 138 25000
39 40 145 25000
39 41 131 25000
39 42 126 25000
39 43 130 25000
39 44 110 25000
39 45 122 25000
39 46 150 25000
39 47 138 25000
39 48 106 25000
39 49 149 25000
39 50 132 25000
39 51 147 25000
40 41 145 25000
40 42 141 25000
40 43 112 25000
40 44 135 25000
40 45 113 25000
40 46 137 25000
40 47 126 25000
40 48 123 25000
40 49 138 25000
40 50 127 25000
40 51 138 25000
41 42 109 25000
41 43 135 25000
41 44 128 25000
41 45 119 25000
41 46 115 25000
41 47 112 25000
41 48 136 25000
41 49 141 25000
41 50 113 25000
41 51 154 25000
42 43 144 25000
42 44 131 25000
42 45 135 25000
42 46 142 25000
42 47 140 25000
42 48 136 25000
42 49 120 25000
42 50 125 25000
42 51 144 25000
43 44 143 25000
43 45 117 25000
43 46 128 25000
43 47 138 25000
43 48 138 25000
43 49 135 25000
43 50 105 25000
43 51 136 25000
44 45 131 25000
44 46 145 25000
44 47 121 25000
44 48 135 25000
44 49 136 25000
44 50 120 25000
44 51 119 25000
45 46 129 25000
45 47 121 25000
45 48 110 25000
45 49 123 25000
45 50 143 25000
45 51 139 25000
46 47 125 25000
46 48 139 25000
46 49 131 25000
46 50 138 25000
46 51 127 25000
47 48 113 25000
47 49 134 25000
47 50 142 25000
47 51 134 25000
48 49 144 25000
48 50 124 25000
48 51 116 25000
49 50 113 25000
49 51 133 25000
50 51 129 25000
