0 1 110 25000
0 2 100 25000
0 3 109 25000
0 4 102 25000
0 5 85 25000
0 6 87 25000
0 7 107 25000
0 8 95 25000
0 9 113 25000
0 10 101 25000
0 11 104 25000
0 12 98 25000
0 13 71 25000
0 14 98 25000
0 15 78 25000
0 16 86 25000
0 17 99 25000
0 18 98 25000
0 19 86 25000
0 20 76 25000
0 21 94 25000
0 22 96 25000
0 23 101 25000
0 24 82 25000
0 25 75 25000
0 26 97 25000
0 27 101 25000
0 28 100 25000
0 29 73 25000
0 30 69 25000
0 31 78 25000
0 32 79 25000
0 33 101 25000
0 34 81 25000
0 35 73 25000
0 36 78 25000
0 37 91 25000
0 38 81 25000
0 39 91 25000
0 40 87 25000
0 41 87 25000
0 42 80 25000
0 43 78 25000
0 44 83 25000
0 45 79 25000
0 46 84 25000
0 47 85 25000
0 48 84 25000
0 49 90 25000
0 50 104 25000
0 51 81 25000
1 2 84 25000
1 3 111 25000
1 4 84 25000
1 5 95 25000
1 6 100 25000
1 7 113 25000
1 8 103 25000
1 9 100 25000
1 10 99 25000
1 11 84 25000
1 12 108 25000
1 13 92 25000
1 14 70 25000
1 15 103 25000
1 16 95 25000
1 17 107 25000
1 18 82 25000
1 19 91 25000
1 20 85 25000
1 21 100 25000
1 22 100 25000
1 23 82 25000
1 24 83 25000
1 25 89 25000
1 26 84 25000
1 27 79 25000
1 28 91 25000
1 29 74 25000
1 30 80 25000
1 31 80 25000
1 32 85 25000
1 33 84 25000
1 34 92 25000
1 35 81 25000
1 36 83 25000
1 37 76 25000
1 38 82 25000
1 39 86 25000
1 40 81 25000
1 41 83 25000
1 42 91 25000
1 43 83 25000
1 44 88 25000
1 45 78 25000
1 46 77 25000
1 47 84 25000
1 48 105 25000
1 49 68 25000
1 50 92 25000
1 51 87 25000
2 3 96 25000
2 4 80 25000
2 5 105 25000
2 6 95 25000
2 7 82 25000
2 8 106 25000
2 9 84 25000
2 10 106 25000
2 11 99 25000
2 12 96 25000
2 13 83 25000
2 14 97 25000
2 15 87 25000
2 16 116 25000
2 17 87 25000
2 18 93 25000
2 19 96 25000
2 20 87 25000
2 21 98 25000
2 22 81 25000
2 23 78 25000
2 24 87 25000
2 25 71 25000
2 26 87 25000
2 27 79 25000
2 28 83 25000
2 29 87 25000
2 30 85 25000
2 31 96 25000
2 32 83 25000
2 33 83 25000
2 34 82 25000
2 35 75 25000
2 36 91 25000
2 37 93 25000
2 38 93 25000
2 39 82 25000
2 40 87 25000
2 41 88 25000
2 42 79 25000
2 43 107 25000
2 44 74 25000
2 45 65 25000
2 46 96 25000
2 47 85 25000
2 48 91 25000
2 49 87 25000
2 50 95 25000
2 51 90 25000
3 4 93 25000
3 5 80 25000
3 6 99 25000
3 7 103 25000
3 8 97 25000
3 9 89 25000
3 10 95 25000
3 11 97 25000
3 12 110 25000
3 13 72 25000
3 14 100 25000
3 15 94 25000
3 16 89 25000
3 17 96 25000
3 18 72 25000
3 19 92 25000
3 20 97 25000
3 21 82 25000
3 22 68 25000
3 23 68 25000
3 24 68 25000
3 25 90 25000
3 26 100 25000
3 27 89 25000
3 28 92 25000
3 29 91 25000
3 30 86 25000
3 31 91 25000
3 32 73 25000
3 33 80 25000
3 34 76 25000
3 35 87 25000
3 36 73 25000
3 37 95 25000
3 38 100 25000
3 39 91 25000
3 40 83 25000
3 41 88 25000
3 42 90 25000
3 43 93 25000
3 44 88 25000
3 45 96 25000
3 46 96 25000
3 47 91 25000
3 48 85 25000
3 49 68 25000
3 50 78 25000
3 51 95 25000
4 5 101 25000
4 6 103 25000
4 7 109 25000
4 8 88 25000
4 9 97 25000
4 10 95 25000
4 11 83 25000
4 12 92 25000
4 13 91 25000
4 14 92 25000
4 15 97 25000
4 16 98 25000
4 17 86 25000
4 18 81 25000
4 19 100 25000
4 20 96 25000
4 21 81 25000
4 22 86 25000
4 23 84 25000
4 24 81 25000
4 25 81 25000
4 26 104 25000
4 27 70 25000
4 28 84 25000
4 29 81 25000
4 30 66 25000
4 31 82 25000
4 32 85 25000
4 33 80 25000
4 34 70 25000
4 35 84 25000
4 36 82 25000
4 37 81 25000
4 38 90 25000
4 39 86 25000
4 40 83 25000
4 41 81 25000
4 42 96 25000
4 43 75 25000
4 44 91 25000
4 45 80 25000
4 46 81 25000
4 47 77 25000
4 48 85 25000
4 49 79 25000
4 50 96 25000
4 51 77 25000
5 6 108 25000
5 7 100 25000
5 8 93 25000
5 9 94 25000
5 10 96 25000
5 11 105 25000
5 12 98 25000
5 13 86 25000
5 14 80 25000
5 15 68 25000
5 16 83 25000
5 17 88 25000
5 18 70 25000
5 19 81 25000
5 20 109 25000
5 21 77 25000
5 22 98 25000
5 23 84 25000
5 24 76 25000
5 25 78 25000
5 26 85 25000
5 27 85 25000
5 28 80 25000
5 29 82 25000
5 30 80 25000
5 31 95 25000
5 32 89 25000
5 33 79 25000
5 34 77 25000
5 35 81 25000
5 36 70 25000
5 37 91 25000
5 38 62 25000
5 39 86 25000
5 40 90 25000
5 41 78 25000
5 42 101 25000
5 43 84 25000
5 44 98 25000
5 45 81 25000
5 46 80 25000
5 47 80 25000
5 48 85 25000
5 49 78 25000
5 50 82 25000
5 51 89 25000
6 7 85 25000
6 8 103 25000
6 9 108 25000
6 10 109 25000
6 11 103 25000
6 12 111 25000
6 13 93 25000
6 14 99 25000
6 15 80 25000
6 16 98 25000
6 17 85 25000
6 18 84 25000
6 19 87 25000
6 20 88 25000
6 21 89 25000
6 22 83 25000
6 23 87 25000
6 24 98 25000
6 25 116 25000
6 26 95 25000
6 27 77 25000
6 28 98 25000
6 29 74 25000
6 30 96 25000
6 31 86 25000
6 32 86 25000
6 33 84 25000
6 34 95 25000
6 35 96 25000
6 36 90 25000
6 37 79 25000
6 38 60 25000
6 39 82 25000
6 40 73 25000
6 41 72 25000
6 42 93 25000
6 43 79 25000
6 44 78 25000
6 45 95 25000
6 46 82 25000
6 47 85 25000
6 48 99 25000
6 49 91 25000
6 50 83 25000
6 51 106 25000
7 8 98 25000
7 9 85 25000
7 10 110 25000
7 11 107 25000
7 12 104 25000
7 13 92 25000
7 14 95 25000
7 15 93 25000
7 16 80 25000
7 17 82 25000
7 18 69 25000
7 19 85 25000
7 20 83 25000
7 21 96 25000
7 22 87 25000
7 23 91 25000
7 24 79 25000
7 25 84 25000
7 26 89 25000
7 27 87 25000
7 28 97 25000
7 29 66 25000
7 30 87 25000
7 31 90 25000
7 32 75 25000
7 33 90 25000
7 34 81 25000
7 35 96 25000
7 36 66 25000
7 37 83 25000
7 38 73 25000
7 39 90 25000
7 40 73 25000
7 41 82 25000
7 42 89 25000
7 43 90 25000
7 44 61 25000
7 45 76 25000
7 46 96 25000
7 47 92 25000
7 48 81 25000
7 49 108 25000
7 50 92 25000
7 51 85 25000
8 9 97 25000
8 10 113 25000
8 11 96 25000
8 12 112 25000
8 13 72 25000
8 14 88 25000
8 15 96 25000
8 16 81 25000
8 17 59 25000
8 18 86 25000
8 19 88 25000
8 20 81 25000
8 21 86 25000
8 22 87 25000
8 23 86 25000
8 24 96 25000
8 25 82 25000
8 26 88 25000
8 27 99 25000
8 28 83 25000
8 29 63 25000
8 30 72 25000
8 31 89 25000
8 32 68 25000
8 33 87 25000
8 34 77 25000
8 35 82 25000
8 36 89 25000
8 37 87 25000
8 38 87 25000
8 39 93 25000
8 40 78 25000
8 41 80 25000
8 42 81 25000
8 43 80 25000
8 44 72 25000
8 45 88 25000
8 46 87 25000
8 47 78 25000
8 48 91 25000
8 49 73 25000
8 50 68 25000
8 51 69 25000
9 10 103 25000
9 11 105 25000
9 12 74 25000
9 13 85 25000
9 14 88 25000
9 15 96 25000
9 16 70 25000
9 17 96 25000
9 18 89 25000
9 19 89 25000
9 20 89 25000
9 21 82 25000
9 22 70 25000
9 23 91 25000
9 24 96 25000
9 25 92 25000
9 26 75 25000
9 27 75 25000
9 28 94 25000
9 29 77 25000
9 30 74 25000
9 31 83 25000
9 32 96 25000
9 33 98 25000
9 34 74 25000
9 35 89 25000
9 36 76 25000
9 37 72 25000
9 38 90 25000
9 39 90 25000
9 40 80 25000
9 41 83 25000
9 42 82 25000
9 43 76 25000
9 44 79 25000
9 45 85 25000
9 46 104 25000
9 47 94 25000
9 48 82 25000
9 49 78 25000
9 50 90 25000
9 51 91 25000
10 11 106 25000
10 12 112 25000
10 13 97 25000
10 14 97 25000
10 15 88 25000
10 16 62 25000
10 17 92 25000
10 18 88 25000
10 19 97 25000
10 20 90 25000
10 21 82 25000
10 22 87 25000
10 23 103 25000
10 24 94 25000
10 25 91 25000
10 26 88 25000
10 27 79 25000
10 28 103 25000
10 29 91 25000
10 30 75 25000
10 31 73 25000
10 32 76 25000
10 33 86 25000
10 34 79 25000
10 35 83 25000
10 36 90 25000
10 37 73 25000
10 38 92 25000
10 39 91 25000
10 40 83 25000
10 41 118 25000
10 42 99 25000
10 43 75 25000
10 44 90 25000
10 45 98 25000
10 46 99 25000
10 47 80 25000
10 48 95 25000
10 49 89 25000
10 50 92 25000
10 51 83 25000
11 12 110 25000
11 13 82 25000
11 14 118 25000
11 15 90 25000
11 16 102 25000
11 17 72 25000
11 18 68 25000
11 19 82 25000
11 20 94 25000
11 21 77 25000
11 22 82 25000
11 23 70 25000
11 24 83 25000
11 25 87 25000
11 26 92 25000
11 27 69 25000
11 28 92 25000
11 29 68 25000
11 30 82 25000
11 31 96 25000
11 32 70 25000
11 33 86 25000
11 34 85 25000
11 35 83 25000
11 36 80 25000
11 37 93 25000
11 38 72 25000
11 39 77 25000
11 40 67 25000
11 41 77 25000
11 42 83 25000
11 43 75 25000
11 44 91 25000
11 45 100 25000
11 46 93 25000
11 47 96 25000
11 48 62 25000
11 49 83 25000
11 50 84 25000
11 51 94 25000
12 13 89 25000
12 14 92 25000
12 15 85 25000
12 16 86 25000
12 17 94 25000
12 18 96 25000
12 19 116 25000
12 20 90 25000
12 21 90 25000
12 22 86 25000
12 23 90 25000
12 24 79 25000
12 25 78 25000
12 26 90 25000
12 27 82 25000
12 28 87 25000
12 29 93 25000
12 30 92 25000
12 31 62 25000
12 32 65 25000
12 33 96 25000
12 34 77 25000
12 35 81 25000
12 36 68 25000
12 37 84 25000
12 38 83 25000
12 39 77 25000
12 40 90 25000
12 41 90 25000
12 42 93 25000
12 43 79 25000
12 44 91 25000
12 45 82 25000
12 46 89 25000
12 47 81 25000
12 48 76 25000
12 49 108 25000
12 50 101 25000
12 51 95 25000
13 14 102 25000
13 15 100 25000
13 16 94 25000
13 17 100 25000
13 18 68 25000
13 19 98 25000
13 20 97 25000
13 21 88 25000
13 22 99 25000
13 23 87 25000
13 24 90 25000
13 25 107 25000
13 26 99 25000
13 27 80 25000
13 28 85 25000
13 29 79 25000
13 30 69 25000
13 31 78 25000
13 32 86 25000
13 33 96 25000
13 34 105 25000
13 35 87 25000
13 36 88 25000
13 37 92 25000
13 38 79 25000
13 39 77 25000
13 40 78 25000
13 41 68 25000
13 42 89 25000
13 43 98 25000
13 44 83 25000
13 45 75 25000
13 46 91 25000
13 47 80 25000
13 48 75 25000
13 49 75 25000
13 50 90 25000
13 51 101 25000
14 15 111 25000
14 16 95 25000
14 17 96 25000
14 18 90 25000
14 19 90 25000
14 20 97 25000
14 21 94 25000
14 22 91 25000
14 23 102 25000
14 24 85 25000
14 25 100 25000
14 26 90 25000
14 27 95 25000
14 28 99 25000
14 29 80 25000
14 30 101 25000
14 31 85 25000
14 32 82 25000
14 33 83 25000
14 34 83 25000
14 35 102 25000
14 36 80 25000
14 37 105 25000
14 38 94 25000
14 39 87 25000
14 40 95 25000
14 41 59 25000
14 42 80 25000
14 43 89 25000
14 44 89 25000
14 45 83 25000
14 46 77 25000
14 47 76 25000
14 48 89 25000
14 49 83 25000
14 50 72 25000
14 51 78 25000
15 16 88 25000
15 17 89 25000
15 18 102 25000
15 19 96 25000
15 20 91 25000
15 21 92 25000
15 22 77 25000
15 23 109 25000
15 24 88 25000
15 25 108 25000
15 26 78 25000
15 27 99 25000
15 28 95 25000
15 29 94 25000
15 30 79 25000
15 31 68 25000
15 32 95 25000
15 33 92 25000
15 34 89 25000
15 35 101 25000
15 36 84 25000
15 37 82 25000
15 38 78 25000
15 39 76 25000
15 40 82 25000
15 41 95 25000
15 42 84 25000
15 43 81 25000
15 44 73 25000
15 45 87 25000
15 46 91 25000
15 47 76 25000
15 48 78 25000
15 49 76 25000
15 50 80 25000
15 51 72 25000
16 17 100 25000
16 18 122 25000
16 19 92 25000
16 20 103 25000
16 21 105 25000
16 22 95 25000
16 23 97 25000
16 24 105 25000
16 25 87 25000
16 26 94 25000
16 27 81 25000
16 28 81 25000
16 29 73 25000
16 30 86 25000
16 31 75 25000
16 32 86 25000
16 33 82 25000
16 34 98 25000
16 35 82 25000
16 36 109 25000
16 37 83 25000
16 38 96 25000
16 39 87 25000
16 40 92 25000
16 41 86 25000
16 42 80 25000
16 43 76 25000
16 44 70 25000
16 45 80 25000
16 46 92 25000
16 47 76 25000
16 48 89 25000
16 49 88 25000
16 50 94 25000
16 51 92 25000
17 18 93 25000
17 19 99 25000
17 20 94 25000
17 21 93 25000
17 22 86 25000
17 23 101 25000
17 24 94 25000
17 25 129 25000
17 26 97 25000
17 27 87 25000
17 28 91 25000
17 29 67 25000
17 30 97 25000
17 31 75 25000
17 32 87 25000
17 33 86 25000
17 34 78 25000
17 35 101 25000
17 36 88 25000
17 37 87 25000
17 38 91 25000
17 39 88 25000
17 40 77 25000
17 41 85 25000
17 42 86 25000
17 43 85 25000
17 44 72 25000
17 45 83 25000
17 46 91 25000
17 47 94 25000
17 48 76 25000
17 49 87 25000
17 50 87 25000
17 51 95 25000
18 19 100 25000
18 20 80 25000
18 21 99 25000
18 22 98 25000
18 23 94 25000
18 24 97 25000
18 25 113 25000
18 26 93 25000
18 27 67 25000
18 28 75 25000
18 29 66 25000
18 30 77 25000
18 31 78 25000
18 32 85 25000
18 33 81 25000
18 34 79 25000
18 35 80 25000
18 36 66 25000
18 37 79 25000
18 38 89 25000
18 39 86 25000
18 40 77 25000
18 41 79 25000
18 42 68 25000
18 43 85 25000
18 44 83 25000
18 45 65 25000
18 46 87 25000
18 47 65 25000
18 48 75 25000
18 49 78 25000
18 50 69 25000
18 51 77 25000
19 20 101 25000
19 21 87 25000
19 22 73 25000
19 23 101 25000
19 24 97 25000
19 25 106 25000
19 26 106 25000
19 27 75 25000
19 28 89 25000
19 29 85 25000
19 30 97 25000
19 31 84 25000
19 32 73 25000
19 33 98 25000
19 34 101 25000
19 35 81 25000
19 36 97 25000
19 37 88 25000
19 38 83 25000
19 39 96 25000
19 40 81 25000
19 41 98 25000
19 42 94 25000
19 43 93 25000
19 44 104 25000
19 45 73 25000
19 46 101 25000
19 47 81 25000
19 48 92 25000
19 49 79 25000
19 50 94 25000
19 51 84 25000
20 21 92 25000
20 22 95 25000
20 23 110 25000
20 24 84 25000
20 25 96 25000
20 26 88 25000
20 27 70 25000
20 28 81 25000
20 29 86 25000
20 30 92 25000
20 31 86 25000
20 32 83 25000
20 33 76 25000
20 34 70 25000
20 35 69 25000
20 36 85 25000
20 37 89 25000
20 38 76 25000
20 39 94 25000
20 40 74 25000
20 41 96 25000
20 42 89 25000
20 43 83 25000
20 44 95 25000
20 45 80 25000
20 46 69 25000
20 47 75 25000
20 48 79 25000
20 49 61 25000
20 50 82 25000
20 51 83 25000
21 22 102 25000
21 23 98 25000
21 24 90 25000
21 25 96 25000
21 26 92 25000
21 27 92 25000
21 28 91 25000
21 29 86 25000
21 30 86 25000
21 31 74 25000
21 32 71 25000
21 33 83 25000
21 34 92 25000
21 35 100 25000
21 36 87 25000
21 37 84 25000
21 38 91 25000
21 39 106 25000
21 40 87 25000
21 41 86 25000
21 42 84 25000
21 43 98 25000
21 44 82 25000
21 45 97 25000
21 46 99 25000
21 47 86 25000
21 48 86 25000
21 49 89 25000
21 50 88 25000
21 51 68 25000
22 23 105 25000
22 24 117 25000
22 25 112 25000
22 26 79 25000
22 27 80 25000
22 28 84 25000
22 29 64 25000
22 30 86 25000
22 31 85 25000
22 32 88 25000
22 33 96 25000
22 34 94 25000
22 35 87 25000
22 36 84 25000
22 37 100 25000
22 38 81 25000
22 39 111 25000
22 40 88 25000
22 41 88 25000
22 42 72 25000
22 43 77 25000
22 44 99 25000
22 45 87 25000
22 46 84 25000
22 47 72 25000
22 48 86 25000
22 49 80 25000
22 50 69 25000
22 51 82 25000
23 24 110 25000
23 25 100 25000
23 26 97 25000
23 27 84 25000
23 28 85 25000
23 29 97 25000
23 30 92 25000
23 31 95 25000
23 32 74 25000
23 33 92 25000
23 34 80 25000
23 35 82 25000
23 36 91 25000
23 37 82 25000
23 38 97 25000
23 39 76 25000
23 40 83 25000
23 41 92 25000
23 42 94 25000
23 43 93 25000
23 44 73 25000
23 45 82 25000
23 46 83 25000
23 47 84 25000
23 48 71 25000
23 49 92 25000
23 50 92 25000
23 51 83 25000
24 25 129 25000
24 26 75 25000
24 27 87 25000
24 28 78 25000
24 29 95 25000
24 30 89 25000
24 31 102 25000
24 32 93 25000
24 33 77 25000
24 34 91 25000
24 35 79 25000
24 36 100 25000
24 37 89 25000
24 38 87 25000
24 39 96 25000
24 40 78 25000
24 41 86 25000
24 42 82 25000
24 43 80 25000
24 44 60 25000
24 45 90 25000
24 46 90 25000
24 47 87 25000
24 48 84 25000
24 49 90 25000
24 50 92 25000
24 51 79 25000
25 26 107 25000
25 27 87 25000
25 28 86 25000
25 29 77 25000
25 30 95 25000
25 31 80 25000
25 32 98 25000
25 33 85 25000
25 34 90 25000
25 35 89 25000
25 36 97 25000
25 37 79 25000
25 38 88 25000
25 39 94 25000
25 40 90 25000
25 41 82 25000
25 42 91 25000
25 43 94 25000
25 44 91 25000
25 45 84 25000
25 46 107 25000
25 47 77 25000
25 48 81 25000
25 49 78 25000
25 50 94 25000
25 51 82 25000
26 27 99 25000
26 28 124 25000
26 29 97 25000
26 30 87 25000
26 31 112 25000
26 32 104 25000
26 33 107 25000
26 34 112 25000
26 35 92 25000
26 36 116 25000
26 37 107 25000
26 38 101 25000
26 39 84 25000
26 40 76 25000
26 41 71 25000
26 42 96 25000
26 43 98 25000
26 44 94 25000
26 45 93 25000
26 46 89 25000
26 47 94 25000
26 48 78 25000
26 49 71 25000
26 50 105 25000
26 51 90 25000
27 28 108 25000
27 29 97 25000
27 30 96 25000
27 31 90 25000
27 32 70 25000
27 33 68 25000
27 34 95 25000
27 35 99 25000
27 36 98 25000
27 37 79 25000
27 38 102 25000
27 39 78 25000
27 40 78 25000
27 41 75 25000
27 42 86 25000
27 43 86 25000
27 44 73 25000
27 45 76 25000
27 46 86 25000
27 47 71 25000
27 48 87 25000
27 49 84 25000
27 50 99 25000
27 51 79 25000
28 29 103 25000
28 30 98 25000
28 31 90 25000
28 32 85 25000
28 33 88 25000
28 34 114 25000
28 35 105 25000
28 36 126 25000
28 37 109 25000
28 38 113 25000
28 39 97 25000
28 40 97 25000
28 41 80 25000
28 42 102 25000
28 43 73 25000
28 44 103 25000
28 45 83 25000
28 46 82 25000
28 47 84 25000
28 48 88 25000
28 49 98 25000
28 50 80 25000
28 51 92 25000
29 30 96 25000
29 31 105 25000
29 32 104 25000
29 33 102 25000
29 34 87 25000
29 35 103 25000
29 36 96 25000
29 37 91 25000
29 38 91 25000
29 39 78 25000
29 40 82 25000
29 41 81 25000
29 42 69 25000
29 43 87 25000
29 44 85 25000
29 45 82 25000
29 46 84 25000
29 47 96 25000
29 48 77 25000
29 49 74 25000
29 50 87 25000
29 51 63 25000
30 31 83 25000
30 32 94 25000
30 33 110 25000
30 34 104 25000
30 35 81 25000
30 36 106 25000
30 37 109 25000
30 38 90 25000
30 39 71 25000
30 40 93 25000
30 41 77 25000
30 42 93 25000
30 43 61 25000
30 44 67 25000
30 45 77 25000
30 46 93 25000
30 47 100 25000
30 48 80 25000
30 49 92 25000
30 50 72 25000
30 51 73 25000
31 32 97 25000
31 33 112 25000
31 34 87 25000
31 35 107 25000
31 36 95 25000
31 37 95 25000
31 38 85 25000
31 39 77 25000
31 40 81 25000
31 41 85 25000
31 42 75 25000
31 43 91 25000
31 44 89 25000
31 45 73 25000
31 46 98 25000
31 47 83 25000
31 48 86 25000
31 49 102 25000
31 50 86 25000
31 51 82 25000
32 33 88 25000
32 34 103 25000
32 35 105 25000
32 36 96 25000
32 37 89 25000
32 38 118 25000
32 39 94 25000
32 40 98 25000
32 41 66 25000
32 42 78 25000
32 43 96 25000
32 44 86 25000
32 45 81 25000
32 46 78 25000
32 47 91 25000
32 48 59 25000
32 49 75 25000
32 50 87 25000
32 51 97 25000
33 34 88 25000
33 35 81 25000
33 36 106 25000
33 37 107 25000
33 38 98 25000
33 39 102 25000
33 40 80 25000
33 41 93 25000
33 42 72 25000
33 43 88 25000
33 44 79 25000
33 45 64 25000
33 46 95 25000
33 47 91 25000
33 48 67 25000
33 49 95 25000
33 50 93 25000
33 51 105 25000
34 35 104 25000
34 36 106 25000
34 37 121 25000
34 38 77 25000
34 39 102 25000
34 40 84 25000
34 41 100 25000
34 42 77 25000
34 43 82 25000
34 44 102 25000
34 45 70 25000
34 46 75 25000
34 47 85 25000
34 48 86 25000
34 49 91 25000
34 50 90 25000
34 51 69 25000
35 36 101 25000
35 37 112 25000
35 38 108 25000
35 39 93 25000
35 40 102 25000
35 41 105 25000
35 42 81 25000
35 43 84 25000
35 44 75 25000
35 45 83 25000
35 46 80 25000
35 47 78 25000
35 48 101 25000
35 49 77 25000
35 50 99 25000
35 51 71 25000
36 37 104 25000
36 38 109 25000
36 39 91 25000
36 40 83 25000
36 41 74 25000
36 42 90 25000
36 43 80 25000
36 44 87 25000
36 45 81 25000
36 46 89 25000
36 47 79 25000
36 48 80 25000
36 49 81 25000
36 50 83 25000
36 51 77 25000
37 38 100 25000
37 39 85 25000
37 40 100 25000
37 41 79 25000
37 42 84 25000
37 43 93 25000
37 44 80 25000
37 45 75 25000
37 46 87 25000
37 47 94 25000
37 48 70 25000
37 49 83 25000
37 50 71 25000
37 51 75 25000
38 39 83 25000
38 40 72 25000
38 41 86 25000
38 42 97 25000
38 43 83 25000
38 44 70 25000
38 45 83 25000
38 46 94 25000
38 47 94 25000
38 48 79 25000
38 49 92 25000
38 50 104 25000
38 51 97 25000
39 40 109 25000
39 41 105 25000
39 42 91 25000
39 43 85 25000
39 44 86 25000
39 45 92 25000
39 46 101 25000
39 47 102 25000
39 48 86 25000
39 49 86 25000
39 50 100 25000
39 51 91 25000
40 41 107 25000
40 42 94 25000
40 43 87 25000
40 44 108 25000
40 45 87 25000
40 46 103 25000
40 47 103 25000
40 48 99 25000
40 49 94 25000
40 50 94 25000
40 51 104 25000
41 42 97 25000
41 43 87 25000
41 44 98 25000
41 45 80 25000
41 46 98 25000
41 47 91 25000
41 48 83 25000
41 49 79 25000
41 50 102 25000
41 51 109 25000
42 43 100 25000
42 44 101 25000
42 45 87 25000
42 46 110 25000
42 47 106 25000
42 48 90 25000
42 49 107 25000
42 50 93 25000
42 51 95 25000
43 44 88 25000
43 45 80 25000
43 46 95 25000
43 47 97 25000
43 48 94 25000
43 49 94 25000
43 50 89 25000
43 51 111 25000
44 45 103 25000
44 46 91 25000
44 47 104 25000
44 48 90 25000
44 49 96 25000
44 50 97 25000
44 51 95 25000
45 46 110 25000
45 47 104 25000
45 48 73 25000
45 49 89 25000
45 50 103 25000
45 51 100 25000
46 47 83 25000
46 48 79 25000
46 49 102 25000
46 50 109 25000
46 51 110 25000
47 48 110 25000
47 49 101 25000
47 50 86 25000
47 51 93 25000
48 49 107 25000
48 50 102 25000
48 51 90 25000
49 50 99 25000
49 51 104 25000
50 51 101 25000
