0 1 124 25000
0 2 127 25000
0 3 139 25000
0 4 106 25000
0 5 134 25000
0 6 116 25000
0 7 126 25000
0 8 106 25000
0 9 126 25000
0 10 120 25000
0 11 124 25000
0 12 129 25000
0 13 78 25000
0 14 70 25000
0 15 71 25000
0 16 83 25000
0 17 94 25000
0 18 72 25000
0 19 78 25000
0 20 79 25000
0 21 84 25000
0 22 71 25000
0 23 94 25000
0 24 91 25000
0 25 75 25000
0 26 90 25000
0 27 101 25000
0 28 81 25000
0 29 67 25000
0 30 77 25000
0 31 79 25000
0 32 66 25000
0 33 75 25000
0 34 86 25000
0 35 86 25000
0 36 85 25000
0 37 71 25000
0 38 83 25000
0 39 78 25000
0 40 100 25000
0 41 83 25000
0 42 76 25000
0 43 90 25000
0 44 65 25000
0 45 77 25000
0 46 81 25000
0 47 81 25000
0 48 64 25000
0 49 79 25000
0 50 79 25000
0 51 92 25000
1 2 128 25000
1 3 125 25000
1 4 121 25000
1 5 117 25000
1 6 120 25000
1 7 104 25000
1 8 96 25000
1 9 122 25000
1 10 113 25000
1 11 122 25000
1 12 157 25000
1 13 79 25000
1 14 71 25000
1 15 73 25000
1 16 81 25000
1 17 83 25000
1 18 80 25000
1 19 80 25000
1 20 79 25000
1 21 89 25000
1 22 89 25000
1 23 70 25000
1 24 88 25000
1 25 66 25000
1 26 79 25000
1 27 76 25000
1 28 92 25000
1 29 87 25000
1 30 79 25000
1 31 78 25000
1 32 77 25000
1 33 79 25000
1 34 87 25000
1 35 78 25000
1 36 84 25000
1 37 79 25000
1 38 82 25000
1 39 73 25000
1 40 67 25000
1 41 73 25000
1 42 89 25000
1 43 90 25000
1 44 86 25000
1 45 64 25000
1 46 69 25000
1 47 92 25000
1 48 95 25000
1 49 70 25000
1 50 79 25000
1 51 90 25000
2 3 128 25000
2 4 114 25000
2 5 124 25000
2 6 113 25000
2 7 122 25000
2 8 129 25000
2 9 130 25000
2 10 120 25000
2 11 137 25000
2 12 118 25000
2 13 71 25000
2 14 86 25000
2 15 79 25000
2 16 82 25000
2 17 71 25000
2 18 95 25000
2 19 80 25000
2 20 76 25000
2 21 72 25000
2 22 83 25000
2 23 82 25000
2 24 82 25000
2 25 84 25000
2 26 96 25000
2 27 90 25000
2 28 92 25000
2 29 82 25000
2 30 74 25000
2 31 65 25000
2 32 70 25000
2 33 90 25000
2 34 73 25000
2 35 78 25000
2 36 64 25000
2 37 79 25000
2 38 85 25000
2 39 92 25000
2 40 73 25000
2 41 88 25000
2 42 81 25000
2 43 78 25000
2 44 61 25000
2 45 85 25000
2 46 100 25000
2 47 78 25000
2 48 106 25000
2 49 75 25000
2 50 82 25000
2 51 88 25000
3 4 124 25000
3 5 152 25000
3 6 129 25000
3 7 119 25000
3 8 116 25000
3 9 122 25000
3 10 121 25000
3 11 117 25000
3 12 137 25000
3 13 72 25000
3 14 80 25000
3 15 72 25000
3 16 85 25000
3 17 70 25000
3 18 72 25000
3 19 71 25000
3 20 64 25000
3 21 54 25000
3 22 83 25000
3 23 80 25000
3 24 78 25000
3 25 76 25000
3 26 93 25000
3 27 79 25000
3 28 63 25000
3 29 65 25000
3 30 86 25000
3 31 73 25000
3 32 68 25000
3 33 74 25000
3 34 77 25000
3 35 83 25000
3 36 74 25000
3 37 77 25000
3 38 76 25000
3 39 68 25000
3 40 73 25000
3 41 101 25000
3 42 69 25000
3 43 91 25000
3 44 76 25000
3 45 77 25000
3 46 75 25000
3 47 71 25000
3 48 77 25000
3 49 83 25000
3 50 72 25000
3 51 85 25000
4 5 124 25000
4 6 116 25000
4 7 99 25000
4 8 106 25000
4 9 140 25000
4 10 116 25000
4 11 111 25000
4 12 118 25000
4 13 69 25000
4 14 82 25000
4 15 90 25000
4 16 71 25000
4 17 66 25000
4 18 73 25000
4 19 67 25000
4 20 72 25000
4 21 95 25000
4 22 80 25000
4 23 81 25000
4 24 76 25000
4 25 74 25000
4 26 88 25000
4 27 82 25000
4 28 86 25000
4 29 100 25000
4 30 85 25000
4 31 81 25000
4 32 88 25000
4 33 85 25000
4 34 82 25000
4 35 87 25000
4 36 83 25000
4 37 82 25000
4 38 86 25000
4 39 96 25000
4 40 88 25000
4 41 82 25000
4 42 79 25000
4 43 92 25000
4 44 84 25000
4 45 86 25000
4 46 95 25000
4 47 93 25000
4 48 86 25000
4 49 75 25000
4 50 81 25000
4 51 103 25000
5 6 99 25000
5 7 111 25000
5 8 110 25000
5 9 123 25000
5 10 116 25000
5 11 112 25000
5 12 133 25000
5 13 74 25000
5 14 61 25000
5 15 78 25000
5 16 77 25000
5 17 96 25000
5 18 83 25000
5 19 83 25000
5 20 80 25000
5 21 95 25000
5 22 84 25000
5 23 86 25000
5 24 82 25000
5 25 97 25000
5 26 86 25000
5 27 81 25000
5 28 82 25000
5 29 82 25000
5 30 89 25000
5 31 91 25000
5 32 84 25000
5 33 76 25000
5 34 95 25000
5 35 80 25000
5 36 85 25000
5 37 82 25000
5 38 72 25000
5 39 76 25000
5 40 81 25000
5 41 91 25000
5 42 77 25000
5 43 63 25000
5 44 73 25000
5 45 86 25000
5 46 96 25000
5 47 82 25000
5 48 94 25000
5 49 84 25000
5 50 79 25000
5 51 81 25000
6 7 116 25000
6 8 108 25000
6 9 99 25000
6 10 116 25000
6 11 129 25000
6 12 119 25000
6 13 82 25000
6 14 82 25000
6 15 64 25000
6 16 71 25000
6 17 67 25000
6 18 73 25000
6 19 77 25000
6 20 69 25000
6 21 80 25000
6 22 95 25000
6 23 62 25000
6 24 75 25000
6 25 77 25000
6 26 80 25000
6 27 83 25000
6 28 77 25000
6 29 67 25000
6 30 73 25000
6 31 69 25000
6 32 85 25000
6 33 75 25000
6 34 75 25000
6 35 85 25000
6 36 90 25000
6 37 69 25000
6 38 71 25000
6 39 79 25000
6 40 73 25000
6 41 73 25000
6 42 91 25000
6 43 84 25000
6 44 75 25000
6 45 73 25000
6 46 77 25000
6 47 68 25000
6 48 67 25000
6 49 87 25000
6 50 79 25000
6 51 94 25000
7 8 122 25000
7 9 131 25000
7 10 115 25000
7 11 132 25000
7 12 124 25000
7 13 75 25000
7 14 61 25000
7 15 61 25000
7 16 77 25000
7 17 80 25000
7 18 62 25000
7 19 69 25000
7 20 83 25000
7 21 77 25000
7 22 80 25000
7 23 79 25000
7 24 89 25000
7 25 74 25000
7 26 76 25000
7 27 77 25000
7 28 84 25000
7 29 97 25000
7 30 85 25000
7 31 80 25000
7 32 77 25000
7 33 73 25000
7 34 83 25000
7 35 78 25000
7 36 87 25000
7 37 85 25000
7 38 83 25000
7 39 75 25000
7 40 77 25000
7 41 77 25000
7 42 83 25000
7 43 86 25000
7 44 83 25000
7 45 82 25000
7 46 80 25000
7 47 104 25000
7 48 61 25000
7 49 70 25000
7 50 75 25000
7 51 76 25000
8 9 123 25000
8 10 116 25000
8 11 112 25000
8 12 133 25000
8 13 68 25000
8 14 84 25000
8 15 102 25000
8 16 68 25000
8 17 73 25000
8 18 83 25000
8 19 75 25000
8 20 69 25000
8 21 60 25000
8 22 82 25000
8 23 69 25000
8 24 85 25000
8 25 60 25000
8 26 76 25000
8 27 78 25000
8 28 77 25000
8 29 92 25000
8 30 82 25000
8 31 70 25000
8 32 77 25000
8 33 92 25000
8 34 76 25000
8 35 79 25000
8 36 78 25000
8 37 92 25000
8 38 72 25000
8 39 67 25000
8 40 90 25000
8 41 69 25000
8 42 88 25000
8 43 64 25000
8 44 85 25000
8 45 89 25000
8 46 80 25000
8 47 83 25000
8 48 82 25000
8 49 74 25000
8 50 89 25000
8 51 79 25000
9 10 138 25000
9 11 127 25000
9 12 157 25000
9 13 78 25000
9 14 85 25000
9 15 95 25000
9 16 77 25000
9 17 82 25000
9 18 73 25000
9 19 99 25000
9 20 73 25000
9 21 90 25000
9 22 89 25000
9 23 86 25000
9 24 94 25000
9 25 82 25000
9 26 74 25000
9 27 79 25000
9 28 89 25000
9 29 91 25000
9 30 90 25000
9 31 71 25000
9 32 79 25000
9 33 83 25000
9 34 102 25000
9 35 91 25000
9 36 83 25000
9 37 70 25000
9 38 71 25000
9 39 98 25000
9 40 74 25000
9 41 94 25000
9 42 87 25000
9 43 77 25000
9 44 77 25000
9 45 83 25000
9 46 100 25000
9 47 88 25000
9 48 94 25000
9 49 88 25000
9 50 93 25000
9 51 95 25000
10 11 120 25000
10 12 115 25000
10 13 85 25000
10 14 83 25000
10 15 82 25000
10 16 87 25000
10 17 70 25000
10 18 88 25000
10 19 91 25000
10 20 61 25000
10 21 89 25000
10 22 84 25000
10 23 79 25000
10 24 95 25000
10 25 87 25000
10 26 81 25000
10 27 80 25000
10 28 89 25000
10 29 75 25000
10 30 86 25000
10 31 80 25000
10 32 78 25000
10 33 91 25000
10 34 89 25000
10 35 72 25000
10 36 83 25000
10 37 64 25000
10 38 88 25000
10 39 61 25000
10 40 69 25000
10 41 97 25000
10 42 80 25000
10 43 75 25000
10 44 79 25000
10 45 85 25000
10 46 87 25000
10 47 67 25000
10 48 75 25000
10 49 71 25000
10 50 79 25000
10 51 71 25000
11 12 132 25000
11 13 66 25000
11 14 72 25000
11 15 78 25000
11 16 72 25000
11 17 87 25000
11 18 79 25000
11 19 76 25000
11 20 84 25000
11 21 88 25000
11 22 80 25000
11 23 96 25000
11 24 76 25000
11 25 77 25000
11 26 75 25000
11 27 75 25000
11 28 83 25000
11 29 71 25000
11 30 88 25000
11 31 81 25000
11 32 80 25000
11 33 89 25000
11 34 84 25000
11 35 74 25000
11 36 86 25000
11 37 78 25000
11 38 79 25000
11 39 80 25000
11 40 84 25000
11 41 77 25000
11 42 85 25000
11 43 91 25000
11 44 80 25000
11 45 79 25000
11 46 88 25000
11 47 90 25000
11 48 84 25000
11 49 81 25000
11 50 86 25000
11 51 74 25000
12 13 119 25000
12 14 134 25000
12 15 108 25000
12 16 112 25000
12 17 147 25000
12 18 141 25000
12 19 117 25000
12 20 128 25000
12 21 130 25000
12 22 134 25000
12 23 141 25000
12 24 150 25000
12 25 135 25000
12 26 125 25000
12 27 125 25000
12 28 112 25000
12 29 119 25000
12 30 141 25000
12 31 114 25000
12 32 127 25000
12 33 142 25000
12 34 135 25000
12 35 130 25000
12 36 129 25000
12 37 137 25000
12 38 135 25000
12 39 146 25000
12 40 133 25000
12 41 129 25000
12 42 141 25000
12 43 124 25000
12 44 143 25000
12 45 126 25000
12 46 131 25000
12 47 144 25000
12 48 135 25000
12 49 107 25000
12 50 139 25000
12 51 140 25000
13 14 80 25000
13 15 76 25000
13 16 75 25000
13 17 84 25000
13 18 84 25000
13 19 75 25000
13 20 81 25000
13 21 72 25000
13 22 80 25000
13 23 79 25000
13 24 96 25000
13 25 88 25000
13 26 104 25000
13 27 88 25000
13 28 93 25000
13 29 74 25000
13 30 87 25000
13 31 89 25000
13 32 62 25000
13 33 88 25000
13 34 90 25000
13 35 70 25000
13 36 97 25000
13 37 89 25000
13 38 95 25000
13 39 104 25000
13 40 67 25000
13 41 83 25000
13 42 79 25000
13 43 82 25000
13 44 69 25000
13 45 69 25000
13 46 65 25000
13 47 77 25000
13 48 86 25000
13 49 72 25000
13 50 96 25000
13 51 66 25000
14 15 80 25000
14 16 67 25000
14 17 71 25000
14 18 75 25000
14 19 75 25000
14 20 85 25000
14 21 75 25000
14 22 87 25000
14 23 84 25000
14 24 94 25000
14 25 66 25000
14 26 68 25000
14 27 87 25000
14 28 70 25000
14 29 96 25000
14 30 72 25000
14 31 77 25000
14 32 85 25000
14 33 95 25000
14 34 94 25000
14 35 98 25000
14 36 61 25000
14 37 71 25000
14 38 73 25000
14 39 78 25000
14 40 73 25000
14 41 95 25000
14 42 89 25000
14 43 77 25000
14 44 96 25000
14 45 80 25000
14 46 67 25000
14 47 73 25000
14 48 67 25000
14 49 94 25000
14 50 86 25000
14 51 91 25000
15 16 71 25000
15 17 67 25000
15 18 78 25000
15 19 80 25000
15 20 78 25000
15 21 106 25000
15 22 90 25000
15 23 75 25000
15 24 78 25000
15 25 97 25000
15 26 75 25000
15 27 102 25000
15 28 74 25000
15 29 67 25000
15 30 72 25000
15 31 81 25000
15 32 89 25000
15 33 74 25000
15 34 84 25000
15 35 85 25000
15 36 83 25000
15 37 85 25000
15 38 85 25000
15 39 82 25000
15 40 68 25000
15 41 92 25000
15 42 79 25000
15 43 68 25000
15 44 67 25000
15 45 74 25000
15 46 74 25000
15 47 86 25000
15 48 104 25000
15 49 84 25000
15 50 87 25000
15 51 79 25000
16 17 87 25000
16 18 67 25000
16 19 87 25000
16 20 96 25000
16 21 83 25000
16 22 86 25000
16 23 83 25000
16 24 83 25000
16 25 82 25000
16 26 81 25000
16 27 58 25000
16 28 79 25000
16 29 63 25000
16 30 100 25000
16 31 88 25000
16 32 99 25000
16 33 99 25000
16 34 87 25000
16 35 83 25000
16 36 93 25000
16 37 93 25000
16 38 85 25000
16 39 89 25000
16 40 81 25000
16 41 75 25000
16 42 78 25000
16 43 81 25000
16 44 94 25000
16 45 74 25000
16 46 65 25000
16 47 102 25000
16 48 79 25000
16 49 71 25000
16 50 78 25000
16 51 85 25000
17 18 75 25000
17 19 76 25000
17 20 96 25000
17 21 84 25000
17 22 91 25000
17 23 83 25000
17 24 94 25000
17 25 92 25000
17 26 88 25000
17 27 75 25000
17 28 84 25000
17 29 82 25000
17 30 80 25000
17 31 79 25000
17 32 71 25000
17 33 88 25000
17 34 73 25000
17 35 98 25000
17 36 79 25000
17 37 95 25000
17 38 84 25000
17 39 86 25000
17 40 95 25000
17 41 83 25000
17 42 80 25000
17 43 77 25000
17 44 86 25000
17 45 83 25000
17 46 104 25000
17 47 76 25000
17 48 76 25000
17 49 84 25000
17 50 96 25000
17 51 90 25000
18 19 52 25000
18 20 85 25000
18 21 67 25000
18 22 82 25000
18 23 79 25000
18 24 114 25000
18 25 81 25000
18 26 73 25000
18 27 77 25000
18 28 86 25000
18 29 91 25000
18 30 84 25000
18 31 91 25000
18 32 85 25000
18 33 70 25000
18 34 77 25000
18 35 74 25000
18 36 81 25000
18 37 79 25000
18 38 90 25000
18 39 87 25000
18 40 96 25000
18 41 93 25000
18 42 66 25000
18 43 83 25000
18 44 78 25000
18 45 105 25000
18 46 70 25000
18 47 89 25000
18 48 84 25000
18 49 90 25000
18 50 71 25000
18 51 75 25000
19 20 84 25000
19 21 77 25000
19 22 80 25000
19 23 78 25000
19 24 79 25000
19 25 67 25000
19 26 93 25000
19 27 80 25000
19 28 83 25000
19 29 75 25000
19 30 82 25000
19 31 85 25000
19 32 83 25000
19 33 85 25000
19 34 82 25000
19 35 66 25000
19 36 82 25000
19 37 87 25000
19 38 68 25000
19 39 75 25000
19 40 83 25000
19 41 72 25000
19 42 68 25000
19 43 78 25000
19 44 84 25000
19 45 80 25000
19 46 79 25000
19 47 76 25000
19 48 85 25000
19 49 83 25000
19 50 95 25000
19 51 82 25000
20 21 86 25000
20 22 83 25000
20 23 94 25000
20 24 67 25000
20 25 91 25000
20 26 89 25000
20 27 78 25000
20 28 85 25000
20 29 79 25000
20 30 75 25000
20 31 84 25000
20 32 72 25000
20 33 77 25000
20 34 88 25000
20 35 93 25000
20 36 87 25000
20 37 84 25000
20 38 86 25000
20 39 67 25000
20 40 82 25000
20 41 79 25000
20 42 73 25000
20 43 107 25000
20 44 85 25000
20 45 88 25000
20 46 73 25000
20 47 86 25000
20 48 73 25000
20 49 92 25000
20 50 100 25000
20 51 66 25000
21 22 79 25000
21 23 87 25000
21 24 110 25000
21 25 70 25000
21 26 76 25000
21 27 86 25000
21 28 81 25000
21 29 78 25000
21 30 93 25000
21 31 103 25000
21 32 80 25000
21 33 94 25000
21 34 87 25000
21 35 68 25000
21 36 93 25000
21 37 85 25000
21 38 91 25000
21 39 85 25000
21 40 96 25000
21 41 78 25000
21 42 95 25000
21 43 71 25000
21 44 83 25000
21 45 96 25000
21 46 84 25000
21 47 79 25000
21 48 90 25000
21 49 79 25000
21 50 78 25000
21 51 79 25000
22 23 80 25000
22 24 90 25000
22 25 92 25000
22 26 85 25000
22 27 89 25000
22 28 71 25000
22 29 80 25000
22 30 84 25000
22 31 102 25000
22 32 102 25000
22 33 82 25000
22 34 73 25000
22 35 79 25000
22 36 102 25000
22 37 79 25000
22 38 88 25000
22 39 79 25000
22 40 88 25000
22 41 95 25000
22 42 99 25000
22 43 86 25000
22 44 92 25000
22 45 70 25000
22 46 86 25000
22 47 80 25000
22 48 81 25000
22 49 57 25000
22 50 70 25000
22 51 80 25000
23 24 94 25000
23 25 83 25000
23 26 72 25000
23 27 93 25000
23 28 66 25000
23 29 104 25000
23 30 115 25000
23 31 73 25000
23 32 76 25000
23 33 78 25000
23 34 97 25000
23 35 94 25000
23 36 75 25000
23 37 83 25000
23 38 79 25000
23 39 98 25000
23 40 98 25000
23 41 78 25000
23 42 88 25000
23 43 75 25000
23 44 74 25000
23 45 98 25000
23 46 82 25000
23 47 85 25000
23 48 82 25000
23 49 78 25000
23 50 80 25000
23 51 91 25000
24 25 87 25000
24 26 95 25000
24 27 94 25000
24 28 61 25000
24 29 79 25000
24 30 63 25000
24 31 96 25000
24 32 93 25000
24 33 90 25000
24 34 84 25000
24 35 84 25000
24 36 98 25000
24 37 84 25000
24 38 91 25000
24 39 96 25000
24 40 98 25000
24 41 86 25000
24 42 95 25000
24 43 88 25000
24 44 96 25000
24 45 85 25000
24 46 77 25000
24 47 82 25000
24 48 95 25000
24 49 77 25000
24 50 97 25000
24 51 98 25000
25 26 95 25000
25 27 97 25000
25 28 81 25000
25 29 73 25000
25 30 96 25000
25 31 67 25000
25 32 89 25000
25 33 79 25000
25 34 83 25000
25 35 81 25000
25 36 79 25000
25 37 75 25000
25 38 115 25000
25 39 73 25000
25 40 69 25000
25 41 82 25000
25 42 77 25000
25 43 85 25000
25 44 87 25000
25 45 88 25000
25 46 86 25000
25 47 75 25000
25 48 81 25000
25 49 76 25000
25 50 72 25000
25 51 106 25000
26 27 97 25000
26 28 81 25000
26 29 79 25000
26 30 91 25000
26 31 86 25000
26 32 75 25000
26 33 78 25000
26 34 85 25000
26 35 96 25000
26 36 79 25000
26 37 81 25000
26 38 79 25000
26 39 87 25000
26 40 83 25000
26 41 72 25000
26 42 79 25000
26 43 90 25000
26 44 101 25000
26 45 89 25000
26 46 86 25000
26 47 75 25000
26 48 86 25000
26 49 72 25000
26 50 69 25000
26 51 88 25000
27 28 85 25000
27 29 74 25000
27 30 66 25000
27 31 78 25000
27 32 87 25000
27 33 70 25000
27 34 82 25000
27 35 79 25000
27 36 76 25000
27 37 96 25000
27 38 83 25000
27 39 114 25000
27 40 86 25000
27 41 69 25000
27 42 75 25000
27 43 101 25000
27 44 89 25000
27 45 64 25000
27 46 80 25000
27 47 83 25000
27 48 64 25000
27 49 81 25000
27 50 57 25000
27 51 83 25000
28 29 87 25000
28 30 87 25000
28 31 95 25000
28 32 78 25000
28 33 69 25000
28 34 92 25000
28 35 82 25000
28 36 81 25000
28 37 75 25000
28 38 65 25000
28 39 83 25000
28 40 95 25000
28 41 83 25000
28 42 74 25000
28 43 77 25000
28 44 77 25000
28 45 76 25000
28 46 105 25000
28 47 75 25000
28 48 67 25000
28 49 92 25000
28 50 86 25000
28 51 87 25000
29 30 86 25000
29 31 78 25000
29 32 69 25000
29 33 88 25000
29 34 72 25000
29 35 76 25000
29 36 69 25000
29 37 81 25000
29 38 99 25000
29 39 79 25000
29 40 104 25000
29 41 81 25000
29 42 99 25000
29 43 77 25000
29 44 104 25000
29 45 77 25000
29 46 85 25000
29 47 81 25000
29 48 84 25000
29 49 90 25000
29 50 83 25000
29 51 94 25000
30 31 97 25000
30 32 58 25000
30 33 76 25000
30 34 95 25000
30 35 73 25000
30 36 82 25000
30 37 77 25000
30 38 82 25000
30 39 103 25000
30 40 87 25000
30 41 96 25000
30 42 97 25000
30 43 73 25000
30 44 90 25000
30 45 78 25000
30 46 80 25000
30 47 106 25000
30 48 82 25000
30 49 88 25000
30 50 73 25000
30 51 66 25000
31 32 81 25000
31 33 81 25000
31 34 75 25000
31 35 79 25000
31 36 88 25000
31 37 84 25000
31 38 85 25000
31 39 71 25000
31 40 80 25000
31 41 106 25000
31 42 73 25000
31 43 95 25000
31 44 104 25000
31 45 70 25000
31 46 74 25000
31 47 91 25000
31 48 88 25000
31 49 85 25000
31 50 63 25000
31 51 89 25000
32 33 73 25000
32 34 81 25000
32 35 74 25000
32 36 74 25000
32 37 83 25000
32 38 88 25000
32 39 62 25000
32 40 80 25000
32 41 75 25000
32 42 90 25000
32 43 72 25000
32 44 81 25000
32 45 69 25000
32 46 80 25000
32 47 84 25000
32 48 97 25000
32 49 89 25000
32 50 78 25000
32 51 85 25000
33 34 89 25000
33 35 67 25000
33 36 90 25000
33 37 86 25000
33 38 79 25000
33 39 81 25000
33 40 76 25000
33 41 73 25000
33 42 100 25000
33 43 74 25000
33 44 78 25000
33 45 85 25000
33 46 93 25000
33 47 82 25000
33 48 91 25000
33 49 74 25000
33 50 104 25000
33 51 84 25000
34 35 66 25000
34 36 95 25000
34 37 96 25000
34 38 79 25000
34 39 79 25000
34 40 93 25000
34 41 103 25000
34 42 72 25000
34 43 85 25000
34 44 84 25000
34 45 89 25000
34 46 83 25000
34 47 73 25000
34 48 66 25000
34 49 88 25000
34 50 90 25000
34 51 87 25000
35 36 86 25000
35 37 79 25000
35 38 80 25000
35 39 91 25000
35 40 103 25000
35 41 86 25000
35 42 77 25000
35 43 90 25000
35 44 89 25000
35 45 63 25000
35 46 85 25000
35 47 75 25000
35 48 73 25000
35 49 81 25000
35 50 78 25000
35 51 92 25000
36 37 65 25000
36 38 72 25000
36 39 88 25000
36 40 88 25000
36 41 82 25000
36 42 91 25000
36 43 78 25000
36 44 85 25000
36 45 80 25000
36 46 80 25000
36 47 79 25000
36 48 78 25000
36 49 83 25000
36 50 100 25000
36 51 93 25000
37 38 91 25000
37 39 94 25000
37 40 67 25000
37 41 84 25000
37 42 73 25000
37 43 96 25000
37 44 101 25000
37 45 85 25000
37 46 78 25000
37 47 72 25000
37 48 80 25000
37 49 82 25000
37 50 85 25000
37 51 79 25000
38 39 90 25000
38 40 100 25000
38 41 94 25000
38 42 88 25000
38 43 89 25000
38 44 86 25000
38 45 90 25000
38 46 64 25000
38 47 83 25000
38 48 66 25000
38 49 72 25000
38 50 80 25000
38 51 113 25000
39 40 81 25000
39 41 84 25000
39 42 100 25000
39 43 73 25000
39 44 83 25000
39 45 76 25000
39 46 77 25000
39 47 70 25000
39 48 85 25000
39 49 84 25000
39 50 82 25000
39 51 97 25000
40 41 80 25000
40 42 84 25000
40 43 88 25000
40 44 66 25000
40 45 85 25000
40 46 75 25000
40 47 70 25000
40 48 88 25000
40 49 72 25000
40 50 88 25000
40 51 103 25000
41 42 90 25000
41 43 95 25000
41 44 88 25000
41 45 72 25000
41 46 103 25000
41 47 85 25000
41 48 81 25000
41 49 82 25000
41 50 75 25000
41 51 102 25000
42 43 91 25000
42 44 92 25000
42 45 91 25000
42 46 94 25000
42 47 89 25000
42 48 79 25000
42 49 81 25000
42 50 88 25000
42 51 92 25000
43 44 69 25000
43 45 79 25000
43 46 81 25000
43 47 95 25000
43 48 99 25000
43 49 98 25000
43 50 66 25000
43 51 74 25000
44 45 77 25000
44 46 77 25000
44 47 81 25000
44 48 83 25000
44 49 91 25000
44 50 93 25000
44 51 72 25000
45 46 79 25000
45 47 75 25000
45 48 82 25000
45 49 73 25000
45 50 79 25000
45 51 83 25000
46 47 88 25000
46 48 98 25000
46 49 78 25000
46 50 90 25000
46 51 89 25000
47 48 98 25000
47 49 83 25000
47 50 88 25000
47 51 88 25000
48 49 82 25000
48 50 79 25000
48 51 81 25000
49 50 75 25000
49 51 97 25000
50 51 77 25000
