0 1 135 25000
0 2 112 25000
0 3 140 25000
0 4 110 25000
0 5 123 25000
0 6 108 25000
0 7 123 25000
0 8 124 25000
0 9 135 25000
0 10 129 25000
0 11 145 25000
0 12 129 25000
0 13 82 25000
0 14 79 25000
0 15 88 25000
0 16 83 25000
0 17 88 25000
0 18 74 25000
0 19 84 25000
0 20 65 25000
0 21 75 25000
0 22 58 25000
0 23 88 25000
0 24 66 25000
0 25 89 25000
0 26 67 25000
0 27 84 25000
0 28 76 25000
0 29 87 25000
0 30 100 25000
0 31 94 25000
0 32 78 25000
0 33 78 25000
0 34 91 25000
0 35 91 25000
0 36 81 25000
0 37 86 25000
0 38 93 25000
0 39 69 25000
0 40 93 25000
0 41 82 25000
0 42 84 25000
0 43 87 25000
0 44 84 25000
0 45 67 25000
0 46 85 25000
0 47 85 25000
0 48 77 25000
0 49 81 25000
0 50 71 25000
0 51 85 25000
1 2 112 25000
1 3 135 25000
1 4 128 25000
1 5 129 25000
1 6 120 25000
1 7 108 25000
1 8 137 25000
1 9 120 25000
1 10 142 25000
1 11 131 25000
1 12 126 25000
1 13 85 25000
1 14 61 25000
1 15 81 25000
1 16 80 25000
1 17 65 25000
1 18 82 25000
1 19 88 25000
1 20 85 25000
1 21 85 25000
1 22 97 25000
1 23 73 25000
1 24 83 25000
1 25 79 25000
1 26 70 25000
1 27 105 25000
1 28 79 25000
1 29 73 25000
1 30 84 25000
1 31 75 25000
1 32 75 25000
1 33 78 25000
1 34 76 25000
1 35 87 25000
1 36 83 25000
1 37 76 25000
1 38 109 25000
1 39 77 25000
1 40 70 25000
1 41 76 25000
1 42 88 25000
1 43 81 25000
1 44 71 25000
1 45 70 25000
1 46 76 25000
1 47 85 25000
1 48 66 25000
1 49 79 25000
1 50 77 25000
1 51 76 25000
2 3 136 25000
2 4 120 25000
2 5 127 25000
2 6 136 25000
2 7 134 25000
2 8 119 25000
2 9 145 25000
2 10 120 25000
2 11 128 25000
2 12 111 25000
2 13 78 25000
2 14 76 25000
2 15 86 25000
2 16 82 25000
2 17 82 25000
2 18 74 25000
2 19 74 25000
2 20 78 25000
2 21 91 25000
2 22 80 25000
2 23 62 25000
2 24 77 25000
2 25 90 25000
2 26 80 25000
2 27 88 25000
2 28 79 25000
2 29 69 25000
2 30 84 25000
2 31 74 25000
2 32 91 25000
2 33 94 25000
2 34 87 25000
2 35 86 25000
2 36 91 25000
2 37 61 25000
2 38 71 25000
2 39 66 25000
2 40 68 25000
2 41 76 25000
2 42 86 25000
2 43 85 25000
2 44 79 25000
2 45 80 25000
2 46 84 25000
2 47 80 25000
2 48 84 25000
2 49 79 25000
2 50 68 25000
2 51 93 25000
3 4 139 25000
3 5 146 25000
3 6 118 25000
3 7 141 25000
3 8 119 25000
3 9 147 25000
3 10 134 25000
3 11 130 25000
3 12 118 25000
3 13 88 25000
3 14 73 25000
3 15 76 25000
3 16 87 25000
3 17 87 25000
3 18 71 25000
3 19 88 25000
3 20 68 25000
3 21 89 25000
3 22 89 25000
3 23 88 25000
3 24 79 25000
3 25 78 25000
3 26 97 25000
3 27 64 25000
3 28 78 25000
3 29 76 25000
3 30 70 25000
3 31 80 25000
3 32 81 25000
3 33 74 25000
3 34 68 25000
3 35 82 25000
3 36 85 25000
3 37 86 25000
3 38 89 25000
3 39 65 25000
3 40 78 25000
3 41 84 25000
3 42 65 25000
3 43 74 25000
3 44 71 25000
3 45 83 25000
3 46 79 25000
3 47 83 25000
3 48 82 25000
3 49 77 25000
3 50 79 25000
3 51 93 25000
4 5 137 25000
4 6 119 25000
4 7 121 25000
4 8 111 25000
4 9 139 25000
4 10 128 25000
4 11 138 25000
4 12 125 25000
4 13 82 25000
4 14 75 25000
4 15 77 25000
4 16 81 25000
4 17 92 25000
4 18 84 25000
4 19 69 25000
4 20 95 25000
4 21 77 25000
4 22 89 25000
4 23 68 25000
4 24 86 25000
4 25 67 25000
4 26 82 25000
4 27 66 25000
4 28 103 25000
4 29 88 25000
4 30 76 25000
4 31 87 25000
4 32 85 25000
4 33 70 25000
4 34 74 25000
4 35 90 25000
4 36 77 25000
4 37 68 25000
4 38 86 25000
4 39 75 25000
4 40 83 25000
4 41 69 25000
4 42 79 25000
4 43 82 25000
4 44 77 25000
4 45 76 25000
4 46 72 25000
4 47 67 25000
4 48 76 25000
4 49 89 25000
4 50 74 25000
4 51 83 25000
5 6 121 25000
5 7 134 25000
5 8 113 25000
5 9 127 25000
5 10 121 25000
5 11 144 25000
5 12 125 25000
5 13 82 25000
5 14 72 25000
5 15 89 25000
5 16 77 25000
5 17 79 25000
5 18 77 25000
5 19 68 25000
5 20 71 25000
5 21 67 25000
5 22 82 25000
5 23 85 25000
5 24 66 25000
5 25 70 25000
5 26 90 25000
5 27 71 25000
5 28 88 25000
5 29 86 25000
5 30 75 25000
5 31 94 25000
5 32 74 25000
5 33 70 25000
5 34 90 25000
5 35 70 25000
5 36 87 25000
5 37 102 25000
5 38 89 25000
5 39 85 25000
5 40 92 25000
5 41 78 25000
5 42 80 25000
5 43 79 25000
5 44 83 25000
5 45 90 25000
5 46 89 25000
5 47 83 25000
5 48 89 25000
5 49 89 25000
5 50 64 25000
5 51 86 25000
6 7 121 25000
6 8 143 25000
6 9 137 25000
6 10 140 25000
6 11 123 25000
6 12 150 25000
6 13 77 25000
6 14 81 25000
6 15 69 25000
6 16 75 25000
6 17 89 25000
6 18 76 25000
6 19 81 25000
6 20 63 25000
6 21 112 25000
6 22 70 25000
6 23 77 25000
6 24 77 25000
6 25 83 25000
6 26 84 25000
6 27 84 25000
6 28 92 25000
6 29 65 25000
6 30 68 25000
6 31 74 25000
6 32 78 25000
6 33 82 25000
6 34 83 25000
6 35 91 25000
6 36 76 25000
6 37 95 25000
6 38 71 25000
6 39 65 25000
6 40 77 25000
6 41 69 25000
6 42 90 25000
6 43 77 25000
6 44 74 25000
6 45 76 25000
6 46 70 25000
6 47 80 25000
6 48 73 25000
6 49 90 25000
6 50 72 25000
6 51 60 25000
7 8 129 25000
7 9 145 25000
7 10 134 25000
7 11 136 25000
7 12 147 25000
7 13 84 25000
7 14 94 25000
7 15 89 25000
7 16 92 25000
7 17 68 25000
7 18 75 25000
7 19 79 25000
7 20 78 25000
7 21 83 25000
7 22 82 25000
7 23 80 25000
7 24 72 25000
7 25 72 25000
7 26 90 25000
7 27 64 25000
7 28 106 25000
7 29 80 25000
7 30 86 25000
7 31 77 25000
7 32 60 25000
7 33 78 25000
7 34 68 25000
7 35 76 25000
7 36 87 25000
7 37 82 25000
7 38 102 25000
7 39 87 25000
7 40 71 25000
7 41 67 25000
7 42 67 25000
7 43 68 25000
7 44 93 25000
7 45 92 25000
7 46 71 25000
7 47 74 25000
7 48 75 25000
7 49 80 25000
7 50 90 25000
7 51 75 25000
8 9 131 25000
8 10 140 25000
8 11 109 25000
8 12 121 25000
8 13 89 25000
8 14 93 25000
8 15 85 25000
8 16 83 25000
8 17 91 25000
8 18 80 25000
8 19 79 25000
8 20 67 25000
8 21 68 25000
8 22 88 25000
8 23 61 25000
8 24 73 25000
8 25 71 25000
8 26 72 25000
8 27 91 25000
8 28 93 25000
8 29 81 25000
8 30 80 25000
8 31 102 25000
8 32 80 25000
8 33 89 25000
8 34 81 25000
8 35 87 25000
8 36 82 25000
8 37 72 25000
8 38 74 25000
8 39 86 25000
8 40 73 25000
8 41 85 25000
8 42 84 25000
8 43 71 25000
8 44 60 25000
8 45 85 25000
8 46 75 25000
8 47 71 25000
8 48 77 25000
8 49 89 25000
8 50 71 25000
8 51 84 25000
9 10 137 25000
9 11 137 25000
9 12 134 25000
9 13 92 25000
9 14 82 25000
9 15 97 25000
9 16 80 25000
9 17 92 25000
9 18 73 25000
9 19 80 25000
9 20 70 25000
9 21 81 25000
9 22 82 25000
9 23 87 25000
9 24 83 25000
9 25 90 25000
9 26 85 25000
9 27 90 25000
9 28 91 25000
9 29 83 25000
9 30 81 25000
9 31 88 25000
9 32 92 25000
9 33 89 25000
9 34 87 25000
9 35 75 25000
9 36 92 25000
9 37 78 25000
9 38 82 25000
9 39 83 25000
9 40 67 25000
9 41 86 25000
9 42 83 25000
9 43 91 25000
9 44 72 25000
9 45 82 25000
9 46 73 25000
9 47 95 25000
9 48 76 25000
9 49 75 25000
9 50 61 25000
9 51 88 25000
10 11 136 25000
10 12 140 25000
10 13 86 25000
10 14 88 25000
10 15 79 25000
10 16 91 25000
10 17 79 25000
10 18 85 25000
10 19 79 25000
10 20 83 25000
10 21 87 25000
10 22 88 25000
10 23 88 25000
10 24 77 25000
10 25 72 25000
10 26 82 25000
10 27 74 25000
10 28 81 25000
10 29 81 25000
10 30 83 25000
10 31 85 25000
10 32 94 25000
10 33 92 25000
10 34 85 25000
10 35 82 25000
10 36 89 25000
10 37 75 25000
10 38 88 25000
10 39 75 25000
10 40 76 25000
10 41 83 25000
10 42 75 25000
10 43 89 25000
10 44 100 25000
10 45 84 25000
10 46 93 25000
10 47 66 25000
10 48 78 25000
10 49 106 25000
10 50 71 25000
10 51 103 25000
11 12 128 25000
11 13 75 25000
11 14 76 25000
11 15 89 25000
11 16 89 25000
11 17 91 25000
11 18 69 25000
11 19 97 25000
11 20 79 25000
11 21 82 25000
11 22 83 25000
11 23 75 25000
11 24 69 25000
11 25 81 25000
11 26 89 25000
11 27 88 25000
11 28 77 25000
11 29 77 25000
11 30 110 25000
11 31 108 25000
11 32 85 25000
11 33 78 25000
11 34 96 25000
11 35 87 25000
11 36 102 25000
11 37 63 25000
11 38 77 25000
11 39 70 25000
11 40 70 25000
11 41 83 25000
11 42 71 25000
11 43 72 25000
11 44 73 25000
11 45 84 25000
11 46 81 25000
11 47 89 25000
11 48 78 25000
11 49 87 25000
11 50 79 25000
11 51 95 25000
12 13 77 25000
12 14 82 25000
12 15 82 25000
12 16 76 25000
12 17 90 25000
12 18 83 25000
12 19 87 25000
12 20 87 25000
12 21 107 25000
12 22 81 25000
12 23 80 25000
12 24 78 25000
12 25 74 25000
12 26 73 25000
12 27 104 25000
12 28 91 25000
12 29 91 25000
12 30 89 25000
12 31 87 25000
12 32 84 25000
12 33 78 25000
12 34 79 25000
12 35 103 25000
12 36 93 25000
12 37 79 25000
12 38 82 25000
12 39 84 25000
12 40 77 25000
12 41 71 25000
12 42 90 25000
12 43 84 25000
12 44 77 25000
12 45 87 25000
12 46 84 25000
12 47 81 25000
12 48 86 25000
12 49 74 25000
12 50 87 25000
12 51 87 25000
13 14 132 25000
13 15 126 25000
13 16 137 25000
13 17 112 25000
13 18 136 25000
13 19 138 25000
13 20 141 25000
13 21 122 25000
13 22 126 25000
13 23 148 25000
13 24 139 25000
13 25 118 25000
13 26 83 25000
13 27 69 25000
13 28 73 25000
13 29 83 25000
13 30 84 25000
13 31 86 25000
13 32 100 25000
13 33 98 25000
13 34 78 25000
13 35 89 25000
13 36 84 25000
13 37 65 25000
13 38 99 25000
13 39 90 25000
13 40 100 25000
13 41 92 25000
13 42 98 25000
13 43 88 25000
13 44 81 25000
13 45 92 25000
13 46 82 25000
13 47 82 25000
13 48 100 25000
13 49 81 25000
13 50 93 25000
13 51 71 25000
14 15 131 25000
14 16 137 25000
14 17 124 25000
14 18 132 25000
14 19 119 25000
14 20 137 25000
14 21 119 25000
14 22 130 25000
14 23 98 25000
14 24 127 25000
14 25 113 25000
14 26 81 25000
14 27 79 25000
14 28 82 25000
14 29 91 25000
14 30 94 25000
14 31 61 25000
14 32 80 25000
14 33 81 25000
14 34 75 25000
14 35 86 25000
14 36 75 25000
14 37 88 25000
14 38 65 25000
14 39 82 25000
14 40 73 25000
14 41 90 25000
14 42 82 25000
14 43 92 25000
14 44 75 25000
14 45 74 25000
14 46 78 25000
14 47 78 25000
14 48 80 25000
14 49 83 25000
14 50 84 25000
14 51 79 25000
15 16 133 25000
15 17 143 25000
15 18 134 25000
15 19 125 25000
15 20 129 25000
15 21 124 25000
15 22 132 25000
15 23 141 25000
15 24 128 25000
15 25 121 25000
15 26 69 25000
15 27 77 25000
15 28 92 25000
15 29 76 25000
15 30 89 25000
15 31 77 25000
15 32 76 25000
15 33 75 25000
15 34 84 25000
15 35 88 25000
15 36 83 25000
15 37 79 25000
15 38 82 25000
15 39 92 25000
15 40 80 25000
15 41 90 25000
15 42 97 25000
15 43 95 25000
15 44 92 25000
15 45 96 25000
15 46 93 25000
15 47 85 25000
15 48 93 25000
15 49 92 25000
15 50 97 25000
15 51 81 25000
16 17 118 25000
16 18 125 25000
16 19 143 25000
16 20 142 25000
16 21 139 25000
16 22 143 25000
16 23 165 25000
16 24 124 25000
16 25 145 25000
16 26 73 25000
16 27 60 25000
16 28 87 25000
16 29 82 25000
16 30 99 25000
16 31 75 25000
16 32 98 25000
16 33 100 25000
16 34 105 25000
16 35 92 25000
16 36 100 25000
16 37 80 25000
16 38 90 25000
16 39 96 25000
16 40 92 25000
16 41 85 25000
16 42 89 25000
16 43 81 25000
16 44 96 25000
16 45 89 25000
16 46 92 25000
16 47 89 25000
16 48 95 25000
16 49 81 25000
16 50 75 25000
16 51 89 25000
17 18 132 25000
17 19 141 25000
17 20 122 25000
17 21 117 25000
17 22 126 25000
17 23 123 25000
17 24 108 25000
17 25 149 25000
17 26 74 25000
17 27 85 25000
17 28 83 25000
17 29 85 25000
17 30 85 25000
17 31 99 25000
17 32 79 25000
17 33 91 25000
17 34 92 25000
17 35 75 25000
17 36 76 25000
17 37 76 25000
17 38 58 25000
17 39 76 25000
17 40 89 25000
17 41 89 25000
17 42 69 25000
17 43 96 25000
17 44 91 25000
17 45 108 25000
17 46 97 25000
17 47 62 25000
17 48 97 25000
17 49 92 25000
17 50 73 25000
17 51 90 25000
18 19 145 25000
18 20 129 25000
18 21 125 25000
18 22 133 25000
18 23 130 25000
18 24 134 25000
18 25 124 25000
18 26 78 25000
18 27 74 25000
18 28 77 25000
18 29 81 25000
18 30 86 25000
18 31 74 25000
18 32 84 25000
18 33 72 25000
18 34 82 25000
18 35 84 25000
18 36 101 25000
18 37 82 25000
18 38 90 25000
18 39 94 25000
18 40 77 25000
18 41 77 25000
18 42 71 25000
18 43 91 25000
18 44 94 25000
18 45 71 25000
18 46 89 25000
18 47 93 25000
18 48 85 25000
18 49 87 25000
18 50 89 25000
18 51 88 25000
19 20 137 25000
19 21 117 25000
19 22 146 25000
19 23 129 25000
19 24 114 25000
19 25 130 25000
19 26 90 25000
19 27 94 25000
19 28 67 25000
19 29 86 25000
19 30 71 25000
19 31 82 25000
19 32 90 25000
19 33 66 25000
19 34 67 25000
19 35 77 25000
19 36 88 25000
19 37 66 25000
19 38 79 25000
19 39 74 25000
19 40 73 25000
19 41 86 25000
19 42 79 25000
19 43 74 25000
19 44 61 25000
19 45 89 25000
19 46 93 25000
19 47 77 25000
19 48 77 25000
19 49 76 25000
19 50 71 25000
19 51 81 25000
20 21 147 25000
20 22 120 25000
20 23 126 25000
20 24 128 25000
20 25 115 25000
20 26 90 25000
20 27 88 25000
20 28 71 25000
20 29 73 25000
20 30 82 25000
20 31 78 25000
20 32 69 25000
20 33 81 25000
20 34 73 25000
20 35 83 25000
20 36 85 25000
20 37 80 25000
20 38 77 25000
20 39 83 25000
20 40 96 25000
20 41 82 25000
20 42 89 25000
20 43 96 25000
20 44 92 25000
20 45 73 25000
20 46 68 25000
20 47 85 25000
20 48 91 25000
20 49 74 25000
20 50 63 25000
20 51 88 25000
21 22 132 25000
21 23 127 25000
21 24 130 25000
21 25 123 25000
21 26 83 25000
21 27 73 25000
21 28 75 25000
21 29 77 25000
21 30 77 25000
21 31 86 25000
21 32 80 25000
21 33 79 25000
21 34 83 25000
21 35 76 25000
21 36 88 25000
21 37 83 25000
21 38 75 25000
21 39 88 25000
21 40 79 25000
21 41 73 25000
21 42 101 25000
21 43 92 25000
21 44 68 25000
21 45 82 25000
21 46 85 25000
21 47 65 25000
21 48 83 25000
21 49 75 25000
21 50 81 25000
21 51 75 25000
22 23 154 25000
22 24 127 25000
22 25 144 25000
22 26 86 25000
22 27 76 25000
22 28 83 25000
22 29 80 25000
22 30 74 25000
22 31 82 25000
22 32 94 25000
22 33 87 25000
22 34 77 25000
22 35 73 25000
22 36 77 25000
22 37 93 25000
22 38 90 25000
22 39 77 25000
22 40 91 25000
22 41 76 25000
22 42 98 25000
22 43 78 25000
22 44 104 25000
22 45 92 25000
22 46 85 25000
22 47 97 25000
22 48 78 25000
22 49 107 25000
22 50 81 25000
22 51 91 25000
23 24 123 25000
23 25 120 25000
23 26 93 25000
23 27 74 25000
23 28 77 25000
23 29 83 25000
23 30 78 25000
23 31 80 25000
23 32 76 25000
23 33 63 25000
23 34 80 25000
23 35 83 25000
23 36 84 25000
23 37 84 25000
23 38 80 25000
23 39 83 25000
23 40 86 25000
23 41 64 25000
23 42 72 25000
23 43 81 25000
23 44 86 25000
23 45 73 25000
23 46 84 25000
23 47 92 25000
23 48 79 25000
23 49 97 25000
23 50 77 25000
23 51 74 25000
24 25 126 25000
24 26 82 25000
24 27 77 25000
24 28 83 25000
24 29 83 25000
24 30 63 25000
24 31 83 25000
24 32 75 25000
24 33 83 25000
24 34 62 25000
24 35 75 25000
24 36 63 25000
24 37 80 25000
24 38 82 25000
24 39 77 25000
24 40 88 25000
24 41 77 25000
24 42 74 25000
24 43 78 25000
24 44 87 25000
24 45 84 25000
24 46 86 25000
24 47 80 25000
24 48 86 25000
24 49 79 25000
24 50 74 25000
24 51 68 25000
25 26 81 25000
25 27 78 25000
25 28 97 25000
25 29 68 25000
25 30 86 25000
25 31 81 25000
25 32 92 25000
25 33 79 25000
25 34 85 25000
25 35 83 25000
25 36 86 25000
25 37 69 25000
25 38 63 25000
25 39 68 25000
25 40 65 25000
25 41 75 25000
25 42 79 25000
25 43 77 25000
25 44 90 25000
25 45 80 25000
25 46 81 25000
25 47 85 25000
25 48 103 25000
25 49 92 25000
25 50 72 25000
25 51 100 25000
26 27 112 25000
26 28 117 25000
26 29 117 25000
26 30 109 25000
26 31 116 25000
26 32 117 25000
26 33 128 25000
26 34 126 25000
26 35 133 25000
26 36 130 25000
26 37 141 25000
26 38 124 25000
26 39 75 25000
26 40 78 25000
26 41 75 25000
26 42 71 25000
26 43 91 25000
26 44 86 25000
26 45 77 25000
26 46 67 25000
26 47 68 25000
26 48 88 25000
26 49 75 25000
26 50 68 25000
26 51 79 25000
27 28 134 25000
27 29 127 25000
27 30 115 25000
27 31 136 25000
27 32 116 25000
27 33 113 25000
27 34 126 25000
27 35 136 25000
27 36 141 25000
27 37 113 25000
27 38 140 25000
27 39 71 25000
27 40 77 25000
27 41 55 25000
27 42 72 25000
27 43 81 25000
27 44 82 25000
27 45 77 25000
27 46 84 25000
27 47 85 25000
27 48 71 25000
27 49 74 25000
27 50 79 25000
27 51 66 25000
28 29 126 25000
28 30 133 25000
28 31 119 25000
28 32 145 25000
28 33 131 25000
28 34 144 25000
28 35 144 25000
28 36 110 25000
28 37 106 25000
28 38 130 25000
28 39 77 25000
28 40 76 25000
28 41 80 25000
28 42 79 25000
28 43 95 25000
28 44 75 25000
28 45 92 25000
28 46 70 25000
28 47 83 25000
28 48 78 25000
28 49 70 25000
28 50 67 25000
28 51 78 25000
29 30 119 25000
29 31 121 25000
29 32 136 25000
29 33 140 25000
29 34 112 25000
29 35 123 25000
29 36 126 25000
29 37 116 25000
29 38 136 25000
29 39 67 25000
29 40 86 25000
29 41 78 25000
29 42 70 25000
29 43 73 25000
29 44 81 25000
29 45 86 25000
29 46 77 25000
29 47 82 25000
29 48 72 25000
29 49 72 25000
29 50 73 25000
29 51 95 25000
30 31 143 25000
30 32 131 25000
30 33 134 25000
30 34 142 25000
30 35 129 25000
30 36 129 25000
30 37 131 25000
30 38 132 25000
30 39 73 25000
30 40 76 25000
30 41 89 25000
30 42 80 25000
30 43 85 25000
30 44 79 25000
30 45 76 25000
30 46 62 25000
30 47 85 25000
30 48 77 25000
30 49 90 25000
30 50 95 25000
30 51 77 25000
31 32 142 25000
31 33 132 25000
31 34 136 25000
31 35 127 25000
31 36 132 25000
31 37 121 25000
31 38 134 25000
31 39 91 25000
31 40 88 25000
31 41 65 25000
31 42 87 25000
31 43 72 25000
31 44 73 25000
31 45 71 25000
31 46 69 25000
31 47 76 25000
31 48 67 25000
31 49 52 25000
31 50 71 25000
31 51 82 25000
32 33 144 25000
32 34 130 25000
32 35 110 25000
32 36 137 25000
32 37 116 25000
32 38 129 25000
32 39 76 25000
32 40 74 25000
32 41 83 25000
32 42 83 25000
32 43 87 25000
32 44 66 25000
32 45 95 25000
32 46 72 25000
32 47 76 25000
32 48 63 25000
32 49 79 25000
32 50 71 25000
32 51 90 25000
33 34 148 25000
33 35 139 25000
33 36 132 25000
33 37 125 25000
33 38 137 25000
33 39 79 25000
33 40 71 25000
33 41 79 25000
33 42 81 25000
33 43 86 25000
33 44 83 25000
33 45 82 25000
33 46 70 25000
33 47 60 25000
33 48 79 25000
33 49 89 25000
33 50 79 25000
33 51 85 25000
34 35 123 25000
34 36 142 25000
34 37 108 25000
34 38 139 25000
34 39 74 25000
34 40 81 25000
34 41 73 25000
34 42 80 25000
34 43 72 25000
34 44 86 25000
34 45 96 25000
34 46 88 25000
34 47 69 25000
34 48 81 25000
34 49 88 25000
34 50 88 25000
34 51 78 25000
35 36 139 25000
35 37 126 25000
35 38 129 25000
35 39 70 25000
35 40 85 25000
35 41 88 25000
35 42 68 25000
35 43 90 25000
35 44 79 25000
35 45 79 25000
35 46 55 25000
35 47 87 25000
35 48 96 25000
35 49 76 25000
35 50 86 25000
35 51 70 25000
36 37 145 25000
36 38 123 25000
36 39 93 25000
36 40 77 25000
36 41 76 25000
36 42 74 25000
36 43 83 25000
36 44 76 25000
36 45 69 25000
36 46 89 25000
36 47 70 25000
36 48 84 25000
36 49 70 25000
36 50 79 25000
36 51 91 25000
37 38 151 25000
37 39 80 25000
37 40 68 25000
37 41 85 25000
37 42 88 25000
37 43 82 25000
37 44 96 25000
37 45 86 25000
37 46 85 25000
37 47 75 25000
37 48 87 25000
37 49 72 25000
37 50 88 25000
37 51 83 25000
38 39 80 25000
38 40 64 25000
38 41 67 25000
38 42 67 25000
38 43 84 25000
38 44 93 25000
38 45 80 25000
38 46 76 25000
38 47 63 25000
38 48 83 25000
38 49 88 25000
38 50 78 25000
38 51 86 25000
39 40 132 25000
39 41 122 25000
39 42 119 25000
39 43 124 25000
39 44 111 25000
39 45 116 25000
39 46 103 25000
39 47 115 25000
39 48 142 25000
39 49 123 25000
39 50 123 25000
39 51 136 25000
40 41 125 25000
40 42 122 25000
40 43 131 25000
40 44 114 25000
40 45 150 25000
40 46 142 25000
40 47 114 25000
40 48 132 25000
40 49 124 25000
40 50 134 25000
40 51 138 25000
41 42 137 25000
41 43 133 25000
41 44 123 25000
41 45 112 25000
41 46 124 25000
41 47 115 25000
41 48 98 25000
41 49 113 25000
41 50 109 25000
41 51 116 25000
42 43 129 25000
42 44 132 25000
42 45 138 25000
42 46 144 25000
42 47 125 25000
42 48 139 25000
42 49 117 25000
42 50 144 25000
42 51 130 25000
43 44 140 25000
43 45 130 25000
43 46 116 25000
43 47 125 25000
43 48 122 25000
43 49 144 25000
43 50 133 25000
43 51 123 25000
44 45 155 25000
44 46 142 25000
44 47 129 25000
44 48 124 25000
44 49 140 25000
44 50 115 25000
44 51 134 25000
45 46 145 25000
45 47 139 25000
45 48 121 25000
45 49 134 25000
45 50 104 25000
45 51 142 25000
46 47 121 25000
46 48 129 25000
46 49 117 25000
46 50 112 25000
46 51 133 25000
47 48 119 25000
47 49 128 25000
47 50 117 25000
47 51 140 25000
48 49 140 25000
48 50 116 25000
48 51 161 25000
49 50 120 25000
49 51 131 25000
50 51 133 25000
