0 1 112 25000
0 2 125 25000
0 3 136 25000
0 4 134 25000
0 5 129 25000
0 6 124 25000
0 7 97 25000
0 8 130 25000
0 9 143 25000
0 10 127 25000
0 11 139 25000
0 12 167 25000
0 13 83 25000
0 14 85 25000
0 15 81 25000
0 16 62 25000
0 17 80 25000
0 18 83 25000
0 19 92 25000
0 20 68 25000
0 21 86 25000
0 22 87 25000
0 23 89 25000
0 24 86 25000
0 25 91 25000
0 26 81 25000
0 27 82 25000
0 28 80 25000
0 29 84 25000
0 30 82 25000
0 31 90 25000
0 32 90 25000
0 33 80 25000
0 34 80 25000
0 35 96 25000
0 36 89 25000
0 37 78 25000
0 38 88 25000
0 39 84 25000
0 40 83 25000
0 41 102 25000
0 42 83 25000
0 43 84 25000
0 44 69 25000
0 45 95 25000
0 46 96 25000
0 47 99 25000
0 48 72 25000
0 49 76 25000
0 50 84 25000
0 51 77 25000
1 2 135 25000
1 3 112 25000
1 4 116 25000
1 5 130 25000
1 6 113 25000
1 7 115 25000
1 8 114 25000
1 9 99 25000
1 10 113 25000
1 11 114 25000
1 12 146 25000
1 13 76 25000
1 14 68 25000
1 15 78 25000
1 16 90 25000
1 17 83 25000
1 18 89 25000
1 19 87 25000
1 20 79 25000
1 21 81 25000
1 22 86 25000
1 23 77 25000
1 24 79 25000
1 25 81 25000
1 26 84 25000
1 27 94 25000
1 28 74 25000
1 29 85 25000
1 30 74 25000
1 31 83 25000
1 32 68 25000
1 33 61 25000
1 34 82 25000
1 35 74 25000
1 36 89 25000
1 37 96 25000
1 38 76 25000
1 39 88 25000
1 40 87 25000
1 41 75 25000
1 42 75 25000
1 43 92 25000
1 44 77 25000
1 45 85 25000
1 46 80 25000
1 47 73 25000
1 48 86 25000
1 49 89 25000
1 50 88 25000
1 51 78 25000
2 3 122 25000
2 4 131 25000
2 5 110 25000
2 6 96 25000
2 7 112 25000
2 8 105 25000
2 9 126 25000
2 10 116 25000
2 11 151 25000
2 12 110 25000
2 13 85 25000
2 14 81 25000
2 15 88 25000
2 16 81 25000
2 17 101 25000
2 18 70 25000
2 19 70 25000
2 20 69 25000
2 21 67 25000
2 22 87 25000
2 23 98 25000
2 24 79 25000
2 25 91 25000
2 26 67 25000
2 27 70 25000
2 28 78 25000
2 29 80 25000
2 30 67 25000
2 31 83 25000
2 32 79 25000
2 33 80 25000
2 34 78 25000
2 35 70 25000
2 36 80 25000
2 37 89 25000
2 38 83 25000
2 39 69 25000
2 40 85 25000
2 41 79 25000
2 42 89 25000
2 43 96 25000
2 44 67 25000
2 45 90 25000
2 46 74 25000
2 47 75 25000
2 48 88 25000
2 49 92 25000
2 50 103 25000
2 51 86 25000
3 4 118 25000
3 5 129 25000
3 6 130 25000
3 7 110 25000
3 8 154 25000
3 9 121 25000
3 10 140 25000
3 11 109 25000
3 12 149 25000
3 13 86 25000
3 14 75 25000
3 15 78 25000
3 16 81 25000
3 17 79 25000
3 18 85 25000
3 19 78 25000
3 20 80 25000
3 21 77 25000
3 22 79 25000
3 23 76 25000
3 24 72 25000
3 25 103 25000
3 26 82 25000
3 27 86 25000
3 28 77 25000
3 29 80 25000
3 30 80 25000
3 31 75 25000
3 32 70 25000
3 33 82 25000
3 34 88 25000
3 35 76 25000
3 36 76 25000
3 37 75 25000
3 38 74 25000
3 39 84 25000
3 40 92 25000
3 41 90 25000
3 42 85 25000
3 43 87 25000
3 44 73 25000
3 45 73 25000
3 46 90 25000
3 47 86 25000
3 48 71 25000
3 49 71 25000
3 50 78 25000
3 51 79 25000
4 5 135 25000
4 6 129 25000
4 7 112 25000
4 8 133 25000
4 9 124 25000
4 10 137 25000
4 11 113 25000
4 12 135 25000
4 13 86 25000
4 14 68 25000
4 15 83 25000
4 16 84 25000
4 17 71 25000
4 18 76 25000
4 19 70 25000
4 20 82 25000
4 21 79 25000
4 22 74 25000
4 23 87 25000
4 24 75 25000
4 25 75 25000
4 26 94 25000
4 27 63 25000
4 28 70 25000
4 29 76 25000
4 30 82 25000
4 31 86 25000
4 32 88 25000
4 33 62 25000
4 34 81 25000
4 35 67 25000
4 36 81 25000
4 37 82 25000
4 38 89 25000
4 39 90 25000
4 40 80 25000
4 41 75 25000
4 42 83 25000
4 43 72 25000
4 44 78 25000
4 45 78 25000
4 46 83 25000
4 47 85 25000
4 48 75 25000
4 49 80 25000
4 50 81 25000
4 51 71 25000
5 6 133 25000
5 7 119 25000
5 8 106 25000
5 9 119 25000
5 10 118 25000
5 11 126 25000
5 12 138 25000
5 13 85 25000
5 14 74 25000
5 15 67 25000
5 16 67 25000
5 17 81 25000
5 18 88 25000
5 19 80 25000
5 20 79 25000
5 21 73 25000
5 22 96 25000
5 23 82 25000
5 24 76 25000
5 25 80 25000
5 26 92 25000
5 27 79 25000
5 28 84 25000
5 29 75 25000
5 30 83 25000
5 31 86 25000
5 32 83 25000
5 33 94 25000
5 34 71 25000
5 35 88 25000
5 36 91 25000
5 37 66 25000
5 38 82 25000
5 39 72 25000
5 40 88 25000
5 41 69 25000
5 42 100 25000
5 43 86 25000
5 44 77 25000
5 45 79 25000
5 46 82 25000
5 47 75 25000
5 48 76 25000
5 49 66 25000
5 50 104 25000
5 51 69 25000
6 7 126 25000
6 8 122 25000
6 9 112 25000
6 10 103 25000
6 11 101 25000
6 12 108 25000
6 13 82 25000
6 14 86 25000
6 15 81 25000
6 16 80 25000
6 17 85 25000
6 18 87 25000
6 19 77 25000
6 20 94 25000
6 21 86 25000
6 22 78 25000
6 23 70 25000
6 24 78 25000
6 25 81 25000
6 26 78 25000
6 27 75 25000
6 28 73 25000
6 29 77 25000
6 30 76 25000
6 31 86 25000
6 32 86 25000
6 33 72 25000
6 34 77 25000
6 35 64 25000
6 36 86 25000
6 37 81 25000
6 38 89 25000
6 39 72 25000
6 40 74 25000
6 41 82 25000
6 42 77 25000
6 43 64 25000
6 44 90 25000
6 45 84 25000
6 46 79 25000
6 47 84 25000
6 48 78 25000
6 49 71 25000
6 50 86 25000
6 51 77 25000
7 8 118 25000
7 9 108 25000
7 10 136 25000
7 11 126 25000
7 12 140 25000
7 13 83 25000
7 14 87 25000
7 15 84 25000
7 16 84 25000
7 17 85 25000
7 18 79 25000
7 19 77 25000
7 20 71 25000
7 21 79 25000
7 22 76 25000
7 23 81 25000
7 24 87 25000
7 25 80 25000
7 26 69 25000
7 27 66 25000
7 28 89 25000
7 29 74 25000
7 30 71 25000
7 31 92 25000
7 32 77 25000
7 33 78 25000
7 34 91 25000
7 35 56 25000
7 36 83 25000
7 37 90 25000
7 38 86 25000
7 39 74 25000
7 40 85 25000
7 41 73 25000
7 42 89 25000
7 43 71 25000
7 44 101 25000
7 45 94 25000
7 46 81 25000
7 47 56 25000
7 48 74 25000
7 49 66 25000
7 50 84 25000
7 51 67 25000
8 9 112 25000
8 10 124 25000
8 11 147 25000
8 12 119 25000
8 13 83 25000
8 14 82 25000
8 15 72 25000
8 16 70 25000
8 17 80 25000
8 18 86 25000
8 19 70 25000
8 20 89 25000
8 21 82 25000
8 22 91 25000
8 23 98 25000
8 24 83 25000
8 25 95 25000
8 26 73 25000
8 27 95 25000
8 28 67 25000
8 29 85 25000
8 30 103 25000
8 31 87 25000
8 32 80 25000
8 33 92 25000
8 34 91 25000
8 35 103 25000
8 36 77 25000
8 37 92 25000
8 38 82 25000
8 39 89 25000
8 40 70 25000
8 41 86 25000
8 42 94 25000
8 43 83 25000
8 44 83 25000
8 45 84 25000
8 46 86 25000
8 47 69 25000
8 48 78 25000
8 49 113 25000
8 50 86 25000
8 51 70 25000
9 10 110 25000
9 11 99 25000
9 12 146 25000
9 13 86 25000
9 14 89 25000
9 15 77 25000
9 16 80 25000
9 17 79 25000
9 18 90 25000
9 19 87 25000
9 20 82 25000
9 21 72 25000
9 22 91 25000
9 23 86 25000
9 24 84 25000
9 25 86 25000
9 26 76 25000
9 27 82 25000
9 28 80 25000
9 29 68 25000
9 30 65 25000
9 31 72 25000
9 32 98 25000
9 33 87 25000
9 34 95 25000
9 35 71 25000
9 36 74 25000
9 37 104 25000
9 38 76 25000
9 39 84 25000
9 40 78 25000
9 41 88 25000
9 42 67 25000
9 43 80 25000
9 44 69 25000
9 45 71 25000
9 46 77 25000
9 47 86 25000
9 48 75 25000
9 49 81 25000
9 50 76 25000
9 51 79 25000
10 11 133 25000
10 12 138 25000
10 13 83 25000
10 14 70 25000
10 15 76 25000
10 16 85 25000
10 17 73 25000
10 18 81 25000
10 19 86 25000
10 20 77 25000
10 21 90 25000
10 22 78 25000
10 23 78 25000
10 24 89 25000
10 25 83 25000
10 26 87 25000
10 27 77 25000
10 28 71 25000
10 29 100 25000
10 30 80 25000
10 31 85 25000
10 32 75 25000
10 33 89 25000
10 34 80 25000
10 35 75 25000
10 36 85 25000
10 37 81 25000
10 38 74 25000
10 39 71 25000
10 40 91 25000
10 41 84 25000
10 42 95 25000
10 43 78 25000
10 44 69 25000
10 45 78 25000
10 46 81 25000
10 47 81 25000
10 48 65 25000
10 49 78 25000
10 50 79 25000
10 51 83 25000
11 12 138 25000
11 13 89 25000
11 14 82 25000
11 15 76 25000
11 16 69 25000
11 17 82 25000
11 18 82 25000
11 19 71 25000
11 20 89 25000
11 21 85 25000
11 22 88 25000
11 23 90 25000
11 24 90 25000
11 25 87 25000
11 26 83 25000
11 27 84 25000
11 28 76 25000
11 29 94 25000
11 30 97 25000
11 31 77 25000
11 32 82 25000
11 33 78 25000
11 34 85 25000
11 35 72 25000
11 36 67 25000
11 37 83 25000
11 38 84 25000
11 39 70 25000
11 40 71 25000
11 41 89 25000
11 42 91 25000
11 43 78 25000
11 44 84 25000
11 45 71 25000
11 46 79 25000
11 47 82 25000
11 48 81 25000
11 49 77 25000
11 50 79 25000
11 51 83 25000
12 13 133 25000
12 14 110 25000
12 15 140 25000
12 16 123 25000
12 17 132 25000
12 18 132 25000
12 19 132 25000
12 20 124 25000
12 21 119 25000
12 22 134 25000
12 23 117 25000
12 24 128 25000
12 25 128 25000
12 26 136 25000
12 27 125 25000
12 28 119 25000
12 29 126 25000
12 30 137 25000
12 31 135 25000
12 32 112 25000
12 33 124 25000
12 34 140 25000
12 35 129 25000
12 36 151 25000
12 37 142 25000
12 38 121 25000
12 39 140 25000
12 40 124 25000
12 41 135 25000
12 42 114 25000
12 43 135 25000
12 44 137 25000
12 45 137 25000
12 46 122 25000
12 47 120 25000
12 48 142 25000
12 49 109 25000
12 50 125 25000
12 51 133 25000
13 14 75 25000
13 15 79 25000
13 16 95 25000
13 17 94 25000
13 18 88 25000
13 19 91 25000
13 20 85 25000
13 21 77 25000
13 22 74 25000
13 23 98 25000
13 24 79 25000
13 25 83 25000
13 26 76 25000
13 27 101 25000
13 28 76 25000
13 29 100 25000
13 30 77 25000
13 31 90 25000
13 32 77 25000
13 33 89 25000
13 34 70 25000
13 35 69 25000
13 36 91 25000
13 37 91 25000
13 38 72 25000
13 39 84 25000
13 40 87 25000
13 41 85 25000
13 42 79 25000
13 43 79 25000
13 44 71 25000
13 45 71 25000
13 46 87 25000
13 47 78 25000
13 48 72 25000
13 49 92 25000
13 50 108 25000
13 51 73 25000
14 15 79 25000
14 16 60 25000
14 17 83 25000
14 18 87 25000
14 19 61 25000
14 20 80 25000
14 21 69 25000
14 22 89 25000
14 23 78 25000
14 24 81 25000
14 25 93 25000
14 26 75 25000
14 27 80 25000
14 28 66 25000
14 29 105 25000
14 30 68 25000
14 31 83 25000
14 32 83 25000
14 33 79 25000
14 34 77 25000
14 35 78 25000
14 36 73 25000
14 37 76 25000
14 38 62 25000
14 39 78 25000
14 40 83 25000
14 41 82 25000
14 42 85 25000
14 43 90 25000
14 44 101 25000
14 45 67 25000
14 46 78 25000
14 47 76 25000
14 48 79 25000
14 49 91 25000
14 50 81 25000
14 51 74 25000
15 16 68 25000
15 17 90 25000
15 18 72 25000
15 19 81 25000
15 20 72 25000
15 21 82 25000
15 22 84 25000
15 23 90 25000
15 24 94 25000
15 25 86 25000
15 26 85 25000
15 27 89 25000
15 28 69 25000
15 29 78 25000
15 30 73 25000
15 31 88 25000
15 32 73 25000
15 33 64 25000
15 34 77 25000
15 35 76 25000
15 36 95 25000
15 37 77 25000
15 38 86 25000
15 39 78 25000
15 40 85 25000
15 41 70 25000
15 42 82 25000
15 43 87 25000
15 44 73 25000
15 45 69 25000
15 46 79 25000
15 47 103 25000
15 48 95 25000
15 49 74 25000
15 50 84 25000
15 51 80 25000
16 17 77 25000
16 18 82 25000
16 19 70 25000
16 20 77 25000
16 21 81 25000
16 22 80 25000
16 23 91 25000
16 24 92 25000
16 25 87 25000
16 26 79 25000
16 27 71 25000
16 28 74 25000
16 29 72 25000
16 30 95 25000
16 31 65 25000
16 32 88 25000
16 33 100 25000
16 34 72 25000
16 35 77 25000
16 36 86 25000
16 37 78 25000
16 38 75 25000
16 39 86 25000
16 40 88 25000
16 41 77 25000
16 42 85 25000
16 43 71 25000
16 44 87 25000
16 45 78 25000
16 46 76 25000
16 47 104 25000
16 48 84 25000
16 49 78 25000
16 50 84 25000
16 51 78 25000
17 18 66 25000
17 19 69 25000
17 20 76 25000
17 21 73 25000
17 22 67 25000
17 23 76 25000
17 24 85 25000
17 25 78 25000
17 26 77 25000
17 27 91 25000
17 28 94 25000
17 29 87 25000
17 30 68 25000
17 31 94 25000
17 32 88 25000
17 33 95 25000
17 34 84 25000
17 35 94 25000
17 36 74 25000
17 37 84 25000
17 38 76 25000
17 39 73 25000
17 40 93 25000
17 41 81 25000
17 42 87 25000
17 43 65 25000
17 44 81 25000
17 45 82 25000
17 46 90 25000
17 47 78 25000
17 48 82 25000
17 49 69 25000
17 50 76 25000
17 51 80 25000
18 19 83 25000
18 20 80 25000
18 21 77 25000
18 22 70 25000
18 23 93 25000
18 24 96 25000
18 25 100 25000
18 26 101 25000
18 27 69 25000
18 28 70 25000
18 29 88 25000
18 30 84 25000
18 31 72 25000
18 32 79 25000
18 33 83 25000
18 34 74 25000
18 35 85 25000
18 36 81 25000
18 37 124 25000
18 38 81 25000
18 39 87 25000
18 40 93 25000
18 41 84 25000
18 42 83 25000
18 43 90 25000
18 44 71 25000
18 45 113 25000
18 46 77 25000
18 47 79 25000
18 48 79 25000
18 49 74 25000
18 50 73 25000
18 51 85 25000
19 20 74 25000
19 21 98 25000
19 22 88 25000
19 23 71 25000
19 24 77 25000
19 25 81 25000
19 26 89 25000
19 27 81 25000
19 28 75 25000
19 29 70 25000
19 30 64 25000
19 31 90 25000
19 32 76 25000
19 33 72 25000
19 34 78 25000
19 35 74 25000
19 36 87 25000
19 37 82 25000
19 38 68 25000
19 39 85 25000
19 40 84 25000
19 41 91 25000
19 42 72 25000
19 43 73 25000
19 44 92 25000
19 45 72 25000
19 46 70 25000
19 47 86 25000
19 48 88 25000
19 49 80 25000
19 50 81 25000
19 51 72 25000
20 21 80 25000
20 22 67 25000
20 23 77 25000
20 24 75 25000
20 25 86 25000
20 26 85 25000
20 27 78 25000
20 28 95 25000
20 29 82 25000
20 30 87 25000
20 31 74 25000
20 32 88 25000
20 33 86 25000
20 34 105 25000
20 35 75 25000
20 36 88 25000
20 37 81 25000
20 38 70 25000
20 39 82 25000
20 40 73 25000
20 41 70 25000
20 42 82 25000
20 43 83 25000
20 44 84 25000
20 45 90 25000
20 46 90 25000
20 47 85 25000
20 48 76 25000
20 49 82 25000
20 50 83 25000
20 51 85 25000
21 22 74 25000
21 23 79 25000
21 24 97 25000
21 25 95 25000
21 26 79 25000
21 27 96 25000
21 28 70 25000
21 29 100 25000
21 30 99 25000
21 31 87 25000
21 32 92 25000
21 33 89 25000
21 34 67 25000
21 35 80 25000
21 36 71 25000
21 37 81 25000
21 38 71 25000
21 39 80 25000
21 40 106 25000
21 41 94 25000
21 42 107 25000
21 43 90 25000
21 44 88 25000
21 45 83 25000
21 46 78 25000
21 47 76 25000
21 48 83 25000
21 49 77 25000
21 50 95 25000
21 51 87 25000
22 23 100 25000
22 24 96 25000
22 25 76 25000
22 26 82 25000
22 27 85 25000
22 28 79 25000
22 29 81 25000
22 30 70 25000
22 31 88 25000
22 32 93 25000
22 33 76 25000
22 34 79 25000
22 35 76 25000
22 36 83 25000
22 37 67 25000
22 38 87 25000
22 39 76 25000
22 40 100 25000
22 41 83 25000
22 42 74 25000
22 43 77 25000
22 44 85 25000
22 45 77 25000
22 46 70 25000
22 47 81 25000
22 48 79 25000
22 49 78 25000
22 50 86 25000
22 51 76 25000
23 24 101 25000
23 25 85 25000
23 26 90 25000
23 27 81 25000
23 28 101 25000
23 29 79 25000
23 30 86 25000
23 31 78 25000
23 32 80 25000
23 33 79 25000
23 34 92 25000
23 35 82 25000
23 36 74 25000
23 37 81 25000
23 38 76 25000
23 39 78 25000
23 40 98 25000
23 41 91 25000
23 42 81 25000
23 43 91 25000
23 44 91 25000
23 45 100 25000
23 46 100 25000
23 47 75 25000
23 48 78 25000
23 49 73 25000
23 50 89 25000
23 51 80 25000
24 25 85 25000
24 26 92 25000
24 27 88 25000
24 28 71 25000
24 29 83 25000
24 30 82 25000
24 31 89 25000
24 32 81 25000
24 33 87 25000
24 34 95 25000
24 35 71 25000
24 36 106 25000
24 37 81 25000
24 38 85 25000
24 39 102 25000
24 40 76 25000
24 41 81 25000
24 42 109 25000
24 43 79 25000
24 44 95 25000
24 45 68 25000
24 46 71 25000
24 47 96 25000
24 48 73 25000
24 49 78 25000
24 50 82 25000
24 51 91 25000
25 26 71 25000
25 27 67 25000
25 28 85 25000
25 29 97 25000
25 30 83 25000
25 31 73 25000
25 32 75 25000
25 33 71 25000
25 34 82 25000
25 35 96 25000
25 36 80 25000
25 37 89 25000
25 38 123 25000
25 39 78 25000
25 40 93 25000
25 41 76 25000
25 42 69 25000
25 43 78 25000
25 44 96 25000
25 45 75 25000
25 46 91 25000
25 47 100 25000
25 48 102 25000
25 49 73 25000
25 50 84 25000
25 51 108 25000
26 27 83 25000
26 28 92 25000
26 29 85 25000
26 30 84 25000
26 31 69 25000
26 32 77 25000
26 33 77 25000
26 34 77 25000
26 35 80 25000
26 36 84 25000
26 37 77 25000
26 38 66 25000
26 39 82 25000
26 40 81 25000
26 41 80 25000
26 42 90 25000
26 43 94 25000
26 44 77 25000
26 45 97 25000
26 46 108 25000
26 47 78 25000
26 48 76 25000
26 49 73 25000
26 50 74 25000
26 51 75 25000
27 28 75 25000
27 29 75 25000
27 30 91 25000
27 31 78 25000
27 32 81 25000
27 33 84 25000
27 34 73 25000
27 35 78 25000
27 36 88 25000
27 37 86 25000
27 38 82 25000
27 39 96 25000
27 40 80 25000
27 41 80 25000
27 42 76 25000
27 43 77 25000
27 44 88 25000
27 45 101 25000
27 46 77 25000
27 47 78 25000
27 48 81 25000
27 49 70 25000
27 50 100 25000
27 51 68 25000
28 29 89 25000
28 30 94 25000
28 31 82 25000
28 32 84 25000
28 33 85 25000
28 34 83 25000
28 35 72 25000
28 36 83 25000
28 37 73 25000
28 38 74 25000
28 39 70 25000
28 40 94 25000
28 41 77 25000
28 42 90 25000
28 43 85 25000
28 44 83 25000
28 45 84 25000
28 46 92 25000
28 47 70 25000
28 48 67 25000
28 49 80 25000
28 50 81 25000
28 51 76 25000
29 30 82 25000
29 31 79 25000
29 32 78 25000
29 33 88 25000
29 34 82 25000
29 35 75 25000
29 36 73 25000
29 37 83 25000
29 38 96 25000
29 39 76 25000
29 40 111 25000
29 41 87 25000
29 42 76 25000
29 43 78 25000
29 44 88 25000
29 45 70 25000
29 46 89 25000
29 47 83 25000
29 48 74 25000
29 49 89 25000
29 50 63 25000
29 51 83 25000
30 31 97 25000
30 32 64 25000
30 33 84 25000
30 34 85 25000
30 35 78 25000
30 36 82 25000
30 37 73 25000
30 38 97 25000
30 39 75 25000
30 40 88 25000
30 41 84 25000
30 42 94 25000
30 43 70 25000
30 44 83 25000
30 45 72 25000
30 46 71 25000
30 47 110 25000
30 48 74 25000
30 49 74 25000
30 50 70 25000
30 51 97 25000
31 32 93 25000
31 33 80 25000
31 34 83 25000
31 35 76 25000
31 36 71 25000
31 37 70 25000
31 38 96 25000
31 39 59 25000
31 40 72 25000
31 41 107 25000
31 42 90 25000
31 43 73 25000
31 44 80 25000
31 45 66 25000
31 46 95 25000
31 47 93 25000
31 48 86 25000
31 49 86 25000
31 50 77 25000
31 51 73 25000
32 33 80 25000
32 34 74 25000
32 35 76 25000
32 36 79 25000
32 37 78 25000
32 38 68 25000
32 39 80 25000
32 40 77 25000
32 41 87 25000
32 42 80 25000
32 43 88 25000
32 44 75 25000
32 45 83 25000
32 46 85 25000
32 47 86 25000
32 48 98 25000
32 49 87 25000
32 50 86 25000
32 51 78 25000
33 34 87 25000
33 35 70 25000
33 36 78 25000
33 37 75 25000
33 38 73 25000
33 39 72 25000
33 40 87 25000
33 41 72 25000
33 42 99 25000
33 43 66 25000
33 44 104 25000
33 45 72 25000
33 46 79 25000
33 47 93 25000
33 48 72 25000
33 49 81 25000
33 50 89 25000
33 51 61 25000
34 35 83 25000
34 36 91 25000
34 37 92 25000
34 38 70 25000
34 39 79 25000
34 40 71 25000
34 41 62 25000
34 42 74 25000
34 43 97 25000
34 44 80 25000
34 45 113 25000
34 46 79 25000
34 47 76 25000
34 48 69 25000
34 49 106 25000
34 50 72 25000
34 51 91 25000
35 36 88 25000
35 37 78 25000
35 38 89 25000
35 39 72 25000
35 40 95 25000
35 41 59 25000
35 42 73 25000
35 43 89 25000
35 44 78 25000
35 45 72 25000
35 46 94 25000
35 47 76 25000
35 48 71 25000
35 49 71 25000
35 50 67 25000
35 51 76 25000
36 37 91 25000
36 38 83 25000
36 39 87 25000
36 40 75 25000
36 41 83 25000
36 42 72 25000
36 43 76 25000
36 44 88 25000
36 45 80 25000
36 46 74 25000
36 47 82 25000
36 48 94 25000
36 49 78 25000
36 50 100 25000
36 51 72 25000
37 38 97 25000
37 39 84 25000
37 40 80 25000
37 41 87 25000
37 42 99 25000
37 43 86 25000
37 44 91 25000
37 45 113 25000
37 46 72 25000
37 47 77 25000
37 48 98 25000
37 49 87 25000
37 50 83 25000
37 51 69 25000
38 39 89 25000
38 40 91 25000
38 41 86 25000
38 42 93 25000
38 43 60 25000
38 44 88 25000
38 45 92 25000
38 46 70 25000
38 47 71 25000
38 48 83 25000
38 49 74 25000
38 50 101 25000
38 51 109 25000
39 40 65 25000
39 41 85 25000
39 42 73 25000
39 43 70 25000
39 44 85 25000
39 45 77 25000
39 46 78 25000
39 47 75 25000
39 48 79 25000
39 49 72 25000
39 50 93 25000
39 51 75 25000
40 41 99 25000
40 42 94 25000
40 43 82 25000
40 44 92 25000
40 45 99 25000
40 46 82 25000
40 47 86 25000
40 48 72 25000
40 49 82 25000
40 50 81 25000
40 51 73 25000
41 42 74 25000
41 43 80 25000
41 44 78 25000
41 45 94 25000
41 46 81 25000
41 47 82 25000
41 48 83 25000
41 49 78 25000
41 50 97 25000
41 51 64 25000
42 43 78 25000
42 44 96 25000
42 45 70 25000
42 46 86 25000
42 47 76 25000
42 48 75 25000
42 49 83 25000
42 50 76 25000
42 51 83 25000
43 44 81 25000
43 45 80 25000
43 46 82 25000
43 47 85 25000
43 48 97 25000
43 49 103 25000
43 50 79 25000
43 51 74 25000
44 45 107 25000
44 46 84 25000
44 47 83 25000
44 48 93 25000
44 49 85 25000
44 50 93 25000
44 51 85 25000
45 46 90 25000
45 47 81 25000
45 48 96 25000
45 49 100 25000
45 50 91 25000
45 51 82 25000
46 47 96 25000
46 48 92 25000
46 49 63 25000
46 50 87 25000
46 51 66 25000
47 48 72 25000
47 49 86 25000
47 50 88 25000
47 51 71 25000
48 49 84 25000
48 50 80 25000
48 51 76 25000
49 50 98 25000
49 51 78 25000
50 51 79 25000
