0 1 100 25000
0 2 100 25000
0 3 111 25000
0 4 116 25000
0 5 110 25000
0 6 92 25000
0 7 106 25000
0 8 98 25000
0 9 114 25000
0 10 99 25000
0 11 91 25000
0 12 110 25000
0 13 91 25000
0 14 91 25000
0 15 71 25000
0 16 80 25000
0 17 95 25000
0 18 75 25000
0 19 86 25000
0 20 96 25000
0 21 102 25000
0 22 88 25000
0 23 69 25000
0 24 89 25000
0 25 84 25000
0 26 84 25000
0 27 71 25000
0 28 91 25000
0 29 72 25000
0 30 88 25000
0 31 85 25000
0 32 78 25000
0 33 71 25000
0 34 79 25000
0 35 73 25000
0 36 75 25000
0 37 83 25000
0 38 71 25000
0 39 72 25000
0 40 81 25000
0 41 82 25000
0 42 92 25000
0 43 84 25000
0 44 87 25000
0 45 89 25000
0 46 76 25000
0 47 95 25000
0 48 89 25000
0 49 80 25000
0 50 68 25000
0 51 81 25000
1 2 100 25000
1 3 109 25000
1 4 83 25000
1 5 102 25000
1 6 80 25000
1 7 97 25000
1 8 85 25000
1 9 109 25000
1 10 90 25000
1 11 100 25000
1 12 121 25000
1 13 76 25000
1 14 97 25000
1 15 78 25000
1 16 80 25000
1 17 100 25000
1 18 89 25000
1 19 84 25000
1 20 72 25000
1 21 71 25000
1 22 96 25000
1 23 74 25000
1 24 84 25000
1 25 74 25000
1 26 69 25000
1 27 90 25000
1 28 82 25000
1 29 85 25000
1 30 98 25000
1 31 75 25000
1 32 76 25000
1 33 88 25000
1 34 85 25000
1 35 74 25000
1 36 71 25000
1 37 76 25000
1 38 88 25000
1 39 67 25000
1 40 95 25000
1 41 74 25000
1 42 78 25000
1 43 85 25000
1 44 74 25000
1 45 83 25000
1 46 82 25000
1 47 77 25000
1 48 90 25000
1 49 90 25000
1 50 95 25000
1 51 84 25000
2 3 87 25000
2 4 92 25000
2 5 112 25000
2 6 92 25000
2 7 114 25000
2 8 105 25000
2 9 109 25000
2 10 106 25000
2 11 120 25000
2 12 116 25000
2 13 97 25000
2 14 87 25000
2 15 92 25000
2 16 95 25000
2 17 78 25000
2 18 86 25000
2 19 82 25000
2 20 90 25000
2 21 94 25000
2 22 102 25000
2 23 88 25000
2 24 74 25000
2 25 88 25000
2 26 90 25000
2 27 81 25000
2 28 91 25000
2 29 95 25000
2 30 101 25000
2 31 76 25000
2 32 81 25000
2 33 105 25000
2 34 74 25000
2 35 71 25000
2 36 89 25000
2 37 83 25000
2 38 86 25000
2 39 91 25000
2 40 85 25000
2 41 75 25000
2 42 93 25000
2 43 92 25000
2 44 93 25000
2 45 89 25000
2 46 100 25000
2 47 86 25000
2 48 90 25000
2 49 81 25000
2 50 89 25000
2 51 92 25000
3 4 95 25000
3 5 106 25000
3 6 111 25000
3 7 94 25000
3 8 90 25000
3 9 92 25000
3 10 93 25000
3 11 93 25000
3 12 108 25000
3 13 94 25000
3 14 80 25000
3 15 95 25000
3 16 69 25000
3 17 104 25000
3 18 91 25000
3 19 73 25000
3 20 79 25000
3 21 103 25000
3 22 89 25000
3 23 89 25000
3 24 77 25000
3 25 85 25000
3 26 88 25000
3 27 96 25000
3 28 81 25000
3 29 97 25000
3 30 77 25000
3 31 76 25000
3 32 74 25000
3 33 93 25000
3 34 78 25000
3 35 97 25000
3 36 84 25000
3 37 89 25000
3 38 80 25000
3 39 82 25000
3 40 85 25000
3 41 90 25000
3 42 83 25000
3 43 95 25000
3 44 80 25000
3 45 74 25000
3 46 76 25000
3 47 81 25000
3 48 79 25000
3 49 85 25000
3 50 82 25000
3 51 88 25000
4 5 112 25000
4 6 86 25000
4 7 90 25000
4 8 92 25000
4 9 93 25000
4 10 105 25000
4 11 90 25000
4 12 107 25000
4 13 81 25000
4 14 88 25000
4 15 83 25000
4 16 95 25000
4 17 88 25000
4 18 86 25000
4 19 90 25000
4 20 73 25000
4 21 91 25000
4 22 73 25000
4 23 88 25000
4 24 109 25000
4 25 79 25000
4 26 93 25000
4 27 71 25000
4 28 69 25000
4 29 87 25000
4 30 102 25000
4 31 92 25000
4 32 79 25000
4 33 83 25000
4 34 87 25000
4 35 84 25000
4 36 75 25000
4 37 95 25000
4 38 80 25000
4 39 100 25000
4 40 76 25000
4 41 108 25000
4 42 92 25000
4 43 93 25000
4 44 70 25000
4 45 88 25000
4 46 74 25000
4 47 75 25000
4 48 84 25000
4 49 78 25000
4 50 89 25000
4 51 66 25000
5 6 104 25000
5 7 111 25000
5 8 95 25000
5 9 93 25000
5 10 82 25000
5 11 92 25000
5 12 128 25000
5 13 90 25000
5 14 91 25000
5 15 120 25000
5 16 73 25000
5 17 86 25000
5 18 98 25000
5 19 87 25000
5 20 92 25000
5 21 78 25000
5 22 92 25000
5 23 93 25000
5 24 93 25000
5 25 95 25000
5 26 92 25000
5 27 74 25000
5 28 96 25000
5 29 75 25000
5 30 98 25000
5 31 95 25000
5 32 91 25000
5 33 87 25000
5 34 86 25000
5 35 92 25000
5 36 94 25000
5 37 99 25000
5 38 95 25000
5 39 88 25000
5 40 103 25000
5 41 91 25000
5 42 81 25000
5 43 95 25000
5 44 85 25000
5 45 81 25000
5 46 82 25000
5 47 71 25000
5 48 89 25000
5 49 76 25000
5 50 90 25000
5 51 83 25000
6 7 102 25000
6 8 80 25000
6 9 98 25000
6 10 97 25000
6 11 102 25000
6 12 116 25000
6 13 91 25000
6 14 79 25000
6 15 100 25000
6 16 74 25000
6 17 81 25000
6 18 96 25000
6 19 85 25000
6 20 86 25000
6 21 86 25000
6 22 93 25000
6 23 70 25000
6 24 99 25000
6 25 68 25000
6 26 101 25000
6 27 97 25000
6 28 91 25000
6 29 78 25000
6 30 81 25000
6 31 89 25000
6 32 70 25000
6 33 95 25000
6 34 86 25000
6 35 99 25000
6 36 83 25000
6 37 83 25000
6 38 88 25000
6 39 67 25000
6 40 78 25000
6 41 84 25000
6 42 88 25000
6 43 82 25000
6 44 88 25000
6 45 86 25000
6 46 70 25000
6 47 100 25000
6 48 96 25000
6 49 81 25000
6 50 77 25000
6 51 87 25000
7 8 94 25000
7 9 104 25000
7 10 91 25000
7 11 82 25000
7 12 117 25000
7 13 86 25000
7 14 97 25000
7 15 87 25000
7 16 91 25000
7 17 88 25000
7 18 91 25000
7 19 94 25000
7 20 86 25000
7 21 93 25000
7 22 79 25000
7 23 92 25000
7 24 87 25000
7 25 86 25000
7 26 86 25000
7 27 81 25000
7 28 92 25000
7 29 67 25000
7 30 70 25000
7 31 76 25000
7 32 83 25000
7 33 75 25000
7 34 82 25000
7 35 71 25000
7 36 76 25000
7 37 83 25000
7 38 82 25000
7 39 95 25000
7 40 75 25000
7 41 99 25000
7 42 82 25000
7 43 94 25000
7 44 102 25000
7 45 91 25000
7 46 85 25000
7 47 92 25000
7 48 94 25000
7 49 72 25000
7 50 73 25000
7 51 94 25000
8 9 108 25000
8 10 76 25000
8 11 101 25000
8 12 104 25000
8 13 84 25000
8 14 77 25000
8 15 85 25000
8 16 88 25000
8 17 82 25000
8 18 79 25000
8 19 82 25000
8 20 80 25000
8 21 78 25000
8 22 98 25000
8 23 82 25000
8 24 70 25000
8 25 98 25000
8 26 78 25000
8 27 86 25000
8 28 79 25000
8 29 80 25000
8 30 79 25000
8 31 80 25000
8 32 80 25000
8 33 66 25000
8 34 79 25000
8 35 82 25000
8 36 71 25000
8 37 83 25000
8 38 86 25000
8 39 94 25000
8 40 72 25000
8 41 106 25000
8 42 69 25000
8 43 68 25000
8 44 90 25000
8 45 90 25000
8 46 85 25000
8 47 83 25000
8 48 85 25000
8 49 78 25000
8 50 83 25000
8 51 78 25000
9 10 103 25000
9 11 105 25000
9 12 111 25000
9 13 92 25000
9 14 100 25000
9 15 95 25000
9 16 80 25000
9 17 86 25000
9 18 90 25000
9 19 83 25000
9 20 82 25000
9 21 73 25000
9 22 94 25000
9 23 93 25000
9 24 89 25000
9 25 73 25000
9 26 103 25000
9 27 89 25000
9 28 90 25000
9 29 92 25000
9 30 93 25000
9 31 75 25000
9 32 82 25000
9 33 85 25000
9 34 82 25000
9 35 79 25000
9 36 88 25000
9 37 80 25000
9 38 90 25000
9 39 87 25000
9 40 89 25000
9 41 94 25000
9 42 83 25000
9 43 80 25000
9 44 86 25000
9 45 80 25000
9 46 85 25000
9 47 98 25000
9 48 70 25000
9 49 82 25000
9 50 78 25000
9 51 92 25000
10 11 89 25000
10 12 95 25000
10 13 95 25000
10 14 74 25000
10 15 102 25000
10 16 79 25000
10 17 75 25000
10 18 83 25000
10 19 82 25000
10 20 86 25000
10 21 87 25000
10 22 83 25000
10 23 77 25000
10 24 78 25000
10 25 86 25000
10 26 89 25000
10 27 82 25000
10 28 95 25000
10 29 63 25000
10 30 77 25000
10 31 81 25000
10 32 70 25000
10 33 84 25000
10 34 87 25000
10 35 72 25000
10 36 79 25000
10 37 85 25000
10 38 68 25000
10 39 81 25000
10 40 78 25000
10 41 81 25000
10 42 85 25000
10 43 82 25000
10 44 94 25000
10 45 87 25000
10 46 80 25000
10 47 105 25000
10 48 79 25000
10 49 83 25000
10 50 84 25000
10 51 83 25000
11 12 122 25000
11 13 80 25000
11 14 88 25000
11 15 77 25000
11 16 71 25000
11 17 87 25000
11 18 100 25000
11 19 85 25000
11 20 63 25000
11 21 77 25000
11 22 81 25000
11 23 94 25000
11 24 54 25000
11 25 70 25000
11 26 74 25000
11 27 85 25000
11 28 92 25000
11 29 92 25000
11 30 87 25000
11 31 73 25000
11 32 83 25000
11 33 93 25000
11 34 104 25000
11 35 81 25000
11 36 96 25000
11 37 73 25000
11 38 89 25000
11 39 84 25000
11 40 90 25000
11 41 90 25000
11 42 87 25000
11 43 92 25000
11 44 74 25000
11 45 71 25000
11 46 94 25000
11 47 94 25000
11 48 89 25000
11 49 78 25000
11 50 78 25000
11 51 78 25000
12 13 77 25000
12 14 92 25000
12 15 86 25000
12 16 103 25000
12 17 80 25000
12 18 64 25000
12 19 77 25000
12 20 90 25000
12 21 76 25000
12 22 92 25000
12 23 75 25000
12 24 84 25000
12 25 71 25000
12 26 86 25000
12 27 98 25000
12 28 80 25000
12 29 81 25000
12 30 92 25000
12 31 90 25000
12 32 67 25000
12 33 78 25000
12 34 85 25000
12 35 81 25000
12 36 70 25000
12 37 80 25000
12 38 89 25000
12 39 78 25000
12 40 78 25000
12 41 105 25000
12 42 96 25000
12 43 94 25000
12 44 81 25000
12 45 88 25000
12 46 84 25000
12 47 89 25000
12 48 95 25000
12 49 96 25000
12 50 66 25000
12 51 70 25000
13 14 85 25000
13 15 84 25000
13 16 90 25000
13 17 87 25000
13 18 108 25000
13 19 98 25000
13 20 97 25000
13 21 102 25000
13 22 113 25000
13 23 110 25000
13 24 111 25000
13 25 97 25000
13 26 62 25000
13 27 80 25000
13 28 74 25000
13 29 111 25000
13 30 80 25000
13 31 82 25000
13 32 74 25000
13 33 84 25000
13 34 76 25000
13 35 85 25000
13 36 90 25000
13 37 86 25000
13 38 74 25000
13 39 59 25000
13 40 77 25000
13 41 75 25000
13 42 82 25000
13 43 88 25000
13 44 92 25000
13 45 84 25000
13 46 68 25000
13 47 83 25000
13 48 90 25000
13 49 80 25000
13 50 96 25000
13 51 86 25000
14 15 110 25000
14 16 95 25000
14 17 96 25000
14 18 102 25000
14 19 100 25000
14 20 103 25000
14 21 101 25000
14 22 124 25000
14 23 73 25000
14 24 84 25000
14 25 104 25000
14 26 81 25000
14 27 86 25000
14 28 103 25000
14 29 95 25000
14 30 93 25000
14 31 89 25000
14 32 72 25000
14 33 94 25000
14 34 73 25000
14 35 99 25000
14 36 94 25000
14 37 101 25000
14 38 96 25000
14 39 74 25000
14 40 63 25000
14 41 89 25000
14 42 93 25000
14 43 80 25000
14 44 75 25000
14 45 91 25000
14 46 90 25000
14 47 84 25000
14 48 103 25000
14 49 82 25000
14 50 84 25000
14 51 100 25000
15 16 94 25000
15 17 100 25000
15 18 87 25000
15 19 112 25000
15 20 73 25000
15 21 98 25000
15 22 97 25000
15 23 96 25000
15 24 109 25000
15 25 109 25000
15 26 75 25000
15 27 79 25000
15 28 94 25000
15 29 79 25000
15 30 84 25000
15 31 84 25000
15 32 71 25000
15 33 89 25000
15 34 89 25000
15 35 92 25000
15 36 87 25000
15 37 95 25000
15 38 91 25000
15 39 92 25000
15 40 85 25000
15 41 84 25000
15 42 89 25000
15 43 78 25000
15 44 101 25000
15 45 97 25000
15 46 76 25000
15 47 78 25000
15 48 80 25000
15 49 85 25000
15 50 83 25000
15 51 73 25000
16 17 100 25000
16 18 116 25000
16 19 96 25000
16 20 114 25000
16 21 93 25000
16 22 92 25000
16 23 86 25000
16 24 113 25000
16 25 111 25000
16 26 96 25000
16 27 101 25000
16 28 83 25000
16 29 83 25000
16 30 83 25000
16 31 91 25000
16 32 88 25000
16 33 89 25000
16 34 95 25000
16 35 95 25000
16 36 80 25000
16 37 87 25000
16 38 77 25000
16 39 69 25000
16 40 81 25000
16 41 99 25000
16 42 78 25000
16 43 67 25000
16 44 86 25000
16 45 105 25000
16 46 79 25000
16 47 58 25000
16 48 92 25000
16 49 89 25000
16 50 86 25000
16 51 93 25000
17 18 113 25000
17 19 94 25000
17 20 111 25000
17 21 109 25000
17 22 113 25000
17 23 93 25000
17 24 90 25000
17 25 100 25000
17 26 80 25000
17 27 90 25000
17 28 78 25000
17 29 82 25000
17 30 91 25000
17 31 84 25000
17 32 80 25000
17 33 98 25000
17 34 85 25000
17 35 89 25000
17 36 82 25000
17 37 93 25000
17 38 104 25000
17 39 96 25000
17 40 80 25000
17 41 96 25000
17 42 77 25000
17 43 80 25000
17 44 84 25000
17 45 87 25000
17 46 87 25000
17 47 87 25000
17 48 103 25000
17 49 73 25000
17 50 93 25000
17 51 86 25000
18 19 102 25000
18 20 84 25000
18 21 121 25000
18 22 97 25000
18 23 92 25000
18 24 99 25000
18 25 82 25000
18 26 90 25000
18 27 73 25000
18 28 82 25000
18 29 90 25000
18 30 84 25000
18 31 92 25000
18 32 88 25000
18 33 91 25000
18 34 69 25000
18 35 84 25000
18 36 79 25000
18 37 78 25000
18 38 85 25000
18 39 77 25000
18 40 89 25000
18 41 95 25000
18 42 83 25000
18 43 84 25000
18 44 103 25000
18 45 99 25000
18 46 99 25000
18 47 96 25000
18 48 83 25000
18 49 78 25000
18 50 102 25000
18 51 82 25000
19 20 89 25000
19 21 96 25000
19 22 87 25000
19 23 91 25000
19 24 106 25000
19 25 98 25000
19 26 78 25000
19 27 91 25000
19 28 107 25000
19 29 89 25000
19 30 87 25000
19 31 66 25000
19 32 63 25000
19 33 88 25000
19 34 77 25000
19 35 72 25000
19 36 84 25000
19 37 78 25000
19 38 87 25000
19 39 89 25000
19 40 87 25000
19 41 88 25000
19 42 81 25000
19 43 75 25000
19 44 97 25000
19 45 91 25000
19 46 81 25000
19 47 74 25000
19 48 81 25000
19 49 76 25000
19 50 88 25000
19 51 65 25000
20 21 74 25000
20 22 105 25000
20 23 85 25000
20 24 93 25000
20 25 86 25000
20 26 77 25000
20 27 91 25000
20 28 81 25000
20 29 71 25000
20 30 89 25000
20 31 92 25000
20 32 90 25000
20 33 89 25000
20 34 88 25000
20 35 88 25000
20 36 80 25000
20 37 69 25000
20 38 79 25000
20 39 76 25000
20 40 81 25000
20 41 86 25000
20 42 77 25000
20 43 93 25000
20 44 81 25000
20 45 69 25000
20 46 88 25000
20 47 83 25000
20 48 73 25000
20 49 86 25000
20 50 74 25000
20 51 89 25000
21 22 93 25000
21 23 93 25000
21 24 89 25000
21 25 112 25000
21 26 81 25000
21 27 84 25000
21 28 84 25000
21 29 88 25000
21 30 86 25000
21 31 77 25000
21 32 79 25000
21 33 90 25000
21 34 81 25000
21 35 99 25000
21 36 91 25000
21 37 71 25000
21 38 85 25000
21 39 96 25000
21 40 99 25000
21 41 93 25000
21 42 83 25000
21 43 76 25000
21 44 71 25000
21 45 71 25000
21 46 84 25000
21 47 85 25000
21 48 88 25000
21 49 90 25000
21 50 84 25000
21 51 76 25000
22 23 120 25000
22 24 103 25000
22 25 105 25000
22 26 92 25000
22 27 89 25000
22 28 81 25000
22 29 85 25000
22 30 73 25000
22 31 80 25000
22 32 91 25000
22 33 79 25000
22 34 80 25000
22 35 93 25000
22 36 85 25000
22 37 84 25000
22 38 93 25000
22 39 79 25000
22 40 101 25000
22 41 80 25000
22 42 72 25000
22 43 90 25000
22 44 77 25000
22 45 106 25000
22 46 87 25000
22 47 95 25000
22 48 79 25000
22 49 77 25000
22 50 83 25000
22 51 92 25000
23 24 78 25000
23 25 113 25000
23 26 93 25000
23 27 83 25000
23 28 82 25000
23 29 92 25000
23 30 96 25000
23 31 63 25000
23 32 82 25000
23 33 91 25000
23 34 94 25000
23 35 90 25000
23 36 79 25000
23 37 87 25000
23 38 102 25000
23 39 77 25000
23 40 78 25000
23 41 78 25000
23 42 86 25000
23 43 75 25000
23 44 79 25000
23 45 72 25000
23 46 86 25000
23 47 81 25000
23 48 86 25000
23 49 69 25000
23 50 94 25000
23 51 77 25000
24 25 106 25000
24 26 71 25000
24 27 95 25000
24 28 78 25000
24 29 89 25000
24 30 102 25000
24 31 94 25000
24 32 81 25000
24 33 90 25000
24 34 73 25000
24 35 85 25000
24 36 105 25000
24 37 88 25000
24 38 93 25000
24 39 82 25000
24 40 85 25000
24 41 97 25000
24 42 88 25000
24 43 84 25000
24 44 80 25000
24 45 83 25000
24 46 87 25000
24 47 87 25000
24 48 76 25000
24 49 87 25000
24 50 87 25000
24 51 82 25000
25 26 90 25000
25 27 92 25000
25 28 83 25000
25 29 81 25000
25 30 101 25000
25 31 86 25000
25 32 83 25000
25 33 101 25000
25 34 81 25000
25 35 82 25000
25 36 78 25000
25 37 95 25000
25 38 96 25000
25 39 78 25000
25 40 92 25000
25 41 105 25000
25 42 74 25000
25 43 77 25000
25 44 95 25000
25 45 74 25000
25 46 87 25000
25 47 68 25000
25 48 99 25000
25 49 75 25000
25 50 87 25000
25 51 73 25000
26 27 107 25000
26 28 98 25000
26 29 109 25000
26 30 94 25000
26 31 88 25000
26 32 96 25000
26 33 112 25000
26 34 122 25000
26 35 129 25000
26 36 102 25000
26 37 111 25000
26 38 94 25000
26 39 82 25000
26 40 87 25000
26 41 92 25000
26 42 65 25000
26 43 68 25000
26 44 86 25000
26 45 98 25000
26 46 75 25000
26 47 77 25000
26 48 86 25000
26 49 81 25000
26 50 68 25000
26 51 89 25000
27 28 103 25000
27 29 110 25000
27 30 105 25000
27 31 101 25000
27 32 98 25000
27 33 91 25000
27 34 99 25000
27 35 108 25000
27 36 105 25000
27 37 93 25000
27 38 116 25000
27 39 86 25000
27 40 80 25000
27 41 84 25000
27 42 76 25000
27 43 87 25000
27 44 83 25000
27 45 82 25000
27 46 91 25000
27 47 88 25000
27 48 76 25000
27 49 92 25000
27 50 67 25000
27 51 77 25000
28 29 91 25000
28 30 106 25000
28 31 86 25000
28 32 108 25000
28 33 110 25000
28 34 106 25000
28 35 96 25000
28 36 102 25000
28 37 96 25000
28 38 116 25000
28 39 85 25000
28 40 94 25000
28 41 102 25000
28 42 90 25000
28 43 78 25000
28 44 93 25000
28 45 80 25000
28 46 81 25000
28 47 90 25000
28 48 72 25000
28 49 82 25000
28 50 75 25000
28 51 92 25000
29 30 111 25000
29 31 117 25000
29 32 85 25000
29 33 114 25000
29 34 84 25000
29 35 87 25000
29 36 92 25000
29 37 99 25000
29 38 92 25000
29 39 82 25000
29 40 94 25000
29 41 91 25000
29 42 100 25000
29 43 69 25000
29 44 80 25000
29 45 83 25000
29 46 81 25000
29 47 99 25000
29 48 95 25000
29 49 94 25000
29 50 84 25000
29 51 93 25000
30 31 113 25000
30 32 86 25000
30 33 117 25000
30 34 106 25000
30 35 105 25000
30 36 93 25000
30 37 93 25000
30 38 106 25000
30 39 101 25000
30 40 83 25000
30 41 84 25000
30 42 91 25000
30 43 90 25000
30 44 87 25000
30 45 96 25000
30 46 88 25000
30 47 84 25000
30 48 85 25000
30 49 77 25000
30 50 99 25000
30 51 104 25000
31 32 93 25000
31 33 81 25000
31 34 96 25000
31 35 91 25000
31 36 104 25000
31 37 102 25000
31 38 107 25000
31 39 75 25000
31 40 96 25000
31 41 92 25000
31 42 91 25000
31 43 86 25000
31 44 76 25000
31 45 77 25000
31 46 88 25000
31 47 84 25000
31 48 62 25000
31 49 71 25000
31 50 80 25000
31 51 79 25000
32 33 107 25000
32 34 91 25000
32 35 96 25000
32 36 93 25000
32 37 92 25000
32 38 108 25000
32 39 82 25000
32 40 91 25000
32 41 74 25000
32 42 89 25000
32 43 83 25000
32 44 84 25000
32 45 97 25000
32 46 83 25000
32 47 94 25000
32 48 66 25000
32 49 70 25000
32 50 88 25000
32 51 75 25000
33 34 105 25000
33 35 105 25000
33 36 92 25000
33 37 108 25000
33 38 106 25000
33 39 98 25000
33 40 96 25000
33 41 94 25000
33 42 95 25000
33 43 93 25000
33 44 94 25000
33 45 90 25000
33 46 73 25000
33 47 93 25000
33 48 95 25000
33 49 96 25000
33 50 87 25000
33 51 83 25000
34 35 92 25000
34 36 97 25000
34 37 92 25000
34 38 103 25000
34 39 89 25000
34 40 64 25000
34 41 107 25000
34 42 96 25000
34 43 80 25000
34 44 70 25000
34 45 69 25000
34 46 80 25000
34 47 87 25000
34 48 87 25000
34 49 94 25000
34 50 85 25000
34 51 94 25000
35 36 105 25000
35 37 110 25000
35 38 113 25000
35 39 80 25000
35 40 93 25000
35 41 78 25000
35 42 81 25000
35 43 86 25000
35 44 81 25000
35 45 101 25000
35 46 78 25000
35 47 90 25000
35 48 76 25000
35 49 76 25000
35 50 94 25000
35 51 76 25000
36 37 105 25000
36 38 96 25000
36 39 90 25000
36 40 92 25000
36 41 82 25000
36 42 93 25000
36 43 92 25000
36 44 79 25000
36 45 103 25000
36 46 83 25000
36 47 73 25000
36 48 96 25000
36 49 80 25000
36 50 91 25000
36 51 88 25000
37 38 103 25000
37 39 88 25000
37 40 90 25000
37 41 85 25000
37 42 77 25000
37 43 82 25000
37 44 95 25000
37 45 79 25000
37 46 79 25000
37 47 77 25000
37 48 87 25000
37 49 68 25000
37 50 83 25000
37 51 89 25000
38 39 88 25000
38 40 86 25000
38 41 100 25000
38 42 85 25000
38 43 84 25000
38 44 95 25000
38 45 89 25000
38 46 96 25000
38 47 93 25000
38 48 98 25000
38 49 86 25000
38 50 92 25000
38 51 83 25000
39 40 99 25000
39 41 97 25000
39 42 92 25000
39 43 91 25000
39 44 99 25000
39 45 84 25000
39 46 92 25000
39 47 102 25000
39 48 103 25000
39 49 98 25000
39 50 87 25000
39 51 106 25000
40 41 108 25000
40 42 99 25000
40 43 101 25000
40 44 120 25000
40 45 86 25000
40 46 109 25000
40 47 111 25000
40 48 102 25000
40 49 82 25000
40 50 93 25000
40 51 83 25000
41 42 95 25000
41 43 96 25000
41 44 96 25000
41 45 87 25000
41 46 92 25000
41 47 98 25000
41 48 93 25000
41 49 117 25000
41 50 88 25000
41 51 108 25000
42 43 94 25000
42 44 92 25000
42 45 81 25000
42 46 98 25000
42 47 106 25000
42 48 115 25000
42 49 91 25000
42 50 90 25000
42 51 106 25000
43 44 91 25000
43 45 108 25000
43 46 90 25000
43 47 96 25000
43 48 101 25000
43 49 100 25000
43 50 108 25000
43 51 102 25000
44 45 98 25000
44 46 97 25000
44 47 79 25000
44 48 115 25000
44 49 88 25000
44 50 90 25000
44 51 108 25000
45 46 99 25000
45 47 90 25000
45 48 116 25000
45 49 106 25000
45 50 90 25000
45 51 105 25000
46 47 92 25000
46 48 97 25000
46 49 99 25000
46 50 97 25000
46 51 98 25000
47 48 103 25000
47 49 97 25000
47 50 85 25000
47 51 100 25000
48 49 109 25000
48 50 112 25000
48 51 118 25000
49 50 96 25000
49 51 99 25000
50 51 101 25000
