0 1 155 25000
0 2 134 25000
0 3 116 25000
0 4 144 25000
0 5 127 25000
0 6 112 25000
0 7 109 25000
0 8 125 25000
0 9 116 25000
0 10 119 25000
0 11 114 25000
0 12 148 25000
0 13 56 25000
0 14 85 25000
0 15 96 25000
0 16 76 25000
0 17 68 25000
0 18 78 25000
0 19 89 25000
0 20 96 25000
0 21 92 25000
0 22 81 25000
0 23 79 25000
0 24 78 25000
0 25 82 25000
0 26 89 25000
0 27 62 25000
0 28 86 25000
0 29 74 25000
0 30 99 25000
0 31 71 25000
0 32 69 25000
0 33 79 25000
0 34 78 25000
0 35 57 25000
0 36 93 25000
0 37 78 25000
0 38 92 25000
0 39 86 25000
0 40 89 25000
0 41 80 25000
0 42 77 25000
0 43 69 25000
0 44 74 25000
0 45 81 25000
0 46 77 25000
0 47 80 25000
0 48 66 25000
0 49 74 25000
0 50 70 25000
0 51 85 25000
1 2 114 25000
1 3 114 25000
1 4 118 25000
1 5 129 25000
1 6 130 25000
1 7 125 25000
1 8 108 25000
1 9 120 25000
1 10 103 25000
1 11 120 25000
1 12 142 25000
1 13 94 25000
1 14 82 25000
1 15 80 25000
1 16 80 25000
1 17 84 25000
1 18 79 25000
1 19 72 25000
1 20 89 25000
1 21 77 25000
1 22 83 25000
1 23 73 25000
1 24 85 25000
1 25 96 25000
1 26 69 25000
1 27 82 25000
1 28 95 25000
1 29 77 25000
1 30 64 25000
1 31 56 25000
1 32 91 25000
1 33 86 25000
1 34 72 25000
1 35 78 25000
1 36 82 25000
1 37 80 25000
1 38 76 25000
1 39 82 25000
1 40 74 25000
1 41 81 25000
1 42 79 25000
1 43 83 25000
1 44 76 25000
1 45 79 25000
1 46 87 25000
1 47 76 25000
1 48 74 25000
1 49 78 25000
1 50 95 25000
1 51 94 25000
2 3 113 25000
2 4 117 25000
2 5 121 25000
2 6 120 25000
2 7 113 25000
2 8 113 25000
2 9 107 25000
2 10 134 25000
2 11 119 25000
2 12 114 25000
2 13 81 25000
2 14 82 25000
2 15 64 25000
2 16 79 25000
2 17 89 25000
2 18 71 25000
2 19 78 25000
2 20 81 25000
2 21 105 25000
2 22 72 25000
2 23 86 25000
2 24 76 25000
2 25 72 25000
2 26 91 25000
2 27 66 25000
2 28 67 25000
2 29 85 25000
2 30 80 25000
2 31 93 25000
2 32 74 25000
2 33 81 25000
2 34 80 25000
2 35 70 25000
2 36 79 25000
2 37 95 25000
2 38 84 25000
2 39 95 25000
2 40 82 25000
2 41 73 25000
2 42 79 25000
2 43 74 25000
2 44 88 25000
2 45 79 25000
2 46 71 25000
2 47 68 25000
2 48 83 25000
2 49 79 25000
2 50 82 25000
2 51 82 25000
3 4 132 25000
3 5 112 25000
3 6 124 25000
3 7 126 25000
3 8 97 25000
3 9 119 25000
3 10 127 25000
3 11 127 25000
3 12 113 25000
3 13 75 25000
3 14 79 25000
3 15 86 25000
3 16 80 25000
3 17 74 25000
3 18 67 25000
3 19 81 25000
3 20 75 25000
3 21 97 25000
3 22 89 25000
3 23 81 25000
3 24 89 25000
3 25 69 25000
3 26 86 25000
3 27 77 25000
3 28 86 25000
3 29 65 25000
3 30 85 25000
3 31 69 25000
3 32 66 25000
3 33 67 25000
3 34 76 25000
3 35 67 25000
3 36 70 25000
3 37 78 25000
3 38 78 25000
3 39 82 25000
3 40 85 25000
3 41 78 25000
3 42 49 25000
3 43 83 25000
3 44 78 25000
3 45 83 25000
3 46 77 25000
3 47 80 25000
3 48 79 25000
3 49 79 25000
3 50 90 25000
3 51 77 25000
4 5 97 25000
4 6 136 25000
4 7 120 25000
4 8 135 25000
4 9 129 25000
4 10 118 25000
4 11 130 25000
4 12 117 25000
4 13 94 25000
4 14 86 25000
4 15 97 25000
4 16 76 25000
4 17 94 25000
4 18 77 25000
4 19 70 25000
4 20 84 25000
4 21 89 25000
4 22 79 25000
4 23 87 25000
4 24 85 25000
4 25 72 25000
4 26 86 25000
4 27 83 25000
4 28 72 25000
4 29 72 25000
4 30 88 25000
4 31 69 25000
4 32 82 25000
4 33 85 25000
4 34 92 25000
4 35 84 25000
4 36 66 25000
4 37 82 25000
4 38 79 25000
4 39 84 25000
4 40 80 25000
4 41 82 25000
4 42 69 25000
4 43 67 25000
4 44 99 25000
4 45 72 25000
4 46 72 25000
4 47 94 25000
4 48 93 25000
4 49 85 25000
4 50 75 25000
4 51 76 25000
5 6 122 25000
5 7 131 25000
5 8 116 25000
5 9 109 25000
5 10 117 25000
5 11 131 25000
5 12 146 25000
5 13 80 25000
5 14 78 25000
5 15 73 25000
5 16 85 25000
5 17 76 25000
5 18 83 25000
5 19 82 25000
5 20 76 25000
5 21 70 25000
5 22 74 25000
5 23 96 25000
5 24 73 25000
5 25 87 25000
5 26 82 25000
5 27 69 25000
5 28 80 25000
5 29 69 25000
5 30 81 25000
5 31 65 25000
5 32 88 25000
5 33 87 25000
5 34 80 25000
5 35 79 25000
5 36 85 25000
5 37 69 25000
5 38 89 25000
5 39 85 25000
5 40 75 25000
5 41 83 25000
5 42 72 25000
5 43 83 25000
5 44 73 25000
5 45 71 25000
5 46 79 25000
5 47 82 25000
5 48 79 25000
5 49 85 25000
5 50 93 25000
5 51 77 25000
6 7 113 25000
6 8 117 25000
6 9 114 25000
6 10 136 25000
6 11 135 25000
6 12 134 25000
6 13 72 25000
6 14 79 25000
6 15 73 25000
6 16 66 25000
6 17 85 25000
6 18 93 25000
6 19 89 25000
6 20 67 25000
6 21 77 25000
6 22 88 25000
6 23 85 25000
6 24 81 25000
6 25 86 25000
6 26 94 25000
6 27 99 25000
6 28 87 25000
6 29 78 25000
6 30 74 25000
6 31 84 25000
6 32 88 25000
6 33 84 25000
6 34 100 25000
6 35 68 25000
6 36 78 25000
6 37 83 25000
6 38 84 25000
6 39 77 25000
6 40 85 25000
6 41 79 25000
6 42 90 25000
6 43 76 25000
6 44 93 25000
6 45 77 25000
6 46 90 25000
6 47 85 25000
6 48 88 25000
6 49 84 25000
6 50 66 25000
6 51 86 25000
7 8 123 25000
7 9 114 25000
7 10 100 25000
7 11 136 25000
7 12 130 25000
7 13 90 25000
7 14 77 25000
7 15 63 25000
7 16 68 25000
7 17 77 25000
7 18 76 25000
7 19 97 25000
7 20 80 25000
7 21 69 25000
7 22 78 25000
7 23 69 25000
7 24 75 25000
7 25 70 25000
7 26 89 25000
7 27 84 25000
7 28 69 25000
7 29 86 25000
7 30 86 25000
7 31 72 25000
7 32 83 25000
7 33 87 25000
7 34 59 25000
7 35 69 25000
7 36 82 25000
7 37 77 25000
7 38 86 25000
7 39 72 25000
7 40 84 25000
7 41 72 25000
7 42 96 25000
7 43 78 25000
7 44 88 25000
7 45 70 25000
7 46 72 25000
7 47 85 25000
7 48 96 25000
7 49 77 25000
7 50 70 25000
7 51 72 25000
8 9 105 25000
8 10 109 25000
8 11 126 25000
8 12 115 25000
8 13 90 25000
8 14 63 25000
8 15 89 25000
8 16 80 25000
8 17 83 25000
8 18 103 25000
8 19 73 25000
8 20 72 25000
8 21 93 25000
8 22 80 25000
8 23 85 25000
8 24 78 25000
8 25 69 25000
8 26 83 25000
8 27 76 25000
8 28 74 25000
8 29 71 25000
8 30 79 25000
8 31 83 25000
8 32 78 25000
8 33 67 25000
8 34 86 25000
8 35 80 25000
8 36 83 25000
8 37 82 25000
8 38 79 25000
8 39 79 25000
8 40 79 25000
8 41 77 25000
8 42 82 25000
8 43 85 25000
8 44 89 25000
8 45 83 25000
8 46 100 25000
8 47 77 25000
8 48 94 25000
8 49 77 25000
8 50 96 25000
8 51 78 25000
9 10 120 25000
9 11 128 25000
9 12 145 25000
9 13 74 25000
9 14 89 25000
9 15 82 25000
9 16 79 25000
9 17 87 25000
9 18 84 25000
9 19 66 25000
9 20 82 25000
9 21 85 25000
9 22 87 25000
9 23 76 25000
9 24 81 25000
9 25 70 25000
9 26 87 25000
9 27 75 25000
9 28 64 25000
9 29 69 25000
9 30 75 25000
9 31 57 25000
9 32 83 25000
9 33 88 25000
9 34 81 25000
9 35 64 25000
9 36 61 25000
9 37 75 25000
9 38 84 25000
9 39 93 25000
9 40 96 25000
9 41 78 25000
9 42 79 25000
9 43 80 25000
9 44 79 25000
9 45 84 25000
9 46 96 25000
9 47 68 25000
9 48 72 25000
9 49 69 25000
9 50 78 25000
9 51 73 25000
10 11 127 25000
10 12 140 25000
10 13 98 25000
10 14 80 25000
10 15 77 25000
10 16 77 25000
10 17 68 25000
10 18 66 25000
10 19 76 25000
10 20 73 25000
10 21 58 25000
10 22 86 25000
10 23 83 25000
10 24 85 25000
10 25 74 25000
10 26 76 25000
10 27 70 25000
10 28 83 25000
10 29 88 25000
10 30 84 25000
10 31 67 25000
10 32 93 25000
10 33 78 25000
10 34 82 25000
10 35 77 25000
10 36 73 25000
10 37 78 25000
10 38 70 25000
10 39 73 25000
10 40 63 25000
10 41 74 25000
10 42 73 25000
10 43 73 25000
10 44 79 25000
10 45 70 25000
10 46 87 25000
10 47 75 25000
10 48 74 25000
10 49 98 25000
10 50 99 25000
10 51 84 25000
11 12 143 25000
11 13 76 25000
11 14 77 25000
11 15 83 25000
11 16 84 25000
11 17 71 25000
11 18 97 25000
11 19 85 25000
11 20 78 25000
11 21 65 25000
11 22 80 25000
11 23 94 25000
11 24 88 25000
11 25 80 25000
11 26 83 25000
11 27 81 25000
11 28 74 25000
11 29 80 25000
11 30 89 25000
11 31 76 25000
11 32 72 25000
11 33 88 25000
11 34 89 25000
11 35 85 25000
11 36 77 25000
11 37 96 25000
11 38 75 25000
11 39 91 25000
11 40 78 25000
11 41 78 25000
11 42 67 25000
11 43 83 25000
11 44 86 25000
11 45 80 25000
11 46 77 25000
11 47 82 25000
11 48 83 25000
11 49 64 25000
11 50 80 25000
11 51 82 25000
12 13 133 25000
12 14 127 25000
12 15 131 25000
12 16 143 25000
12 17 131 25000
12 18 114 25000
12 19 134 25000
12 20 139 25000
12 21 132 25000
12 22 144 25000
12 23 135 25000
12 24 137 25000
12 25 146 25000
12 26 127 25000
12 27 130 25000
12 28 101 25000
12 29 135 25000
12 30 134 25000
12 31 120 25000
12 32 122 25000
12 33 115 25000
12 34 131 25000
12 35 117 25000
12 36 138 25000
12 37 133 25000
12 38 127 25000
12 39 169 25000
12 40 112 25000
12 41 118 25000
12 42 132 25000
12 43 135 25000
12 44 141 25000
12 45 118 25000
12 46 144 25000
12 47 150 25000
12 48 122 25000
12 49 130 25000
12 50 156 25000
12 51 120 25000
13 14 88 25000
13 15 84 25000
13 16 68 25000
13 17 87 25000
13 18 86 25000
13 19 76 25000
13 20 84 25000
13 21 91 25000
13 22 83 25000
13 23 67 25000
13 24 67 25000
13 25 80 25000
13 26 74 25000
13 27 91 25000
13 28 83 25000
13 29 79 25000
13 30 81 25000
13 31 77 25000
13 32 91 25000
13 33 79 25000
13 34 86 25000
13 35 69 25000
13 36 91 25000
13 37 76 25000
13 38 70 25000
13 39 97 25000
13 40 72 25000
13 41 98 25000
13 42 71 25000
13 43 80 25000
13 44 70 25000
13 45 75 25000
13 46 88 25000
13 47 90 25000
13 48 81 25000
13 49 93 25000
13 50 110 25000
13 51 77 25000
14 15 89 25000
14 16 86 25000
14 17 78 25000
14 18 75 25000
14 19 85 25000
14 20 75 25000
14 21 78 25000
14 22 83 25000
14 23 71 25000
14 24 91 25000
14 25 68 25000
14 26 79 25000
14 27 68 25000
14 28 85 25000
14 29 114 25000
14 30 76 25000
14 31 68 25000
14 32 87 25000
14 33 84 25000
14 34 92 25000
14 35 83 25000
14 36 78 25000
14 37 91 25000
14 38 74 25000
14 39 75 25000
14 40 75 25000
14 41 83 25000
14 42 79 25000
14 43 81 25000
14 44 85 25000
14 45 81 25000
14 46 82 25000
14 47 84 25000
14 48 74 25000
14 49 92 25000
14 50 81 25000
14 51 82 25000
15 16 85 25000
15 17 105 25000
15 18 86 25000
15 19 90 25000
15 20 87 25000
15 21 90 25000
15 22 91 25000
15 23 92 25000
15 24 83 25000
15 25 63 25000
15 26 83 25000
15 27 90 25000
15 28 89 25000
15 29 75 25000
15 30 102 25000
15 31 88 25000
15 32 102 25000
15 33 101 25000
15 34 89 25000
15 35 74 25000
15 36 73 25000
15 37 70 25000
15 38 75 25000
15 39 96 25000
15 40 87 25000
15 41 92 25000
15 42 71 25000
15 43 72 25000
15 44 86 25000
15 45 72 25000
15 46 76 25000
15 47 94 25000
15 48 107 25000
15 49 85 25000
15 50 89 25000
15 51 63 25000
16 17 79 25000
16 18 72 25000
16 19 77 25000
16 20 72 25000
16 21 74 25000
16 22 101 25000
16 23 86 25000
16 24 68 25000
16 25 90 25000
16 26 100 25000
16 27 69 25000
16 28 73 25000
16 29 76 25000
16 30 80 25000
16 31 92 25000
16 32 91 25000
16 33 110 25000
16 34 59 25000
16 35 75 25000
16 36 68 25000
16 37 76 25000
16 38 86 25000
16 39 83 25000
16 40 64 25000
16 41 64 25000
16 42 86 25000
16 43 76 25000
16 44 74 25000
16 45 76 25000
16 46 79 25000
16 47 100 25000
16 48 103 25000
16 49 81 25000
16 50 90 25000
16 51 96 25000
17 18 82 25000
17 19 91 25000
17 20 84 25000
17 21 91 25000
17 22 92 25000
17 23 74 25000
17 24 91 25000
17 25 80 25000
17 26 80 25000
17 27 70 25000
17 28 78 25000
17 29 87 25000
17 30 77 25000
17 31 94 25000
17 32 94 25000
17 33 73 25000
17 34 79 25000
17 35 85 25000
17 36 97 25000
17 37 100 25000
17 38 81 25000
17 39 87 25000
17 40 81 25000
17 41 84 25000
17 42 100 25000
17 43 91 25000
17 44 93 25000
17 45 84 25000
17 46 111 25000
17 47 81 25000
17 48 92 25000
17 49 100 25000
17 50 71 25000
17 51 69 25000
18 19 94 25000
18 20 92 25000
18 21 95 25000
18 22 80 25000
18 23 87 25000
18 24 81 25000
18 25 103 25000
18 26 99 25000
18 27 81 25000
18 28 87 25000
18 29 78 25000
18 30 90 25000
18 31 69 25000
18 32 81 25000
18 33 86 25000
18 34 85 25000
18 35 79 25000
18 36 74 25000
18 37 106 25000
18 38 72 25000
18 39 98 25000
18 40 72 25000
18 41 75 25000
18 42 93 25000
18 43 106 25000
18 44 77 25000
18 45 95 25000
18 46 103 25000
18 47 78 25000
18 48 82 25000
18 49 88 25000
18 50 99 25000
18 51 79 25000
19 20 75 25000
19 21 84 25000
19 22 85 25000
19 23 117 25000
19 24 96 25000
19 25 78 25000
19 26 98 25000
19 27 89 25000
19 28 62 25000
19 29 68 25000
19 30 81 25000
19 31 95 25000
19 32 81 25000
19 33 74 25000
19 34 87 25000
19 35 75 25000
19 36 81 25000
19 37 100 25000
19 38 78 25000
19 39 95 25000
19 40 76 25000
19 41 87 25000
19 42 76 25000
19 43 82 25000
19 44 84 25000
19 45 85 25000
19 46 100 25000
19 47 86 25000
19 48 76 25000
19 49 85 25000
19 50 69 25000
19 51 79 25000
20 21 98 25000
20 22 69 25000
20 23 96 25000
20 24 69 25000
20 25 86 25000
20 26 105 25000
20 27 85 25000
20 28 87 25000
20 29 93 25000
20 30 93 25000
20 31 90 25000
20 32 90 25000
20 33 104 25000
20 34 88 25000
20 35 90 25000
20 36 69 25000
20 37 90 25000
20 38 82 25000
20 39 92 25000
20 40 99 25000
20 41 77 25000
20 42 74 25000
20 43 101 25000
20 44 79 25000
20 45 95 25000
20 46 80 25000
20 47 79 25000
20 48 85 25000
20 49 99 25000
20 50 82 25000
20 51 80 25000
21 22 83 25000
21 23 88 25000
21 24 57 25000
21 25 82 25000
21 26 93 25000
21 27 76 25000
21 28 84 25000
21 29 64 25000
21 30 125 25000
21 31 99 25000
21 32 83 25000
21 33 96 25000
21 34 72 25000
21 35 62 25000
21 36 89 25000
21 37 84 25000
21 38 81 25000
21 39 92 25000
21 40 87 25000
21 41 77 25000
21 42 98 25000
21 43 90 25000
21 44 85 25000
21 45 87 25000
21 46 82 25000
21 47 96 25000
21 48 70 25000
21 49 77 25000
21 50 76 25000
21 51 91 25000
22 23 82 25000
22 24 85 25000
22 25 78 25000
22 26 86 25000
22 27 72 25000
22 28 69 25000
22 29 84 25000
22 30 83 25000
22 31 79 25000
22 32 90 25000
22 33 88 25000
22 34 87 25000
22 35 79 25000
22 36 99 25000
22 37 79 25000
22 38 77 25000
22 39 104 25000
22 40 80 25000
22 41 89 25000
22 42 79 25000
22 43 85 25000
22 44 86 25000
22 45 68 25000
22 46 87 25000
22 47 90 25000
22 48 88 25000
22 49 95 25000
22 50 82 25000
22 51 98 25000
23 24 88 25000
23 25 71 25000
23 26 78 25000
23 27 75 25000
23 28 108 25000
23 29 95 25000
23 30 85 25000
23 31 89 25000
23 32 84 25000
23 33 78 25000
23 34 99 25000
23 35 78 25000
23 36 74 25000
23 37 68 25000
23 38 88 25000
23 39 77 25000
23 40 95 25000
23 41 85 25000
23 42 73 25000
23 43 74 25000
23 44 94 25000
23 45 93 25000
23 46 106 25000
23 47 87 25000
23 48 79 25000
23 49 90 25000
23 50 82 25000
23 51 76 25000
24 25 74 25000
24 26 81 25000
24 27 82 25000
24 28 77 25000
24 29 74 25000
24 30 104 25000
24 31 84 25000
24 32 85 25000
24 33 80 25000
24 34 76 25000
24 35 70 25000
24 36 94 25000
24 37 84 25000
24 38 87 25000
24 39 104 25000
24 40 84 25000
24 41 80 25000
24 42 81 25000
24 43 71 25000
24 44 77 25000
24 45 86 25000
24 46 85 25000
24 47 87 25000
24 48 95 25000
24 49 90 25000
24 50 68 25000
24 51 74 25000
25 26 69 25000
25 27 67 25000
25 28 85 25000
25 29 77 25000
25 30 89 25000
25 31 66 25000
25 32 77 25000
25 33 82 25000
25 34 87 25000
25 35 73 25000
25 36 84 25000
25 37 74 25000
25 38 117 25000
25 39 76 25000
25 40 87 25000
25 41 62 25000
25 42 71 25000
25 43 85 25000
25 44 75 25000
25 45 96 25000
25 46 80 25000
25 47 78 25000
25 48 83 25000
25 49 75 25000
25 50 85 25000
25 51 111 25000
26 27 72 25000
26 28 88 25000
26 29 91 25000
26 30 79 25000
26 31 75 25000
26 32 85 25000
26 33 92 25000
26 34 86 25000
26 35 74 25000
26 36 93 25000
26 37 89 25000
26 38 75 25000
26 39 74 25000
26 40 86 25000
26 41 70 25000
26 42 82 25000
26 43 71 25000
26 44 85 25000
26 45 96 25000
26 46 87 25000
26 47 93 25000
26 48 90 25000
26 49 86 25000
26 50 92 25000
26 51 104 25000
27 28 88 25000
27 29 91 25000
27 30 70 25000
27 31 94 25000
27 32 82 25000
27 33 80 25000
27 34 81 25000
27 35 76 25000
27 36 86 25000
27 37 58 25000
27 38 65 25000
27 39 93 25000
27 40 78 25000
27 41 89 25000
27 42 70 25000
27 43 78 25000
27 44 75 25000
27 45 67 25000
27 46 66 25000
27 47 106 25000
27 48 69 25000
27 49 67 25000
27 50 97 25000
27 51 75 25000
28 29 78 25000
28 30 76 25000
28 31 85 25000
28 32 78 25000
28 33 70 25000
28 34 83 25000
28 35 83 25000
28 36 74 25000
28 37 77 25000
28 38 85 25000
28 39 68 25000
28 40 100 25000
28 41 80 25000
28 42 57 25000
28 43 93 25000
28 44 78 25000
28 45 84 25000
28 46 98 25000
28 47 80 25000
28 48 73 25000
28 49 82 25000
28 50 73 25000
28 51 74 25000
29 30 83 25000
29 31 63 25000
29 32 78 25000
29 33 80 25000
29 34 89 25000
29 35 73 25000
29 36 74 25000
29 37 68 25000
29 38 87 25000
29 39 78 25000
29 40 104 25000
29 41 74 25000
29 42 75 25000
29 43 74 25000
29 44 93 25000
29 45 77 25000
29 46 88 25000
29 47 74 25000
29 48 87 25000
29 49 92 25000
29 50 87 25000
29 51 88 25000
30 31 78 25000
30 32 91 25000
30 33 88 25000
30 34 92 25000
30 35 83 25000
30 36 93 25000
30 37 66 25000
30 38 67 25000
30 39 88 25000
30 40 69 25000
30 41 86 25000
30 42 99 25000
30 43 83 25000
30 44 84 25000
30 45 66 25000
30 46 98 25000
30 47 86 25000
30 48 62 25000
30 49 68 25000
30 50 85 25000
30 51 79 25000
31 32 80 25000
31 33 74 25000
31 34 80 25000
31 35 83 25000
31 36 70 25000
31 37 96 25000
31 38 86 25000
31 39 116 25000
31 40 81 25000
31 41 90 25000
31 42 76 25000
31 43 82 25000
31 44 73 25000
31 45 80 25000
31 46 80 25000
31 47 81 25000
31 48 95 25000
31 49 73 25000
31 50 75 25000
31 51 85 25000
32 33 75 25000
32 34 82 25000
32 35 77 25000
32 36 97 25000
32 37 87 25000
32 38 82 25000
32 39 94 25000
32 40 87 25000
32 41 89 25000
32 42 98 25000
32 43 87 25000
32 44 57 25000
32 45 68 25000
32 46 72 25000
32 47 105 25000
32 48 95 25000
32 49 78 25000
32 50 82 25000
32 51 96 25000
33 34 64 25000
33 35 77 25000
33 36 83 25000
33 37 82 25000
33 38 79 25000
33 39 75 25000
33 40 73 25000
33 41 72 25000
33 42 103 25000
33 43 76 25000
33 44 95 25000
33 45 80 25000
33 46 87 25000
33 47 86 25000
33 48 86 25000
33 49 84 25000
33 50 97 25000
33 51 87 25000
34 35 87 25000
34 36 85 25000
34 37 80 25000
34 38 89 25000
34 39 87 25000
34 40 80 25000
34 41 82 25000
34 42 84 25000
34 43 79 25000
34 44 72 25000
34 45 92 25000
34 46 92 25000
34 47 107 25000
34 48 80 25000
34 49 106 25000
34 50 75 25000
34 51 94 25000
35 36 69 25000
35 37 71 25000
35 38 92 25000
35 39 69 25000
35 40 84 25000
35 41 69 25000
35 42 81 25000
35 43 92 25000
35 44 75 25000
35 45 64 25000
35 46 82 25000
35 47 78 25000
35 48 78 25000
35 49 66 25000
35 50 84 25000
35 51 93 25000
36 37 88 25000
36 38 75 25000
36 39 91 25000
36 40 88 25000
36 41 61 25000
36 42 77 25000
36 43 97 25000
36 44 72 25000
36 45 81 25000
36 46 79 25000
36 47 63 25000
36 48 92 25000
36 49 86 25000
36 50 103 25000
36 51 79 25000
37 38 81 25000
37 39 99 25000
37 40 90 25000
37 41 72 25000
37 42 84 25000
37 43 105 25000
37 44 106 25000
37 45 85 25000
37 46 77 25000
37 47 65 25000
37 48 85 25000
37 49 72 25000
37 50 86 25000
37 51 84 25000
38 39 72 25000
38 40 83 25000
38 41 72 25000
38 42 86 25000
38 43 92 25000
38 44 94 25000
38 45 88 25000
38 46 79 25000
38 47 76 25000
38 48 82 25000
38 49 90 25000
38 50 70 25000
38 51 112 25000
39 40 92 25000
39 41 84 25000
39 42 83 25000
39 43 91 25000
39 44 94 25000
39 45 76 25000
39 46 96 25000
39 47 83 25000
39 48 69 25000
39 49 79 25000
39 50 72 25000
39 51 83 25000
40 41 77 25000
40 42 91 25000
40 43 80 25000
40 44 61 25000
40 45 81 25000
40 46 85 25000
40 47 86 25000
40 48 87 25000
40 49 79 25000
40 50 77 25000
40 51 100 25000
41 42 66 25000
41 43 60 25000
41 44 68 25000
41 45 88 25000
41 46 67 25000
41 47 85 25000
41 48 91 25000
41 49 100 25000
41 50 57 25000
41 51 78 25000
42 43 80 25000
42 44 74 25000
42 45 84 25000
42 46 64 25000
42 47 82 25000
42 48 79 25000
42 49 85 25000
42 50 68 25000
42 51 74 25000
43 44 79 25000
43 45 85 25000
43 46 91 25000
43 47 90 25000
43 48 68 25000
43 49 79 25000
43 50 82 25000
43 51 93 25000
44 45 84 25000
44 46 77 25000
44 47 89 25000
44 48 73 25000
44 49 87 25000
44 50 97 25000
44 51 77 25000
45 46 99 25000
45 47 93 25000
45 48 79 25000
45 49 93 25000
45 50 72 25000
45 51 83 25000
46 47 74 25000
46 48 102 25000
46 49 99 25000
46 50 87 25000
46 51 82 25000
47 48 74 25000
47 49 84 25000
47 50 88 25000
47 51 96 25000
48 49 83 25000
48 50 78 25000
48 51 73 25000
49 50 68 25000
49 51 73 25000
50 51 67 25000
