0 1 90 25000
0 2 111 25000
0 3 108 25000
0 4 85 25000
0 5 104 25000
0 6 90 25000
0 7 105 25000
0 8 98 25000
0 9 91 25000
0 10 114 25000
0 11 94 25000
0 12 110 25000
0 13 100 25000
0 14 75 25000
0 15 90 25000
0 16 83 25000
0 17 88 25000
0 18 89 25000
0 19 84 25000
0 20 88 25000
0 21 100 25000
0 22 73 25000
0 23 82 25000
0 24 85 25000
0 25 82 25000
0 26 88 25000
0 27 82 25000
0 28 85 25000
0 29 71 25000
0 30 82 25000
0 31 94 25000
0 32 72 25000
0 33 84 25000
0 34 89 25000
0 35 89 25000
0 36 94 25000
0 37 82 25000
0 38 85 25000
0 39 77 25000
0 40 87 25000
0 41 83 25000
0 42 87 25000
0 43 93 25000
0 44 83 25000
0 45 90 25000
0 46 76 25000
0 47 78 25000
0 48 75 25000
0 49 95 25000
0 50 90 25000
0 51 80 25000
1 2 103 25000
1 3 93 25000
1 4 103 25000
1 5 116 25000
1 6 96 25000
1 7 97 25000
1 8 92 25000
1 9 110 25000
1 10 71 25000
1 11 111 25000
1 12 126 25000
1 13 89 25000
1 14 82 25000
1 15 76 25000
1 16 79 25000
1 17 83 25000
1 18 87 25000
1 19 93 25000
1 20 101 25000
1 21 95 25000
1 22 87 25000
1 23 95 25000
1 24 77 25000
1 25 74 25000
1 26 88 25000
1 27 94 25000
1 28 94 25000
1 29 93 25000
1 30 89 25000
1 31 90 25000
1 32 78 25000
1 33 80 25000
1 34 97 25000
1 35 78 25000
1 36 83 25000
1 37 82 25000
1 38 86 25000
1 39 78 25000
1 40 84 25000
1 41 78 25000
1 42 99 25000
1 43 112 25000
1 44 95 25000
1 45 72 25000
1 46 82 25000
1 47 101 25000
1 48 91 25000
1 49 87 25000
1 50 83 25000
1 51 101 25000
2 3 105 25000
2 4 107 25000
2 5 111 25000
2 6 96 25000
2 7 86 25000
2 8 101 25000
2 9 91 25000
2 10 89 25000
2 11 107 25000
2 12 124 25000
2 13 89 25000
2 14 88 25000
2 15 93 25000
2 16 90 25000
2 17 82 25000
2 18 90 25000
2 19 71 25000
2 20 81 25000
2 21 83 25000
2 22 76 25000
2 23 92 25000
2 24 76 25000
2 25 90 25000
2 26 74 25000
2 27 89 25000
2 28 106 25000
2 29 91 25000
2 30 76 25000
2 31 88 25000
2 32 90 25000
2 33 85 25000
2 34 82 25000
2 35 88 25000
2 36 89 25000
2 37 85 25000
2 38 83 25000
2 39 102 25000
2 40 76 25000
2 41 105 25000
2 42 80 25000
2 43 78 25000
2 44 63 25000
2 45 92 25000
2 46 112 25000
2 47 75 25000
2 48 101 25000
2 49 85 25000
2 50 81 25000
2 51 89 25000
3 4 107 25000
3 5 105 25000
3 6 90 25000
3 7 105 25000
3 8 86 25000
3 9 92 25000
3 10 103 25000
3 11 88 25000
3 12 114 25000
3 13 88 25000
3 14 87 25000
3 15 84 25000
3 16 68 25000
3 17 73 25000
3 18 96 25000
3 19 74 25000
3 20 69 25000
3 21 67 25000
3 22 74 25000
3 23 78 25000
3 24 83 25000
3 25 80 25000
3 26 100 25000
3 27 71 25000
3 28 86 25000
3 29 74 25000
3 30 84 25000
3 31 80 25000
3 32 74 25000
3 33 69 25000
3 34 83 25000
3 35 91 25000
3 36 77 25000
3 37 77 25000
3 38 78 25000
3 39 80 25000
3 40 75 25000
3 41 99 25000
3 42 78 25000
3 43 90 25000
3 44 81 25000
3 45 74 25000
3 46 78 25000
3 47 91 25000
3 48 84 25000
3 49 91 25000
3 50 78 25000
3 51 91 25000
4 5 117 25000
4 6 92 25000
4 7 94 25000
4 8 83 25000
4 9 115 25000
4 10 94 25000
4 11 94 25000
4 12 112 25000
4 13 83 25000
4 14 87 25000
4 15 93 25000
4 16 83 25000
4 17 81 25000
4 18 85 25000
4 19 73 25000
4 20 68 25000
4 21 85 25000
4 22 82 25000
4 23 86 25000
4 24 67 25000
4 25 91 25000
4 26 97 25000
4 27 93 25000
4 28 90 25000
4 29 96 25000
4 30 78 25000
4 31 82 25000
4 32 85 25000
4 33 78 25000
4 34 88 25000
4 35 76 25000
4 36 78 25000
4 37 76 25000
4 38 89 25000
4 39 105 25000
4 40 88 25000
4 41 83 25000
4 42 73 25000
4 43 95 25000
4 44 76 25000
4 45 81 25000
4 46 97 25000
4 47 98 25000
4 48 89 25000
4 49 88 25000
4 50 92 25000
4 51 89 25000
5 6 87 25000
5 7 96 25000
5 8 93 25000
5 9 114 25000
5 10 80 25000
5 11 98 25000
5 12 121 25000
5 13 87 25000
5 14 69 25000
5 15 93 25000
5 16 81 25000
5 17 78 25000
5 18 94 25000
5 19 98 25000
5 20 88 25000
5 21 102 25000
5 22 86 25000
5 23 88 25000
5 24 88 25000
5 25 99 25000
5 26 91 25000
5 27 93 25000
5 28 91 25000
5 29 101 25000
5 30 91 25000
5 31 96 25000
5 32 89 25000
5 33 78 25000
5 34 101 25000
5 35 75 25000
5 36 82 25000
5 37 81 25000
5 38 89 25000
5 39 84 25000
5 40 81 25000
5 41 94 25000
5 42 83 25000
5 43 67 25000
5 44 76 25000
5 45 91 25000
5 46 102 25000
5 47 85 25000
5 48 94 25000
5 49 89 25000
5 50 73 25000
5 51 88 25000
6 7 89 25000
6 8 72 25000
6 9 88 25000
6 10 94 25000
6 11 92 25000
6 12 110 25000
6 13 95 25000
6 14 87 25000
6 15 68 25000
6 16 80 25000
6 17 73 25000
6 18 74 25000
6 19 77 25000
6 20 59 25000
6 21 94 25000
6 22 78 25000
6 23 75 25000
6 24 83 25000
6 25 83 25000
6 26 82 25000
6 27 75 25000
6 28 92 25000
6 29 86 25000
6 30 87 25000
6 31 84 25000
6 32 89 25000
6 33 76 25000
6 34 105 25000
6 35 75 25000
6 36 76 25000
6 37 84 25000
6 38 78 25000
6 39 85 25000
6 40 73 25000
6 41 59 25000
6 42 97 25000
6 43 78 25000
6 44 79 25000
6 45 82 25000
6 46 77 25000
6 47 73 25000
6 48 78 25000
6 49 84 25000
6 50 69 25000
6 51 96 25000
7 8 89 25000
7 9 100 25000
7 10 105 25000
7 11 98 25000
7 12 90 25000
7 13 84 25000
7 14 82 25000
7 15 63 25000
7 16 92 25000
7 17 91 25000
7 18 80 25000
7 19 71 25000
7 20 100 25000
7 21 76 25000
7 22 84 25000
7 23 71 25000
7 24 81 25000
7 25 79 25000
7 26 81 25000
7 27 75 25000
7 28 89 25000
7 29 84 25000
7 30 78 25000
7 31 91 25000
7 32 75 25000
7 33 73 25000
7 34 92 25000
7 35 77 25000
7 36 76 25000
7 37 87 25000
7 38 87 25000
7 39 86 25000
7 40 80 25000
7 41 82 25000
7 42 101 25000
7 43 85 25000
7 44 91 25000
7 45 91 25000
7 46 77 25000
7 47 88 25000
7 48 82 25000
7 49 93 25000
7 50 73 25000
7 51 80 25000
8 9 96 25000
8 10 90 25000
8 11 80 25000
8 12 107 25000
8 13 63 25000
8 14 88 25000
8 15 103 25000
8 16 82 25000
8 17 88 25000
8 18 76 25000
8 19 98 25000
8 20 78 25000
8 21 73 25000
8 22 93 25000
8 23 87 25000
8 24 81 25000
8 25 78 25000
8 26 71 25000
8 27 79 25000
8 28 80 25000
8 29 93 25000
8 30 88 25000
8 31 77 25000
8 32 96 25000
8 33 88 25000
8 34 90 25000
8 35 84 25000
8 36 91 25000
8 37 80 25000
8 38 68 25000
8 39 72 25000
8 40 82 25000
8 41 95 25000
8 42 97 25000
8 43 61 25000
8 44 88 25000
8 45 89 25000
8 46 82 25000
8 47 89 25000
8 48 72 25000
8 49 81 25000
8 50 80 25000
8 51 87 25000
9 10 104 25000
9 11 97 25000
9 12 115 25000
9 13 91 25000
9 14 89 25000
9 15 100 25000
9 16 74 25000
9 17 69 25000
9 18 85 25000
9 19 87 25000
9 20 76 25000
9 21 88 25000
9 22 87 25000
9 23 102 25000
9 24 93 25000
9 25 77 25000
9 26 64 25000
9 27 76 25000
9 28 82 25000
9 29 97 25000
9 30 77 25000
9 31 79 25000
9 32 85 25000
9 33 84 25000
9 34 88 25000
9 35 95 25000
9 36 102 25000
9 37 77 25000
9 38 79 25000
9 39 101 25000
9 40 75 25000
9 41 98 25000
9 42 84 25000
9 43 81 25000
9 44 78 25000
9 45 90 25000
9 46 98 25000
9 47 101 25000
9 48 107 25000
9 49 79 25000
9 50 93 25000
9 51 92 25000
10 11 93 25000
10 12 117 25000
10 13 83 25000
10 14 65 25000
10 15 75 25000
10 16 89 25000
10 17 73 25000
10 18 98 25000
10 19 78 25000
10 20 68 25000
10 21 92 25000
10 22 87 25000
10 23 83 25000
10 24 110 25000
10 25 83 25000
10 26 91 25000
10 27 86 25000
10 28 80 25000
10 29 74 25000
10 30 95 25000
10 31 84 25000
10 32 88 25000
10 33 80 25000
10 34 94 25000
10 35 83 25000
10 36 93 25000
10 37 79 25000
10 38 88 25000
10 39 83 25000
10 40 75 25000
10 41 100 25000
10 42 79 25000
10 43 94 25000
10 44 74 25000
10 45 99 25000
10 46 98 25000
10 47 67 25000
10 48 89 25000
10 49 82 25000
10 50 74 25000
10 51 95 25000
11 12 111 25000
11 13 78 25000
11 14 95 25000
11 15 80 25000
11 16 77 25000
11 17 88 25000
11 18 80 25000
11 19 86 25000
11 20 87 25000
11 21 83 25000
11 22 73 25000
11 23 83 25000
11 24 85 25000
11 25 89 25000
11 26 84 25000
11 27 86 25000
11 28 91 25000
11 29 75 25000
11 30 89 25000
11 31 78 25000
11 32 85 25000
11 33 95 25000
11 34 79 25000
11 35 87 25000
11 36 92 25000
11 37 82 25000
11 38 91 25000
11 39 89 25000
11 40 92 25000
11 41 72 25000
11 42 89 25000
11 43 86 25000
11 44 75 25000
11 45 78 25000
11 46 77 25000
11 47 93 25000
11 48 100 25000
11 49 91 25000
11 50 92 25000
11 51 67 25000
12 13 90 25000
12 14 89 25000
12 15 72 25000
12 16 91 25000
12 17 107 25000
12 18 88 25000
12 19 83 25000
12 20 84 25000
12 21 100 25000
12 22 94 25000
12 23 100 25000
12 24 96 25000
12 25 92 25000
12 26 80 25000
12 27 92 25000
12 28 81 25000
12 29 99 25000
12 30 87 25000
12 31 80 25000
12 32 81 25000
12 33 97 25000
12 34 86 25000
12 35 76 25000
12 36 95 25000
12 37 76 25000
12 38 85 25000
12 39 93 25000
12 40 104 25000
12 41 82 25000
12 42 101 25000
12 43 102 25000
12 44 94 25000
12 45 102 25000
12 46 86 25000
12 47 100 25000
12 48 78 25000
12 49 81 25000
12 50 92 25000
12 51 83 25000
13 14 99 25000
13 15 97 25000
13 16 103 25000
13 17 92 25000
13 18 95 25000
13 19 112 25000
13 20 97 25000
13 21 93 25000
13 22 90 25000
13 23 97 25000
13 24 104 25000
13 25 115 25000
13 26 101 25000
13 27 80 25000
13 28 88 25000
13 29 89 25000
13 30 77 25000
13 31 101 25000
13 32 95 25000
13 33 102 25000
13 34 91 25000
13 35 71 25000
13 36 86 25000
13 37 98 25000
13 38 102 25000
13 39 117 25000
13 40 84 25000
13 41 93 25000
13 42 85 25000
13 43 86 25000
13 44 80 25000
13 45 91 25000
13 46 69 25000
13 47 93 25000
13 48 79 25000
13 49 81 25000
13 50 92 25000
13 51 90 25000
14 15 99 25000
14 16 100 25000
14 17 95 25000
14 18 92 25000
14 19 99 25000
14 20 115 25000
14 21 96 25000
14 22 83 25000
14 23 103 25000
14 24 96 25000
14 25 98 25000
14 26 78 25000
14 27 91 25000
14 28 90 25000
14 29 80 25000
14 30 77 25000
14 31 88 25000
14 32 91 25000
14 33 93 25000
14 34 88 25000
14 35 91 25000
14 36 70 25000
14 37 80 25000
14 38 79 25000
14 39 95 25000
14 40 84 25000
14 41 90 25000
14 42 86 25000
14 43 99 25000
14 44 87 25000
14 45 77 25000
14 46 82 25000
14 47 84 25000
14 48 87 25000
14 49 78 25000
14 50 80 25000
14 51 86 25000
15 16 89 25000
15 17 95 25000
15 18 106 25000
15 19 91 25000
15 20 78 25000
15 21 113 25000
15 22 94 25000
15 23 102 25000
15 24 105 25000
15 25 106 25000
15 26 91 25000
15 27 89 25000
15 28 76 25000
15 29 77 25000
15 30 73 25000
15 31 68 25000
15 32 91 25000
15 33 76 25000
15 34 87 25000
15 35 88 25000
15 36 84 25000
15 37 100 25000
15 38 85 25000
15 39 95 25000
15 40 77 25000
15 41 100 25000
15 42 93 25000
15 43 75 25000
15 44 86 25000
15 45 90 25000
15 46 88 25000
15 47 75 25000
15 48 88 25000
15 49 81 25000
15 50 87 25000
15 51 85 25000
16 17 96 25000
16 18 106 25000
16 19 96 25000
16 20 95 25000
16 21 101 25000
16 22 94 25000
16 23 96 25000
16 24 103 25000
16 25 99 25000
16 26 97 25000
16 27 64 25000
16 28 87 25000
16 29 70 25000
16 30 92 25000
16 31 94 25000
16 32 82 25000
16 33 81 25000
16 34 89 25000
16 35 100 25000
16 36 101 25000
16 37 90 25000
16 38 90 25000
16 39 86 25000
16 40 84 25000
16 41 83 25000
16 42 90 25000
16 43 88 25000
16 44 86 25000
16 45 67 25000
16 46 63 25000
16 47 87 25000
16 48 80 25000
16 49 68 25000
16 50 79 25000
16 51 98 25000
17 18 91 25000
17 19 87 25000
17 20 112 25000
17 21 106 25000
17 22 109 25000
17 23 104 25000
17 24 105 25000
17 25 102 25000
17 26 86 25000
17 27 97 25000
17 28 78 25000
17 29 81 25000
17 30 93 25000
17 31 78 25000
17 32 77 25000
17 33 96 25000
17 34 69 25000
17 35 84 25000
17 36 78 25000
17 37 100 25000
17 38 91 25000
17 39 92 25000
17 40 79 25000
17 41 89 25000
17 42 75 25000
17 43 76 25000
17 44 73 25000
17 45 91 25000
17 46 80 25000
17 47 97 25000
17 48 77 25000
17 49 81 25000
17 50 99 25000
17 51 88 25000
18 19 72 25000
18 20 102 25000
18 21 99 25000
18 22 88 25000
18 23 98 25000
18 24 116 25000
18 25 104 25000
18 26 68 25000
18 27 84 25000
18 28 88 25000
18 29 95 25000
18 30 86 25000
18 31 78 25000
18 32 71 25000
18 33 67 25000
18 34 86 25000
18 35 83 25000
18 36 89 25000
18 37 81 25000
18 38 95 25000
18 39 84 25000
18 40 84 25000
18 41 92 25000
18 42 90 25000
18 43 72 25000
18 44 75 25000
18 45 100 25000
18 46 70 25000
18 47 93 25000
18 48 89 25000
18 49 94 25000
18 50 79 25000
18 51 78 25000
19 20 116 25000
19 21 91 25000
19 22 80 25000
19 23 90 25000
19 24 95 25000
19 25 85 25000
19 26 79 25000
19 27 85 25000
19 28 86 25000
19 29 85 25000
19 30 81 25000
19 31 88 25000
19 32 77 25000
19 33 77 25000
19 34 72 25000
19 35 84 25000
19 36 90 25000
19 37 89 25000
19 38 77 25000
19 39 70 25000
19 40 87 25000
19 41 86 25000
19 42 85 25000
19 43 88 25000
19 44 86 25000
19 45 84 25000
19 46 90 25000
19 47 83 25000
19 48 81 25000
19 49 64 25000
19 50 101 25000
19 51 85 25000
20 21 104 25000
20 22 97 25000
20 23 107 25000
20 24 87 25000
20 25 92 25000
20 26 82 25000
20 27 87 25000
20 28 69 25000
20 29 94 25000
20 30 83 25000
20 31 88 25000
20 32 81 25000
20 33 81 25000
20 34 82 25000
20 35 83 25000
20 36 95 25000
20 37 78 25000
20 38 80 25000
20 39 83 25000
20 40 87 25000
20 41 83 25000
20 42 82 25000
20 43 95 25000
20 44 77 25000
20 45 80 25000
20 46 89 25000
20 47 93 25000
20 48 77 25000
20 49 93 25000
20 50 91 25000
20 51 78 25000
21 22 98 25000
21 23 96 25000
21 24 112 25000
21 25 102 25000
21 26 77 25000
21 27 89 25000
21 28 87 25000
21 29 89 25000
21 30 72 25000
21 31 87 25000
21 32 96 25000
21 33 83 25000
21 34 93 25000
21 35 78 25000
21 36 98 25000
21 37 82 25000
21 38 85 25000
21 39 88 25000
21 40 92 25000
21 41 69 25000
21 42 88 25000
21 43 76 25000
21 44 93 25000
21 45 89 25000
21 46 86 25000
21 47 100 25000
21 48 90 25000
21 49 83 25000
21 50 83 25000
21 51 72 25000
22 23 111 25000
22 24 102 25000
22 25 93 25000
22 26 98 25000
22 27 82 25000
22 28 74 25000
22 29 104 25000
22 30 78 25000
22 31 96 25000
22 32 80 25000
22 33 79 25000
22 34 75 25000
22 35 82 25000
22 36 101 25000
22 37 70 25000
22 38 84 25000
22 39 78 25000
22 40 91 25000
22 41 98 25000
22 42 91 25000
22 43 78 25000
22 44 83 25000
22 45 84 25000
22 46 92 25000
22 47 76 25000
22 48 80 25000
22 49 82 25000
22 50 67 25000
22 51 87 25000
23 24 112 25000
23 25 102 25000
23 26 84 25000
23 27 92 25000
23 28 90 25000
23 29 89 25000
23 30 93 25000
23 31 85 25000
23 32 72 25000
23 33 74 25000
23 34 84 25000
23 35 97 25000
23 36 98 25000
23 37 80 25000
23 38 85 25000
23 39 111 25000
23 40 76 25000
23 41 77 25000
23 42 89 25000
23 43 77 25000
23 44 75 25000
23 45 84 25000
23 46 100 25000
23 47 82 25000
23 48 91 25000
23 49 85 25000
23 50 71 25000
23 51 99 25000
24 25 104 25000
24 26 109 25000
24 27 95 25000
24 28 65 25000
24 29 85 25000
24 30 77 25000
24 31 85 25000
24 32 91 25000
24 33 78 25000
24 34 89 25000
24 35 91 25000
24 36 84 25000
24 37 88 25000
24 38 101 25000
24 39 74 25000
24 40 90 25000
24 41 94 25000
24 42 70 25000
24 43 84 25000
24 44 91 25000
24 45 80 25000
24 46 68 25000
24 47 80 25000
24 48 84 25000
24 49 87 25000
24 50 73 25000
24 51 99 25000
25 26 101 25000
25 27 79 25000
25 28 73 25000
25 29 83 25000
25 30 85 25000
25 31 91 25000
25 32 84 25000
25 33 68 25000
25 34 100 25000
25 35 81 25000
25 36 86 25000
25 37 88 25000
25 38 77 25000
25 39 91 25000
25 40 88 25000
25 41 82 25000
25 42 81 25000
25 43 81 25000
25 44 85 25000
25 45 90 25000
25 46 99 25000
25 47 85 25000
25 48 76 25000
25 49 81 25000
25 50 63 25000
25 51 72 25000
26 27 101 25000
26 28 94 25000
26 29 120 25000
26 30 106 25000
26 31 103 25000
26 32 100 25000
26 33 86 25000
26 34 138 25000
26 35 97 25000
26 36 84 25000
26 37 116 25000
26 38 104 25000
26 39 87 25000
26 40 79 25000
26 41 94 25000
26 42 92 25000
26 43 93 25000
26 44 90 25000
26 45 74 25000
26 46 72 25000
26 47 89 25000
26 48 80 25000
26 49 81 25000
26 50 80 25000
26 51 99 25000
27 28 88 25000
27 29 98 25000
27 30 103 25000
27 31 100 25000
27 32 98 25000
27 33 95 25000
27 34 96 25000
27 35 101 25000
27 36 92 25000
27 37 109 25000
27 38 111 25000
27 39 92 25000
27 40 94 25000
27 41 73 25000
27 42 78 25000
27 43 104 25000
27 44 88 25000
27 45 76 25000
27 46 93 25000
27 47 75 25000
27 48 80 25000
27 49 73 25000
27 50 64 25000
27 51 78 25000
28 29 108 25000
28 30 93 25000
28 31 96 25000
28 32 101 25000
28 33 98 25000
28 34 92 25000
28 35 103 25000
28 36 110 25000
28 37 96 25000
28 38 98 25000
28 39 95 25000
28 40 92 25000
28 41 95 25000
28 42 86 25000
28 43 85 25000
28 44 88 25000
28 45 104 25000
28 46 89 25000
28 47 95 25000
28 48 83 25000
28 49 86 25000
28 50 91 25000
28 51 80 25000
29 30 99 25000
29 31 83 25000
29 32 99 25000
29 33 101 25000
29 34 89 25000
29 35 97 25000
29 36 84 25000
29 37 93 25000
29 38 99 25000
29 39 85 25000
29 40 88 25000
29 41 80 25000
29 42 101 25000
29 43 86 25000
29 44 103 25000
29 45 76 25000
29 46 97 25000
29 47 82 25000
29 48 83 25000
29 49 84 25000
29 50 90 25000
29 51 83 25000
30 31 118 25000
30 32 73 25000
30 33 86 25000
30 34 82 25000
30 35 94 25000
30 36 80 25000
30 37 87 25000
30 38 85 25000
30 39 102 25000
30 40 89 25000
30 41 102 25000
30 42 91 25000
30 43 88 25000
30 44 67 25000
30 45 85 25000
30 46 79 25000
30 47 97 25000
30 48 79 25000
30 49 75 25000
30 50 80 25000
30 51 73 25000
31 32 101 25000
31 33 101 25000
31 34 96 25000
31 35 104 25000
31 36 99 25000
31 37 97 25000
31 38 108 25000
31 39 94 25000
31 40 88 25000
31 41 94 25000
31 42 87 25000
31 43 85 25000
31 44 97 25000
31 45 93 25000
31 46 85 25000
31 47 88 25000
31 48 77 25000
31 49 78 25000
31 50 77 25000
31 51 90 25000
32 33 81 25000
32 34 92 25000
32 35 94 25000
32 36 89 25000
32 37 100 25000
32 38 96 25000
32 39 71 25000
32 40 79 25000
32 41 73 25000
32 42 70 25000
32 43 84 25000
32 44 80 25000
32 45 74 25000
32 46 72 25000
32 47 79 25000
32 48 86 25000
32 49 91 25000
32 50 90 25000
32 51 85 25000
33 34 86 25000
33 35 95 25000
33 36 98 25000
33 37 102 25000
33 38 95 25000
33 39 72 25000
33 40 76 25000
33 41 84 25000
33 42 90 25000
33 43 72 25000
33 44 97 25000
33 45 93 25000
33 46 96 25000
33 47 76 25000
33 48 104 25000
33 49 82 25000
33 50 90 25000
33 51 84 25000
34 35 102 25000
34 36 102 25000
34 37 118 25000
34 38 99 25000
34 39 82 25000
34 40 92 25000
34 41 84 25000
34 42 88 25000
34 43 87 25000
34 44 83 25000
34 45 81 25000
34 46 86 25000
34 47 82 25000
34 48 85 25000
34 49 83 25000
34 50 81 25000
34 51 95 25000
35 36 97 25000
35 37 100 25000
35 38 109 25000
35 39 102 25000
35 40 90 25000
35 41 80 25000
35 42 77 25000
35 43 84 25000
35 44 71 25000
35 45 71 25000
35 46 67 25000
35 47 82 25000
35 48 83 25000
35 49 92 25000
35 50 81 25000
35 51 98 25000
36 37 93 25000
36 38 99 25000
36 39 89 25000
36 40 85 25000
36 41 89 25000
36 42 81 25000
36 43 95 25000
36 44 89 25000
36 45 84 25000
36 46 88 25000
36 47 95 25000
36 48 82 25000
36 49 77 25000
36 50 80 25000
36 51 103 25000
37 38 115 25000
37 39 97 25000
37 40 98 25000
37 41 91 25000
37 42 82 25000
37 43 84 25000
37 44 92 25000
37 45 87 25000
37 46 82 25000
37 47 77 25000
37 48 83 25000
37 49 87 25000
37 50 93 25000
37 51 77 25000
38 39 78 25000
38 40 94 25000
38 41 89 25000
38 42 90 25000
38 43 92 25000
38 44 87 25000
38 45 89 25000
38 46 75 25000
38 47 83 25000
38 48 89 25000
38 49 86 25000
38 50 84 25000
38 51 90 25000
39 40 85 25000
39 41 103 25000
39 42 107 25000
39 43 90 25000
39 44 109 25000
39 45 91 25000
39 46 106 25000
39 47 98 25000
39 48 88 25000
39 49 108 25000
39 50 76 25000
39 51 113 25000
40 41 102 25000
40 42 104 25000
40 43 83 25000
40 44 107 25000
40 45 110 25000
40 46 90 25000
40 47 107 25000
40 48 100 25000
40 49 91 25000
40 50 90 25000
40 51 114 25000
41 42 113 25000
41 43 118 25000
41 44 107 25000
41 45 91 25000
41 46 105 25000
41 47 96 25000
41 48 99 25000
41 49 106 25000
41 50 95 25000
41 51 109 25000
42 43 111 25000
42 44 102 25000
42 45 95 25000
42 46 111 25000
42 47 108 25000
42 48 101 25000
42 49 111 25000
42 50 97 25000
42 51 101 25000
43 44 97 25000
43 45 103 25000
43 46 101 25000
43 47 105 25000
43 48 113 25000
43 49 91 25000
43 50 85 25000
43 51 91 25000
44 45 97 25000
44 46 100 25000
44 47 98 25000
44 48 101 25000
44 49 92 25000
44 50 104 25000
44 51 85 25000
45 46 92 25000
45 47 86 25000
45 48 100 25000
45 49 109 25000
45 50 92 25000
45 51 92 25000
46 47 114 25000
46 48 99 25000
46 49 85 25000
46 50 106 25000
46 51 87 25000
47 48 106 25000
47 49 94 25000
47 50 97 25000
47 51 106 25000
48 49 98 25000
48 50 107 25000
48 51 91 25000
49 50 105 25000
49 51 116 25000
50 51 80 25000
