0 1 137 25000
0 2 132 25000
0 3 116 25000
0 4 140 25000
0 5 136 25000
0 6 135 25000
0 7 126 25000
0 8 136 25000
0 9 132 25000
0 10 125 25000
0 11 129 25000
0 12 144 25000
0 13 114 25000
0 14 122 25000
0 15 119 25000
0 16 130 25000
0 17 128 25000
0 18 120 25000
0 19 115 25000
0 20 136 25000
0 21 117 25000
0 22 129 25000
0 23 115 25000
0 24 142 25000
0 25 131 25000
0 26 110 25000
0 27 121 25000
0 28 113 25000
0 29 125 25000
0 30 118 25000
0 31 152 25000
0 32 135 25000
0 33 132 25000
0 34 131 25000
0 35 120 25000
0 36 103 25000
0 37 102 25000
0 38 137 25000
0 39 131 25000
0 40 123 25000
0 41 120 25000
0 42 116 25000
0 43 132 25000
0 44 121 25000
0 45 128 25000
0 46 139 25000
0 47 123 25000
0 48 137 25000
0 49 110 25000
0 50 122 25000
0 51 135 25000
1 2 147 25000
1 3 122 25000
1 4 120 25000
1 5 134 25000
1 6 137 25000
1 7 145 25000
1 8 121 25000
1 9 117 25000
1 10 112 25000
1 11 127 25000
1 12 124 25000
1 13 124 25000
1 14 121 25000
1 15 126 25000
1 16 128 25000
1 17 116 25000
1 18 139 25000
1 19 140 25000
1 20 124 25000
1 21 130 25000
1 22 118 25000
1 23 126 25000
1 24 127 25000
1 25 115 25000
1 26 145 25000
1 27 131 25000
1 28 116 25000
1 29 121 25000
1 30 132 25000
1 31 117 25000
1 32 116 25000
1 33 118 25000
1 34 127 25000
1 35 125 25000
1 36 113 25000
1 37 122 25000
1 38 145 25000
1 39 113 25000
1 40 136 25000
1 41 118 25000
1 42 122 25000
1 43 119 25000
1 44 127 25000
1 45 136 25000
1 46 119 25000
1 47 108 25000
1 48 122 25000
1 49 126 25000
1 50 119 25000
1 51 118 25000
2 3 120 25000
2 4 132 25000
2 5 125 25000
2 6 158 25000
2 7 127 25000
2 8 132 25000
2 9 122 25000
2 10 118 25000
2 11 145 25000
2 12 146 25000
2 13 142 25000
2 14 120 25000
2 15 118 25000
2 16 113 25000
2 17 147 25000
2 18 114 25000
2 19 128 25000
2 20 130 25000
2 21 119 25000
2 22 121 25000
2 23 151 25000
2 24 99 25000
2 25 113 25000
2 26 122 25000
2 27 106 25000
2 28 133 25000
2 29 128 25000
2 30 110 25000
2 31 112 25000
2 32 148 25000
2 33 133 25000
2 34 113 25000
2 35 134 25000
2 36 124 25000
2 37 125 25000
2 38 132 25000
2 39 112 25000
2 40 122 25000
2 41 121 25000
2 42 126 25000
2 43 133 25000
2 44 130 25000
2 45 136 25000
2 46 134 25000
2 47 117 25000
2 48 110 25000
2 49 159 25000
2 50 106 25000
2 51 119 25000
3 4 145 25000
3 5 113 25000
3 6 129 25000
3 7 134 25000
3 8 127 25000
3 9 130 25000
3 10 136 25000
3 11 132 25000
3 12 126 25000
3 13 120 25000
3 14 139 25000
3 15 127 25000
3 16 134 25000
3 17 127 25000
3 18 122 25000
3 19 119 25000
3 20 108 25000
3 21 129 25000
3 22 135 25000
3 23 97 25000
3 24 126 25000
3 25 154 25000
3 26 130 25000
3 27 116 25000
3 28 122 25000
3 29 137 25000
3 30 116 25000
3 31 124 25000
3 32 124 25000
3 33 121 25000
3 34 142 25000
3 35 104 25000
3 36 110 25000
3 37 133 25000
3 38 126 25000
3 39 112 25000
3 40 118 25000
3 41 123 25000
3 42 114 25000
3 43 121 25000
3 44 132 25000
3 45 110 25000
3 46 122 25000
3 47 133 25000
3 48 129 25000
3 49 127 25000
3 50 126 25000
3 51 126 25000
4 5 130 25000
4 6 110 25000
4 7 118 25000
4 8 133 25000
4 9 117 25000
4 10 123 25000
4 11 116 25000
4 12 129 25000
4 13 109 25000
4 14 111 25000
4 15 118 25000
4 16 119 25000
4 17 124 25000
4 18 98 25000
4 19 141 25000
4 20 108 25000
4 21 109 25000
4 22 125 25000
4 23 115 25000
4 24 134 25000
4 25 105 25000
4 26 145 25000
4 27 123 25000
4 28 116 25000
4 29 111 25000
4 30 120 25000
4 31 122 25000
4 32 126 25000
4 33 132 25000
4 34 137 25000
4 35 104 25000
4 36 134 25000
4 37 137 25000
4 38 123 25000
4 39 113 25000
4 40 106 25000
4 41 112 25000
4 42 114 25000
4 43 141 25000
4 44 102 25000
4 45 127 25000
4 46 125 25000
4 47 139 25000
4 48 121 25000
4 49 136 25000
4 50 137 25000
4 51 146 25000
5 6 129 25000
5 7 133 25000
5 8 128 25000
5 9 130 25000
5 10 128 25000
5 11 132 25000
5 12 134 25000
5 13 128 25000
5 14 114 25000
5 15 115 25000
5 16 116 25000
5 17 128 25000
5 18 108 25000
5 19 128 25000
5 20 123 25000
5 21 108 25000
5 22 107 25000
5 23 94 25000
5 24 123 25000
5 25 129 25000
5 26 116 25000
5 27 123 25000
5 28 121 25000
5 29 120 25000
5 30 117 25000
5 31 115 25000
5 32 117 25000
5 33 124 25000
5 34 124 25000
5 35 118 25000
5 36 103 25000
5 37 102 25000
5 38 132 25000
5 39 131 25000
5 40 119 25000
5 41 127 25000
5 42 130 25000
5 43 124 25000
5 44 124 25000
5 45 126 25000
5 46 139 25000
5 47 108 25000
5 48 100 25000
5 49 113 25000
5 50 147 25000
5 51 107 25000
6 7 128 25000
6 8 104 25000
6 9 155 25000
6 10 141 25000
6 11 128 25000
6 12 123 25000
6 13 139 25000
6 14 115 25000
6 15 127 25000
6 16 126 25000
6 17 129 25000
6 18 100 25000
6 19 135 25000
6 20 131 25000
6 21 108 25000
6 22 139 25000
6 23 109 25000
6 24 155 25000
6 25 116 25000
6 26 144 25000
6 27 134 25000
6 28 110 25000
6 29 132 25000
6 30 137 25000
6 31 114 25000
6 32 119 25000
6 33 117 25000
6 34 134 25000
6 35 113 25000
6 36 129 25000
6 37 117 25000
6 38 129 25000
6 39 128 25000
6 40 142 25000
6 41 118 25000
6 42 142 25000
6 43 133 25000
6 44 92 25000
6 45 130 25000
6 46 124 25000
6 47 105 25000
6 48 122 25000
6 49 103 25000
6 50 124 25000
6 51 131 25000
7 8 127 25000
7 9 146 25000
7 10 122 25000
7 11 132 25000
7 12 125 25000
7 13 110 25000
7 14 118 25000
7 15 121 25000
7 16 135 25000
7 17 107 25000
7 18 115 25000
7 19 125 25000
7 20 132 25000
7 21 126 25000
7 22 121 25000
7 23 125 25000
7 24 141 25000
7 25 114 25000
7 26 140 25000
7 27 118 25000
7 28 109 25000
7 29 114 25000
7 30 149 25000
7 31 135 25000
7 32 123 25000
7 33 127 25000
7 34 113 25000
7 35 115 25000
7 36 139 25000
7 37 145 25000
7 38 108 25000
7 39 115 25000
7 40 118 25000
7 41 139 25000
7 42 139 25000
7 43 129 25000
7 44 120 25000
7 45 128 25000
7 46 121 25000
7 47 146 25000
7 48 135 25000
7 49 126 25000
7 50 131 25000
7 51 148 25000
8 9 137 25000
8 10 116 25000
8 11 130 25000
8 12 148 25000
8 13 132 25000
8 14 125 25000
8 15 132 25000
8 16 118 25000
8 17 111 25000
8 18 121 25000
8 19 127 25000
8 20 121 25000
8 21 118 25000
8 22 133 25000
8 23 125 25000
8 24 119 25000
8 25 130 25000
8 26 119 25000
8 27 110 25000
8 28 112 25000
8 29 141 25000
8 30 111 25000
8 31 123 25000
8 32 139 25000
8 33 109 25000
8 34 115 25000
8 35 107 25000
8 36 122 25000
8 37 117 25000
8 38 134 25000
8 39 127 25000
8 40 127 25000
8 41 119 25000
8 42 114 25000
8 43 95 25000
8 44 132 25000
8 45 129 25000
8 46 130 25000
8 47 123 25000
8 48 136 25000
8 49 143 25000
8 50 111 25000
8 51 124 25000
9 10 137 25000
9 11 126 25000
9 12 138 25000
9 13 125 25000
9 14 135 25000
9 15 102 25000
9 16 111 25000
9 17 118 25000
9 18 116 25000
9 19 118 25000
9 20 120 25000
9 21 112 25000
9 22 129 25000
9 23 112 25000
9 24 122 25000
9 25 136 25000
9 26 115 25000
9 27 109 25000
9 28 127 25000
9 29 121 25000
9 30 105 25000
9 31 131 25000
9 32 123 25000
9 33 121 25000
9 34 111 25000
9 35 130 25000
9 36 107 25000
9 37 122 25000
9 38 125 25000
9 39 136 25000
9 40 118 25000
9 41 120 25000
9 42 146 25000
9 43 107 25000
9 44 129 25000
9 45 124 25000
9 46 133 25000
9 47 135 25000
9 48 129 25000
9 49 122 25000
9 50 124 25000
9 51 125 25000
10 11 117 25000
10 12 125 25000
10 13 126 25000
10 14 126 25000
10 15 119 25000
10 16 114 25000
10 17 129 25000
10 18 112 25000
10 19 106 25000
10 20 118 25000
10 21 113 25000
10 22 140 25000
10 23 114 25000
10 24 131 25000
10 25 135 25000
10 26 117 25000
10 27 105 25000
10 28 132 25000
10 29 130 25000
10 30 132 25000
10 31 109 25000
10 32 138 25000
10 33 111 25000
10 34 107 25000
10 35 117 25000
10 36 114 25000
10 37 153 25000
10 38 128 25000
10 39 117 25000
10 40 107 25000
10 41 117 25000
10 42 136 25000
10 43 119 25000
10 44 125 25000
10 45 130 25000
10 46 140 25000
10 47 134 25000
10 48 110 25000
10 49 120 25000
10 50 117 25000
10 51 130 25000
11 12 135 25000
11 13 121 25000
11 14 107 25000
11 15 124 25000
11 16 131 25000
11 17 143 25000
11 18 111 25000
11 19 131 25000
11 20 131 25000
11 21 101 25000
11 22 113 25000
11 23 131 25000
11 24 131 25000
11 25 121 25000
11 26 123 25000
11 27 138 25000
11 28 128 25000
11 29 129 25000
11 30 124 25000
11 31 138 25000
11 32 114 25000
11 33 121 25000
11 34 134 25000
11 35 127 25000
11 36 108 25000
11 37 135 25000
11 38 130 25000
11 39 148 25000
11 40 122 25000
11 41 119 25000
11 42 128 25000
11 43 130 25000
11 44 126 25000
11 45 124 25000
11 46 102 25000
11 47 125 25000
11 48 137 25000
11 49 121 25000
11 50 113 25000
11 51 143 25000
12 13 118 25000
12 14 127 25000
12 15 134 25000
12 16 132 25000
12 17 157 25000
12 18 117 25000
12 19 139 25000
12 20 123 25000
12 21 136 25000
12 22 134 25000
12 23 106 25000
12 24 126 25000
12 25 141 25000
12 26 121 25000
12 27 117 25000
12 28 131 25000
12 29 127 25000
12 30 135 25000
12 31 104 25000
12 32 114 25000
12 33 106 25000
12 34 114 25000
12 35 123 25000
12 36 116 25000
12 37 146 25000
12 38 128 25000
12 39 105 25000
12 40 116 25000
12 41 141 25000
12 42 116 25000
12 43 131 25000
12 44 134 25000
12 45 114 25000
12 46 119 25000
12 47 145 25000
12 48 120 25000
12 49 134 25000
12 50 117 25000
12 51 137 25000
13 14 99 25000
13 15 107 25000
13 16 130 25000
13 17 127 25000
13 18 121 25000
13 19 127 25000
13 20 143 25000
13 21 124 25000
13 22 148 25000
13 23 117 25000
13 24 140 25000
13 25 151 25000
13 26 105 25000
13 27 119 25000
13 28 127 25000
13 29 119 25000
13 30 126 25000
13 31 113 25000
13 32 126 25000
13 33 135 25000
13 34 143 25000
13 35 108 25000
13 36 128 25000
13 37 133 25000
13 38 110 25000
13 39 139 25000
13 40 130 25000
13 41 111 25000
13 42 116 25000
13 43 131 25000
13 44 117 25000
13 45 109 25000
13 46 123 25000
13 47 122 25000
13 48 119 25000
13 49 140 25000
13 50 107 25000
13 51 126 25000
14 15 125 25000
14 16 143 25000
14 17 127 25000
14 18 128 25000
14 19 135 25000
14 20 114 25000
14 21 124 25000
14 22 104 25000
14 23 142 25000
14 24 134 25000
14 25 136 25000
14 26 132 25000
14 27 114 25000
14 28 128 25000
14 29 119 25000
14 30 121 25000
14 31 101 25000
14 32 112 25000
14 33 128 25000
14 34 137 25000
14 35 106 25000
14 36 119 25000
14 37 139 25000
14 38 111 25000
14 39 131 25000
14 40 111 25000
14 41 112 25000
14 42 136 25000
14 43 135 25000
14 44 104 25000
14 45 120 25000
14 46 125 25000
14 47 132 25000
14 48 101 25000
14 49 123 25000
14 50 104 25000
14 51 156 25000
15 16 122 25000
15 17 133 25000
15 18 122 25000
15 19 121 25000
15 20 131 25000
15 21 117 25000
15 22 126 25000
15 23 111 25000
15 24 116 25000
15 25 135 25000
15 26 128 25000
15 27 105 25000
15 28 131 25000
15 29 133 25000
15 30 124 25000
15 31 123 25000
15 32 118 25000
15 33 118 25000
15 34 134 25000
15 35 129 25000
15 36 138 25000
15 37 106 25000
15 38 105 25000
15 39 109 25000
15 40 109 25000
15 41 109 25000
15 42 119 25000
15 43 105 25000
15 44 110 25000
15 45 118 25000
15 46 118 25000
15 47 128 25000
15 48 123 25000
15 49 130 25000
15 50 111 25000
15 51 117 25000
16 17 154 25000
16 18 125 25000
16 19 147 25000
16 20 131 25000
16 21 143 25000
16 22 127 25000
16 23 107 25000
16 24 141 25000
16 25 157 25000
16 26 122 25000
16 27 120 25000
16 28 114 25000
16 29 137 25000
16 30 106 25000
16 31 133 25000
16 32 129 25000
16 33 119 25000
16 34 106 25000
16 35 137 25000
16 36 138 25000
16 37 132 25000
16 38 140 25000
16 39 131 25000
16 40 122 25000
16 41 122 25000
16 42 120 25000
16 43 98 25000
16 44 114 25000
16 45 135 25000
16 46 144 25000
16 47 119 25000
16 48 136 25000
16 49 114 25000
16 50 101 25000
16 51 120 25000
17 18 111 25000
17 19 136 25000
17 20 109 25000
17 21 124 25000
17 22 117 25000
17 23 125 25000
17 24 137 25000
17 25 148 25000
17 26 118 25000
17 27 131 25000
17 28 127 25000
17 29 144 25000
17 30 139 25000
17 31 130 25000
17 32 141 25000
17 33 123 25000
17 34 120 25000
17 35 131 25000
17 36 139 25000
17 37 130 25000
17 38 138 25000
17 39 121 25000
17 40 124 25000
17 41 121 25000
17 42 104 25000
17 43 127 25000
17 44 122 25000
17 45 121 25000
17 46 118 25000
17 47 132 25000
17 48 127 25000
17 49 136 25000
17 50 142 25000
17 51 141 25000
18 19 123 25000
18 20 126 25000
18 21 129 25000
18 22 130 25000
18 23 131 25000
18 24 146 25000
18 25 136 25000
18 26 143 25000
18 27 123 25000
18 28 126 25000
18 29 154 25000
18 30 114 25000
18 31 130 25000
18 32 142 25000
18 33 119 25000
18 34 114 25000
18 35 117 25000
18 36 127 25000
18 37 132 25000
18 38 130 25000
18 39 127 25000
18 40 135 25000
18 41 112 25000
18 42 115 25000
18 43 127 25000
18 44 94 25000
18 45 117 25000
18 46 99 25000
18 47 105 25000
18 48 125 25000
18 49 166 25000
18 50 126 25000
18 51 118 25000
19 20 131 25000
19 21 125 25000
19 22 133 25000
19 23 126 25000
19 24 164 25000
19 25 151 25000
19 26 122 25000
19 27 126 25000
19 28 139 25000
19 29 139 25000
19 30 131 25000
19 31 121 25000
19 32 135 25000
19 33 138 25000
19 34 140 25000
19 35 138 25000
19 36 128 25000
19 37 135 25000
19 38 136 25000
19 39 139 25000
19 40 127 25000
19 41 129 25000
19 42 123 25000
19 43 126 25000
19 44 116 25000
19 45 115 25000
19 46 117 25000
19 47 117 25000
19 48 128 25000
19 49 126 25000
19 50 138 25000
19 51 141 25000
20 21 136 25000
20 22 133 25000
20 23 106 25000
20 24 129 25000
20 25 117 25000
20 26 120 25000
20 27 106 25000
20 28 129 25000
20 29 121 25000
20 30 111 25000
20 31 135 25000
20 32 122 25000
20 33 115 25000
20 34 111 25000
20 35 109 25000
20 36 127 25000
20 37 128 25000
20 38 135 25000
20 39 133 25000
20 40 145 25000
20 41 117 25000
20 42 124 25000
20 43 121 25000
20 44 112 25000
20 45 116 25000
20 46 109 25000
20 47 121 25000
20 48 135 25000
20 49 113 25000
20 50 131 25000
20 51 133 25000
21 22 111 25000
21 23 111 25000
21 24 117 25000
21 25 143 25000
21 26 111 25000
21 27 120 25000
21 28 128 25000
21 29 110 25000
21 30 114 25000
21 31 111 25000
21 32 129 25000
21 33 121 25000
21 34 137 25000
21 35 124 25000
21 36 122 25000
21 37 115 25000
21 38 127 25000
21 39 124 25000
21 40 114 25000
21 41 118 25000
21 42 108 25000
21 43 101 25000
21 44 149 25000
21 45 122 25000
21 46 112 25000
21 47 128 25000
21 48 133 25000
21 49 110 25000
21 50 108 25000
21 51 114 25000
22 23 137 25000
22 24 122 25000
22 25 133 25000
22 26 128 25000
22 27 111 25000
22 28 129 25000
22 29 133 25000
22 30 133 25000
22 31 132 25000
22 32 121 25000
22 33 133 25000
22 34 126 25000
22 35 107 25000
22 36 125 25000
22 37 99 25000
22 38 127 25000
22 39 130 25000
22 40 129 25000
22 41 128 25000
22 42 111 25000
22 43 129 25000
22 44 142 25000
22 45 123 25000
22 46 130 25000
22 47 121 25000
22 48 123 25000
22 49 105 25000
22 50 118 25000
22 51 136 25000
23 24 122 25000
23 25 132 25000
23 26 121 25000
23 27 117 25000
23 28 151 25000
23 29 114 25000
23 30 135 25000
23 31 123 25000
23 32 125 25000
23 33 130 25000
23 34 114 25000
23 35 127 25000
23 36 106 25000
23 37 146 25000
23 38 145 25000
23 39 121 25000
23 40 102 25000
23 41 131 25000
23 42 99 25000
23 43 125 25000
23 44 119 25000
23 45 128 25000
23 46 137 25000
23 47 129 25000
23 48 133 25000
23 49 140 25000
23 50 112 25000
23 51 111 25000
24 25 137 25000
24 26 116 25000
24 27 129 25000
24 28 131 25000
24 29 134 25000
24 30 137 25000
24 31 117 25000
24 32 103 25000
24 33 112 25000
24 34 113 25000
24 35 126 25000
24 36 114 25000
24 37 138 25000
24 38 119 25000
24 39 130 25000
24 40 120 25000
24 41 111 25000
24 42 105 25000
24 43 117 25000
24 44 142 25000
24 45 122 25000
24 46 141 25000
24 47 113 25000
24 48 124 25000
24 49 121 25000
24 50 107 25000
24 51 128 25000
25 26 119 25000
25 27 119 25000
25 28 110 25000
25 29 125 25000
25 30 131 25000
25 31 129 25000
25 32 147 25000
25 33 133 25000
25 34 144 25000
25 35 131 25000
25 36 124 25000
25 37 147 25000
25 38 131 25000
25 39 125 25000
25 40 118 25000
25 41 117 25000
25 42 112 25000
25 43 107 25000
25 44 125 25000
25 45 132 25000
25 46 120 25000
25 47 117 25000
25 48 130 25000
25 49 142 25000
25 50 112 25000
25 51 132 25000
26 27 117 25000
26 28 132 25000
26 29 110 25000
26 30 143 25000
26 31 139 25000
26 32 154 25000
26 33 109 25000
26 34 156 25000
26 35 118 25000
26 36 146 25000
26 37 130 25000
26 38 152 25000
26 39 111 25000
26 40 114 25000
26 41 119 25000
26 42 121 25000
26 43 122 25000
26 44 101 25000
26 45 124 25000
26 46 120 25000
26 47 126 25000
26 48 122 25000
26 49 135 25000
26 50 118 25000
26 51 129 25000
27 28 147 25000
27 29 120 25000
27 30 126 25000
27 31 126 25000
27 32 150 25000
27 33 142 25000
27 34 123 25000
27 35 131 25000
27 36 119 25000
27 37 141 25000
27 38 132 25000
27 39 140 25000
27 40 114 25000
27 41 115 25000
27 42 138 25000
27 43 130 25000
27 44 124 25000
27 45 112 25000
27 46 115 25000
27 47 125 25000
27 48 122 25000
27 49 130 25000
27 50 127 25000
27 51 136 25000
28 29 117 25000
28 30 124 25000
28 31 116 25000
28 32 119 25000
28 33 127 25000
28 34 131 25000
28 35 126 25000
28 36 132 25000
28 37 129 25000
28 38 134 25000
28 39 109 25000
28 40 105 25000
28 41 110 25000
28 42 102 25000
28 43 121 25000
28 44 122 25000
28 45 128 25000
28 46 133 25000
28 47 112 25000
28 48 116 25000
28 49 112 25000
28 50 103 25000
28 51 129 25000
29 30 137 25000
29 31 133 25000
29 32 123 25000
29 33 121 25000
29 34 134 25000
29 35 119 25000
29 36 138 25000
29 37 128 25000
29 38 134 25000
29 39 141 25000
29 40 125 25000
29 41 136 25000
29 42 123 25000
29 43 94 25000
29 44 125 25000
29 45 100 25000
29 46 137 25000
29 47 136 25000
29 48 116 25000
29 49 123 25000
29 50 117 25000
29 51 117 25000
30 31 131 25000
30 32 122 25000
30 33 111 25000
30 34 134 25000
30 35 114 25000
30 36 145 25000
30 37 158 25000
30 38 126 25000
30 39 116 25000
30 40 133 25000
30 41 108 25000
30 42 115 25000
30 43 140 25000
30 44 122 25000
30 45 122 25000
30 46 138 25000
30 47 119 25000
30 48 136 25000
30 49 139 25000
30 50 114 25000
30 51 116 25000
31 32 135 25000
31 33 129 25000
31 34 137 25000
31 35 127 25000
31 36 127 25000
31 37 141 25000
31 38 117 25000
31 39 120 25000
31 40 126 25000
31 41 133 25000
31 42 135 25000
31 43 111 25000
31 44 122 25000
31 45 146 25000
31 46 136 25000
31 47 134 25000
31 48 144 25000
31 49 128 25000
31 50 138 25000
31 51 111 25000
32 33 135 25000
32 34 144 25000
32 35 113 25000
32 36 146 25000
32 37 132 25000
32 38 118 25000
32 39 124 25000
32 40 127 25000
32 41 125 25000
32 42 107 25000
32 43 125 25000
32 44 125 25000
32 45 139 25000
32 46 107 25000
32 47 126 25000
32 48 123 25000
32 49 128 25000
32 50 143 25000
32 51 139 25000
33 34 153 25000
33 35 129 25000
33 36 133 25000
33 37 134 25000
33 38 122 25000
33 39 104 25000
33 40 131 25000
33 41 120 25000
33 42 124 25000
33 43 108 25000
33 44 129 25000
33 45 141 25000
33 46 137 25000
33 47 101 25000
33 48 119 25000
33 49 110 25000
33 50 109 25000
33 51 130 25000
34 35 113 25000
34 36 117 25000
34 37 132 25000
34 38 124 25000
34 39 118 25000
34 40 141 25000
34 41 107 25000
34 42 116 25000
34 43 142 25000
34 44 129 25000
34 45 132 25000
34 46 116 25000
34 47 154 25000
34 48 108 25000
34 49 123 25000
34 50 123 25000
34 51 151 25000
35 36 138 25000
35 37 122 25000
35 38 121 25000
35 39 119 25000
35 40 144 25000
35 41 113 25000
35 42 129 25000
35 43 143 25000
35 44 127 25000
35 45 120 25000
35 46 131 25000
35 47 105 25000
35 48 129 25000
35 49 105 25000
35 50 102 25000
35 51 152 25000
36 37 137 25000
36 38 113 25000
36 39 105 25000
36 40 117 25000
36 41 122 25000
36 42 125 25000
36 43 134 25000
36 44 120 25000
36 45 132 25000
36 46 136 25000
36 47 129 25000
36 48 106 25000
36 49 151 25000
36 50 116 25000
36 51 133 25000
37 38 133 25000
37 39 126 25000
37 40 117 25000
37 41 127 25000
37 42 111 25000
37 43 126 25000
37 44 126 25000
37 45 125 25000
37 46 125 25000
37 47 107 25000
37 48 109 25000
37 49 126 25000
37 50 127 25000
37 51 124 25000
38 39 138 25000
38 40 137 25000
38 41 132 25000
38 42 131 25000
38 43 121 25000
38 44 135 25000
38 45 124 25000
38 46 133 25000
38 47 122 25000
38 48 134 25000
38 49 138 25000
38 50 150 25000
38 51 108 25000
39 40 119 25000
39 41 126 25000
39 42 127 25000
39 43 119 25000
39 44 148 25000
39 45 132 25000
39 46 126 25000
39 47 124 25000
39 48 151 25000
39 49 129 25000
39 50 129 25000
39 51 121 25000
40 41 129 25000
40 42 128 25000
40 43 114 25000
40 44 126 25000
40 45 141 25000
40 46 141 25000
40 47 108 25000
40 48 134 25000
40 49 150 25000
40 50 114 25000
40 51 146 25000
41 42 121 25000
41 43 112 25000
41 44 133 25000
41 45 128 25000
41 46 130 25000
41 47 114 25000
41 48 131 25000
41 49 116 25000
41 50 126 25000
41 51 125 25000
42 43 124 25000
42 44 121 25000
42 45 143 25000
42 46 120 25000
42 47 105 25000
42 48 105 25000
42 49 142 25000
42 50 120 25000
42 51 137 25000
43 44 134 25000
43 45 120 25000
43 46 131 25000
43 47 134 25000
43 48 113 25000
43 49 123 25000
43 50 127 25000
43 51 135 25000
44 45 127 25000
44 46 132 25000
44 47 127 25000
44 48 125 25000
44 49 124 25000
44 50 124 25000
44 51 132 25000
45 46 142 25000
45 47 149 25000
45 48 133 25000
45 49 153 25000
45 50 134 25000
45 51 130 25000
46 47 140 25000
46 48 133 25000
46 49 130 25000
46 50 116 25000
46 51 147 25000
47 48 152 25000
47 49 136 25000
47 50 139 25000
47 51 152 25000
48 49 128 25000
48 50 139 25000
48 51 132 25000
49 50 133 25000
49 51 140 25000
50 51 122 25000
