0 1 98 25000
0 2 108 25000
0 3 116 25000
0 4 85 25000
0 5 99 25000
0 6 126 25000
0 7 94 25000
0 8 83 25000
0 9 106 25000
0 10 94 25000
0 11 111 25000
0 12 130 25000
0 13 98 25000
0 14 74 25000
0 15 81 25000
0 16 70 25000
0 17 78 25000
0 18 86 25000
0 19 84 25000
0 20 82 25000
0 21 100 25000
0 22 80 25000
0 23 106 25000
0 24 83 25000
0 25 86 25000
0 26 85 25000
0 27 72 25000
0 28 75 25000
0 29 98 25000
0 30 78 25000
0 31 99 25000
0 32 91 25000
0 33 88 25000
0 34 91 25000
0 35 95 25000
0 36 85 25000
0 37 78 25000
0 38 80 25000
0 39 92 25000
0 40 86 25000
0 41 92 25000
0 42 90 25000
0 43 69 25000
0 44 90 25000
0 45 106 25000
0 46 99 25000
0 47 92 25000
0 48 80 25000
0 49 74 25000
0 50 110 25000
0 51 77 25000
1 2 106 25000
1 3 94 25000
1 4 101 25000
1 5 98 25000
1 6 98 25000
1 7 98 25000
1 8 98 25000
1 9 84 25000
1 10 95 25000
1 11 104 25000
1 12 116 25000
1 13 88 25000
1 14 68 25000
1 15 84 25000
1 16 101 25000
1 17 86 25000
1 18 96 25000
1 19 92 25000
1 20 96 25000
1 21 81 25000
1 22 94 25000
1 23 90 25000
1 24 80 25000
1 25 90 25000
1 26 92 25000
1 27 97 25000
1 28 76 25000
1 29 84 25000
1 30 84 25000
1 31 88 25000
1 32 82 25000
1 33 76 25000
1 34 92 25000
1 35 84 25000
1 36 89 25000
1 37 100 25000
1 38 82 25000
1 39 74 25000
1 40 91 25000
1 41 100 25000
1 42 92 25000
1 43 100 25000
1 44 96 25000
1 45 80 25000
1 46 83 25000
1 47 93 25000
1 48 93 25000
1 49 84 25000
1 50 87 25000
1 51 78 25000
2 3 108 25000
2 4 86 25000
2 5 93 25000
2 6 79 25000
2 7 97 25000
2 8 107 25000
2 9 84 25000
2 10 94 25000
2 11 102 25000
2 12 108 25000
2 13 85 25000
2 14 97 25000
2 15 94 25000
2 16 91 25000
2 17 101 25000
2 18 75 25000
2 19 67 25000
2 20 85 25000
2 21 78 25000
2 22 99 25000
2 23 102 25000
2 24 94 25000
2 25 84 25000
2 26 73 25000
2 27 81 25000
2 28 85 25000
2 29 88 25000
2 30 76 25000
2 31 88 25000
2 32 92 25000
2 33 82 25000
2 34 69 25000
2 35 75 25000
2 36 78 25000
2 37 84 25000
2 38 80 25000
2 39 79 25000
2 40 96 25000
2 41 93 25000
2 42 93 25000
2 43 84 25000
2 44 88 25000
2 45 95 25000
2 46 91 25000
2 47 83 25000
2 48 108 25000
2 49 95 25000
2 50 108 25000
2 51 82 25000
3 4 94 25000
3 5 121 25000
3 6 111 25000
3 7 99 25000
3 8 117 25000
3 9 97 25000
3 10 95 25000
3 11 97 25000
3 12 112 25000
3 13 86 25000
3 14 81 25000
3 15 98 25000
3 16 108 25000
3 17 79 25000
3 18 101 25000
3 19 72 25000
3 20 78 25000
3 21 95 25000
3 22 90 25000
3 23 82 25000
3 24 73 25000
3 25 97 25000
3 26 80 25000
3 27 72 25000
3 28 71 25000
3 29 92 25000
3 30 85 25000
3 31 67 25000
3 32 85 25000
3 33 85 25000
3 34 77 25000
3 35 69 25000
3 36 74 25000
3 37 78 25000
3 38 79 25000
3 39 79 25000
3 40 90 25000
3 41 100 25000
3 42 80 25000
3 43 82 25000
3 44 83 25000
3 45 91 25000
3 46 90 25000
3 47 93 25000
3 48 84 25000
3 49 74 25000
3 50 82 25000
3 51 77 25000
4 5 107 25000
4 6 103 25000
4 7 107 25000
4 8 107 25000
4 9 92 25000
4 10 93 25000
4 11 92 25000
4 12 102 25000
4 13 81 25000
4 14 68 25000
4 15 100 25000
4 16 75 25000
4 17 82 25000
4 18 82 25000
4 19 63 25000
4 20 80 25000
4 21 80 25000
4 22 84 25000
4 23 87 25000
4 24 65 25000
4 25 88 25000
4 26 94 25000
4 27 69 25000
4 28 77 25000
4 29 80 25000
4 30 83 25000
4 31 81 25000
4 32 99 25000
4 33 74 25000
4 34 83 25000
4 35 71 25000
4 36 76 25000
4 37 67 25000
4 38 86 25000
4 39 90 25000
4 40 84 25000
4 41 84 25000
4 42 84 25000
4 43 93 25000
4 44 90 25000
4 45 90 25000
4 46 85 25000
4 47 105 25000
4 48 82 25000
4 49 83 25000
4 50 79 25000
4 51 84 25000
5 6 111 25000
5 7 95 25000
5 8 95 25000
5 9 92 25000
5 10 89 25000
5 11 108 25000
5 12 113 25000
5 13 78 25000
5 14 72 25000
5 15 70 25000
5 16 84 25000
5 17 103 25000
5 18 84 25000
5 19 73 25000
5 20 83 25000
5 21 76 25000
5 22 88 25000
5 23 87 25000
5 24 87 25000
5 25 88 25000
5 26 89 25000
5 27 73 25000
5 28 80 25000
5 29 71 25000
5 30 87 25000
5 31 92 25000
5 32 85 25000
5 33 79 25000
5 34 80 25000
5 35 73 25000
5 36 88 25000
5 37 81 25000
5 38 90 25000
5 39 88 25000
5 40 91 25000
5 41 78 25000
5 42 105 25000
5 43 81 25000
5 44 83 25000
5 45 80 25000
5 46 93 25000
5 47 83 25000
5 48 93 25000
5 49 73 25000
5 50 99 25000
5 51 77 25000
6 7 102 25000
6 8 96 25000
6 9 92 25000
6 10 80 25000
6 11 97 25000
6 12 97 25000
6 13 85 25000
6 14 77 25000
6 15 77 25000
6 16 87 25000
6 17 106 25000
6 18 91 25000
6 19 79 25000
6 20 88 25000
6 21 75 25000
6 22 75 25000
6 23 81 25000
6 24 72 25000
6 25 78 25000
6 26 75 25000
6 27 77 25000
6 28 89 25000
6 29 79 25000
6 30 88 25000
6 31 85 25000
6 32 83 25000
6 33 82 25000
6 34 80 25000
6 35 72 25000
6 36 96 25000
6 37 78 25000
6 38 114 25000
6 39 87 25000
6 40 82 25000
6 41 96 25000
6 42 87 25000
6 43 91 25000
6 44 82 25000
6 45 83 25000
6 46 81 25000
6 47 88 25000
6 48 80 25000
6 49 76 25000
6 50 83 25000
6 51 79 25000
7 8 106 25000
7 9 83 25000
7 10 111 25000
7 11 104 25000
7 12 121 25000
7 13 90 25000
7 14 102 25000
7 15 87 25000
7 16 98 25000
7 17 87 25000
7 18 78 25000
7 19 92 25000
7 20 82 25000
7 21 76 25000
7 22 91 25000
7 23 88 25000
7 24 111 25000
7 25 92 25000
7 26 91 25000
7 27 78 25000
7 28 80 25000
7 29 86 25000
7 30 85 25000
7 31 82 25000
7 32 91 25000
7 33 69 25000
7 34 99 25000
7 35 62 25000
7 36 95 25000
7 37 73 25000
7 38 76 25000
7 39 94 25000
7 40 85 25000
7 41 78 25000
7 42 76 25000
7 43 78 25000
7 44 105 25000
7 45 84 25000
7 46 95 25000
7 47 87 25000
7 48 77 25000
7 49 75 25000
7 50 99 25000
7 51 62 25000
8 9 98 25000
8 10 104 25000
8 11 109 25000
8 12 121 25000
8 13 99 25000
8 14 106 25000
8 15 81 25000
8 16 86 25000
8 17 73 25000
8 18 80 25000
8 19 75 25000
8 20 78 25000
8 21 95 25000
8 22 70 25000
8 23 100 25000
8 24 90 25000
8 25 97 25000
8 26 74 25000
8 27 100 25000
8 28 72 25000
8 29 86 25000
8 30 90 25000
8 31 104 25000
8 32 77 25000
8 33 104 25000
8 34 74 25000
8 35 97 25000
8 36 76 25000
8 37 97 25000
8 38 84 25000
8 39 88 25000
8 40 83 25000
8 41 92 25000
8 42 93 25000
8 43 80 25000
8 44 83 25000
8 45 98 25000
8 46 95 25000
8 47 79 25000
8 48 85 25000
8 49 118 25000
8 50 87 25000
8 51 83 25000
9 10 93 25000
9 11 90 25000
9 12 117 25000
9 13 79 25000
9 14 85 25000
9 15 75 25000
9 16 95 25000
9 17 82 25000
9 18 89 25000
9 19 74 25000
9 20 88 25000
9 21 84 25000
9 22 91 25000
9 23 96 25000
9 24 89 25000
9 25 89 25000
9 26 74 25000
9 27 83 25000
9 28 81 25000
9 29 79 25000
9 30 75 25000
9 31 75 25000
9 32 84 25000
9 33 80 25000
9 34 76 25000
9 35 84 25000
9 36 76 25000
9 37 103 25000
9 38 91 25000
9 39 81 25000
9 40 78 25000
9 41 91 25000
9 42 75 25000
9 43 80 25000
9 44 78 25000
9 45 73 25000
9 46 81 25000
9 47 78 25000
9 48 70 25000
9 49 75 25000
9 50 80 25000
9 51 81 25000
10 11 94 25000
10 12 107 25000
10 13 76 25000
10 14 86 25000
10 15 82 25000
10 16 90 25000
10 17 82 25000
10 18 76 25000
10 19 78 25000
10 20 90 25000
10 21 88 25000
10 22 88 25000
10 23 85 25000
10 24 77 25000
10 25 92 25000
10 26 78 25000
10 27 84 25000
10 28 69 25000
10 29 106 25000
10 30 83 25000
10 31 104 25000
10 32 86 25000
10 33 86 25000
10 34 73 25000
10 35 72 25000
10 36 84 25000
10 37 92 25000
10 38 68 25000
10 39 78 25000
10 40 85 25000
10 41 84 25000
10 42 105 25000
10 43 75 25000
10 44 67 25000
10 45 99 25000
10 46 71 25000
10 47 77 25000
10 48 70 25000
10 49 79 25000
10 50 77 25000
10 51 81 25000
11 12 133 25000
11 13 93 25000
11 14 81 25000
11 15 90 25000
11 16 97 25000
11 17 84 25000
11 18 88 25000
11 19 76 25000
11 20 96 25000
11 21 93 25000
11 22 101 25000
11 23 102 25000
11 24 89 25000
11 25 90 25000
11 26 91 25000
11 27 91 25000
11 28 64 25000
11 29 99 25000
11 30 89 25000
11 31 93 25000
11 32 91 25000
11 33 77 25000
11 34 85 25000
11 35 75 25000
11 36 69 25000
11 37 77 25000
11 38 80 25000
11 39 81 25000
11 40 104 25000
11 41 102 25000
11 42 116 25000
11 43 82 25000
11 44 98 25000
11 45 77 25000
11 46 93 25000
11 47 103 25000
11 48 77 25000
11 49 84 25000
11 50 80 25000
11 51 79 25000
12 13 90 25000
12 14 86 25000
12 15 109 25000
12 16 83 25000
12 17 79 25000
12 18 84 25000
12 19 102 25000
12 20 84 25000
12 21 83 25000
12 22 91 25000
12 23 81 25000
12 24 88 25000
12 25 88 25000
12 26 82 25000
12 27 74 25000
12 28 84 25000
12 29 95 25000
12 30 95 25000
12 31 97 25000
12 32 78 25000
12 33 88 25000
12 34 82 25000
12 35 79 25000
12 36 96 25000
12 37 97 25000
12 38 83 25000
12 39 93 25000
12 40 83 25000
12 41 93 25000
12 42 80 25000
12 43 97 25000
12 44 90 25000
12 45 98 25000
12 46 80 25000
12 47 100 25000
12 48 79 25000
12 49 78 25000
12 50 96 25000
12 51 86 25000
13 14 83 25000
13 15 101 25000
13 16 102 25000
13 17 101 25000
13 18 99 25000
13 19 100 25000
13 20 105 25000
13 21 92 25000
13 22 90 25000
13 23 112 25000
13 24 98 25000
13 25 98 25000
13 26 79 25000
13 27 86 25000
13 28 89 25000
13 29 95 25000
13 30 78 25000
13 31 92 25000
13 32 90 25000
13 33 87 25000
13 34 77 25000
13 35 61 25000
13 36 83 25000
13 37 84 25000
13 38 66 25000
13 39 78 25000
13 40 86 25000
13 41 71 25000
13 42 74 25000
13 43 87 25000
13 44 86 25000
13 45 82 25000
13 46 90 25000
13 47 75 25000
13 48 83 25000
13 49 96 25000
13 50 92 25000
13 51 76 25000
14 15 102 25000
14 16 71 25000
14 17 101 25000
14 18 98 25000
14 19 75 25000
14 20 94 25000
14 21 93 25000
14 22 95 25000
14 23 106 25000
14 24 98 25000
14 25 98 25000
14 26 84 25000
14 27 74 25000
14 28 73 25000
14 29 89 25000
14 30 80 25000
14 31 87 25000
14 32 90 25000
14 33 93 25000
14 34 84 25000
14 35 78 25000
14 36 87 25000
14 37 79 25000
14 38 83 25000
14 39 87 25000
14 40 97 25000
14 41 82 25000
14 42 87 25000
14 43 85 25000
14 44 94 25000
14 45 83 25000
14 46 94 25000
14 47 96 25000
14 48 89 25000
14 49 80 25000
14 50 74 25000
14 51 73 25000
15 16 76 25000
15 17 105 25000
15 18 101 25000
15 19 94 25000
15 20 92 25000
15 21 97 25000
15 22 89 25000
15 23 111 25000
15 24 88 25000
15 25 94 25000
15 26 88 25000
15 27 96 25000
15 28 78 25000
15 29 89 25000
15 30 88 25000
15 31 87 25000
15 32 78 25000
15 33 82 25000
15 34 86 25000
15 35 87 25000
15 36 93 25000
15 37 107 25000
15 38 95 25000
15 39 78 25000
15 40 85 25000
15 41 81 25000
15 42 88 25000
15 43 91 25000
15 44 82 25000
15 45 78 25000
15 46 79 25000
15 47 89 25000
15 48 75 25000
15 49 76 25000
15 50 99 25000
15 51 67 25000
16 17 96 25000
16 18 83 25000
16 19 92 25000
16 20 84 25000
16 21 96 25000
16 22 102 25000
16 23 102 25000
16 24 110 25000
16 25 102 25000
16 26 96 25000
16 27 75 25000
16 28 85 25000
16 29 81 25000
16 30 73 25000
16 31 58 25000
16 32 77 25000
16 33 89 25000
16 34 87 25000
16 35 92 25000
16 36 87 25000
16 37 88 25000
16 38 80 25000
16 39 103 25000
16 40 90 25000
16 41 90 25000
16 42 85 25000
16 43 83 25000
16 44 87 25000
16 45 86 25000
16 46 80 25000
16 47 87 25000
16 48 75 25000
16 49 82 25000
16 50 75 25000
16 51 70 25000
17 18 88 25000
17 19 87 25000
17 20 94 25000
17 21 105 25000
17 22 93 25000
17 23 100 25000
17 24 118 25000
17 25 102 25000
17 26 70 25000
17 27 89 25000
17 28 71 25000
17 29 84 25000
17 30 72 25000
17 31 91 25000
17 32 82 25000
17 33 97 25000
17 34 94 25000
17 35 83 25000
17 36 78 25000
17 37 99 25000
17 38 99 25000
17 39 79 25000
17 40 83 25000
17 41 77 25000
17 42 86 25000
17 43 76 25000
17 44 85 25000
17 45 89 25000
17 46 74 25000
17 47 73 25000
17 48 86 25000
17 49 76 25000
17 50 74 25000
17 51 86 25000
18 19 95 25000
18 20 93 25000
18 21 91 25000
18 22 93 25000
18 23 105 25000
18 24 108 25000
18 25 116 25000
18 26 94 25000
18 27 80 25000
18 28 80 25000
18 29 75 25000
18 30 92 25000
18 31 85 25000
18 32 75 25000
18 33 77 25000
18 34 89 25000
18 35 88 25000
18 36 83 25000
18 37 78 25000
18 38 86 25000
18 39 84 25000
18 40 93 25000
18 41 80 25000
18 42 88 25000
18 43 91 25000
18 44 79 25000
18 45 72 25000
18 46 87 25000
18 47 91 25000
18 48 72 25000
18 49 85 25000
18 50 76 25000
18 51 105 25000
19 20 81 25000
19 21 99 25000
19 22 91 25000
19 23 81 25000
19 24 93 25000
19 25 89 25000
19 26 79 25000
19 27 82 25000
19 28 81 25000
19 29 83 25000
19 30 67 25000
19 31 86 25000
19 32 76 25000
19 33 79 25000
19 34 76 25000
19 35 79 25000
19 36 81 25000
19 37 77 25000
19 38 79 25000
19 39 95 25000
19 40 85 25000
19 41 104 25000
19 42 69 25000
19 43 76 25000
19 44 91 25000
19 45 80 25000
19 46 67 25000
19 47 92 25000
19 48 84 25000
19 49 74 25000
19 50 79 25000
19 51 80 25000
20 21 104 25000
20 22 86 25000
20 23 97 25000
20 24 87 25000
20 25 111 25000
20 26 82 25000
20 27 82 25000
20 28 83 25000
20 29 96 25000
20 30 84 25000
20 31 63 25000
20 32 91 25000
20 33 79 25000
20 34 105 25000
20 35 82 25000
20 36 85 25000
20 37 89 25000
20 38 76 25000
20 39 73 25000
20 40 74 25000
20 41 87 25000
20 42 88 25000
20 43 73 25000
20 44 86 25000
20 45 81 25000
20 46 83 25000
20 47 95 25000
20 48 67 25000
20 49 65 25000
20 50 88 25000
20 51 92 25000
21 22 100 25000
21 23 97 25000
21 24 96 25000
21 25 107 25000
21 26 85 25000
21 27 85 25000
21 28 73 25000
21 29 102 25000
21 30 79 25000
21 31 75 25000
21 32 77 25000
21 33 82 25000
21 34 66 25000
21 35 92 25000
21 36 72 25000
21 37 84 25000
21 38 85 25000
21 39 82 25000
21 40 91 25000
21 41 83 25000
21 42 96 25000
21 43 88 25000
21 44 91 25000
21 45 78 25000
21 46 83 25000
21 47 92 25000
21 48 86 25000
21 49 77 25000
21 50 98 25000
21 51 77 25000
22 23 115 25000
22 24 100 25000
22 25 94 25000
22 26 100 25000
22 27 91 25000
22 28 72 25000
22 29 80 25000
22 30 85 25000
22 31 81 25000
22 32 86 25000
22 33 83 25000
22 34 69 25000
22 35 78 25000
22 36 84 25000
22 37 77 25000
22 38 90 25000
22 39 73 25000
22 40 100 25000
22 41 82 25000
22 42 89 25000
22 43 81 25000
22 44 80 25000
22 45 77 25000
22 46 76 25000
22 47 98 25000
22 48 83 25000
22 49 86 25000
22 50 90 25000
22 51 75 25000
23 24 111 25000
23 25 105 25000
23 26 96 25000
23 27 85 25000
23 28 82 25000
23 29 78 25000
23 30 93 25000
23 31 79 25000
23 32 83 25000
23 33 85 25000
23 34 69 25000
23 35 88 25000
23 36 83 25000
23 37 104 25000
23 38 93 25000
23 39 85 25000
23 40 95 25000
23 41 92 25000
23 42 75 25000
23 43 91 25000
23 44 97 25000
23 45 91 25000
23 46 86 25000
23 47 86 25000
23 48 80 25000
23 49 73 25000
23 50 102 25000
23 51 77 25000
24 25 102 25000
24 26 94 25000
24 27 88 25000
24 28 80 25000
24 29 83 25000
24 30 67 25000
24 31 109 25000
24 32 90 25000
24 33 79 25000
24 34 85 25000
24 35 75 25000
24 36 92 25000
24 37 89 25000
24 38 93 25000
24 39 73 25000
24 40 90 25000
24 41 87 25000
24 42 90 25000
24 43 93 25000
24 44 97 25000
24 45 69 25000
24 46 83 25000
24 47 97 25000
24 48 79 25000
24 49 87 25000
24 50 87 25000
24 51 87 25000
25 26 81 25000
25 27 65 25000
25 28 74 25000
25 29 101 25000
25 30 84 25000
25 31 80 25000
25 32 80 25000
25 33 78 25000
25 34 86 25000
25 35 99 25000
25 36 80 25000
25 37 94 25000
25 38 89 25000
25 39 77 25000
25 40 94 25000
25 41 84 25000
25 42 85 25000
25 43 69 25000
25 44 95 25000
25 45 94 25000
25 46 87 25000
25 47 113 25000
25 48 102 25000
25 49 79 25000
25 50 80 25000
25 51 91 25000
26 27 113 25000
26 28 98 25000
26 29 102 25000
26 30 86 25000
26 31 92 25000
26 32 97 25000
26 33 100 25000
26 34 106 25000
26 35 77 25000
26 36 102 25000
26 37 96 25000
26 38 102 25000
26 39 88 25000
26 40 89 25000
26 41 99 25000
26 42 100 25000
26 43 86 25000
26 44 82 25000
26 45 93 25000
26 46 106 25000
26 47 84 25000
26 48 97 25000
26 49 73 25000
26 50 89 25000
26 51 76 25000
27 28 91 25000
27 29 84 25000
27 30 103 25000
27 31 96 25000
27 32 98 25000
27 33 109 25000
27 34 87 25000
27 35 95 25000
27 36 97 25000
27 37 113 25000
27 38 97 25000
27 39 102 25000
27 40 103 25000
27 41 73 25000
27 42 80 25000
27 43 85 25000
27 44 93 25000
27 45 95 25000
27 46 76 25000
27 47 89 25000
27 48 87 25000
27 49 76 25000
27 50 83 25000
27 51 69 25000
28 29 89 25000
28 30 93 25000
28 31 103 25000
28 32 89 25000
28 33 99 25000
28 34 108 25000
28 35 92 25000
28 36 92 25000
28 37 91 25000
28 38 111 25000
28 39 69 25000
28 40 80 25000
28 41 82 25000
28 42 78 25000
28 43 75 25000
28 44 94 25000
28 45 80 25000
28 46 92 25000
28 47 73 25000
28 48 68 25000
28 49 76 25000
28 50 84 25000
28 51 85 25000
29 30 101 25000
29 31 101 25000
29 32 106 25000
29 33 104 25000
29 34 89 25000
29 35 77 25000
29 36 97 25000
29 37 91 25000
29 38 95 25000
29 39 75 25000
29 40 92 25000
29 41 98 25000
29 42 68 25000
29 43 86 25000
29 44 88 25000
29 45 93 25000
29 46 87 25000
29 47 80 25000
29 48 93 25000
29 49 82 25000
29 50 76 25000
29 51 80 25000
30 31 102 25000
30 32 82 25000
30 33 99 25000
30 34 105 25000
30 35 91 25000
30 36 85 25000
30 37 84 25000
30 38 104 25000
30 39 69 25000
30 40 95 25000
30 41 80 25000
30 42 87 25000
30 43 75 25000
30 44 97 25000
30 45 81 25000
30 46 74 25000
30 47 81 25000
30 48 79 25000
30 49 84 25000
30 50 72 25000
30 51 100 25000
31 32 106 25000
31 33 84 25000
31 34 96 25000
31 35 82 25000
31 36 106 25000
31 37 88 25000
31 38 113 25000
31 39 62 25000
31 40 83 25000
31 41 90 25000
31 42 93 25000
31 43 87 25000
31 44 99 25000
31 45 82 25000
31 46 83 25000
31 47 73 25000
31 48 84 25000
31 49 96 25000
31 50 80 25000
31 51 75 25000
32 33 103 25000
32 34 98 25000
32 35 94 25000
32 36 91 25000
32 37 95 25000
32 38 90 25000
32 39 81 25000
32 40 93 25000
32 41 70 25000
32 42 66 25000
32 43 94 25000
32 44 76 25000
32 45 85 25000
32 46 92 25000
32 47 101 25000
32 48 76 25000
32 49 79 25000
32 50 85 25000
32 51 70 25000
33 34 96 25000
33 35 97 25000
33 36 90 25000
33 37 89 25000
33 38 103 25000
33 39 94 25000
33 40 101 25000
33 41 83 25000
33 42 87 25000
33 43 76 25000
33 44 93 25000
33 45 84 25000
33 46 97 25000
33 47 77 25000
33 48 87 25000
33 49 84 25000
33 50 84 25000
33 51 72 25000
34 35 97 25000
34 36 119 25000
34 37 89 25000
34 38 103 25000
34 39 85 25000
34 40 75 25000
34 41 75 25000
34 42 84 25000
34 43 99 25000
34 44 95 25000
34 45 91 25000
34 46 86 25000
34 47 81 25000
34 48 74 25000
34 49 81 25000
34 50 88 25000
34 51 79 25000
35 36 94 25000
35 37 86 25000
35 38 93 25000
35 39 84 25000
35 40 92 25000
35 41 71 25000
35 42 77 25000
35 43 78 25000
35 44 94 25000
35 45 70 25000
35 46 88 25000
35 47 85 25000
35 48 75 25000
35 49 84 25000
35 50 72 25000
35 51 80 25000
36 37 105 25000
36 38 112 25000
36 39 91 25000
36 40 78 25000
36 41 97 25000
36 42 93 25000
36 43 84 25000
36 44 95 25000
36 45 86 25000
36 46 68 25000
36 47 94 25000
36 48 84 25000
36 49 87 25000
36 50 80 25000
36 51 77 25000
37 38 122 25000
37 39 98 25000
37 40 86 25000
37 41 86 25000
37 42 102 25000
37 43 83 25000
37 44 106 25000
37 45 115 25000
37 46 89 25000
37 47 91 25000
37 48 102 25000
37 49 86 25000
37 50 88 25000
37 51 73 25000
38 39 84 25000
38 40 87 25000
38 41 83 25000
38 42 80 25000
38 43 82 25000
38 44 84 25000
38 45 102 25000
38 46 68 25000
38 47 68 25000
38 48 78 25000
38 49 74 25000
38 50 104 25000
38 51 78 25000
39 40 98 25000
39 41 106 25000
39 42 110 25000
39 43 87 25000
39 44 89 25000
39 45 102 25000
39 46 75 25000
39 47 105 25000
39 48 103 25000
39 49 91 25000
39 50 92 25000
39 51 92 25000
40 41 118 25000
40 42 103 25000
40 43 109 25000
40 44 112 25000
40 45 120 25000
40 46 102 25000
40 47 87 25000
40 48 84 25000
40 49 120 25000
40 50 98 25000
40 51 86 25000
41 42 107 25000
41 43 99 25000
41 44 99 25000
41 45 107 25000
41 46 100 25000
41 47 82 25000
41 48 90 25000
41 49 92 25000
41 50 114 25000
41 51 98 25000
42 43 102 25000
42 44 124 25000
42 45 93 25000
42 46 100 25000
42 47 101 25000
42 48 96 25000
42 49 79 25000
42 50 94 25000
42 51 99 25000
43 44 97 25000
43 45 96 25000
43 46 90 25000
43 47 106 25000
43 48 104 25000
43 49 103 25000
43 50 86 25000
43 51 93 25000
44 45 126 25000
44 46 93 25000
44 47 89 25000
44 48 114 25000
44 49 81 25000
44 50 108 25000
44 51 87 25000
45 46 101 25000
45 47 107 25000
45 48 116 25000
45 49 93 25000
45 50 99 25000
45 51 102 25000
46 47 106 25000
46 48 104 25000
46 49 64 25000
46 50 100 25000
46 51 100 25000
47 48 93 25000
47 49 88 25000
47 50 111 25000
47 51 82 25000
48 49 100 25000
48 50 95 25000
48 51 92 25000
49 50 104 25000
49 51 96 25000
50 51 96 25000
