0 1 95 25000
0 2 94 25000
0 3 104 25000
0 4 96 25000
0 5 101 25000
0 6 106 25000
0 7 113 25000
0 8 96 25000
0 9 97 25000
0 10 104 25000
0 11 115 25000
0 12 97 25000
0 13 101 25000
0 14 65 25000
0 15 84 25000
0 16 90 25000
0 17 98 25000
0 18 78 25000
0 19 83 25000
0 20 86 25000
0 21 70 25000
0 22 99 25000
0 23 71 25000
0 24 91 25000
0 25 110 25000
0 26 84 25000
0 27 81 25000
0 28 102 25000
0 29 91 25000
0 30 80 25000
0 31 77 25000
0 32 76 25000
0 33 82 25000
0 34 80 25000
0 35 88 25000
0 36 76 25000
0 37 77 25000
0 38 97 25000
0 39 87 25000
0 40 102 25000
0 41 82 25000
0 42 96 25000
0 43 79 25000
0 44 71 25000
0 45 90 25000
0 46 93 25000
0 47 74 25000
0 48 85 25000
0 49 77 25000
0 50 102 25000
0 51 87 25000
1 2 118 25000
1 3 89 25000
1 4 110 25000
1 5 98 25000
1 6 87 25000
1 7 97 25000
1 8 94 25000
1 9 90 25000
1 10 95 25000
1 11 100 25000
1 12 104 25000
1 13 95 25000
1 14 97 25000
1 15 94 25000
1 16 100 25000
1 17 91 25000
1 18 80 25000
1 19 87 25000
1 20 84 25000
1 21 82 25000
1 22 105 25000
1 23 94 25000
1 24 86 25000
1 25 94 25000
1 26 80 25000
1 27 83 25000
1 28 83 25000
1 29 84 25000
1 30 105 25000
1 31 82 25000
1 32 91 25000
1 33 83 25000
1 34 79 25000
1 35 88 25000
1 36 89 25000
1 37 77 25000
1 38 79 25000
1 39 94 25000
1 40 89 25000
1 41 68 25000
1 42 81 25000
1 43 83 25000
1 44 92 25000
1 45 75 25000
1 46 95 25000
1 47 85 25000
1 48 84 25000
1 49 90 25000
1 50 71 25000
1 51 83 25000
2 3 78 25000
2 4 104 25000
2 5 108 25000
2 6 99 25000
2 7 91 25000
2 8 93 25000
2 9 98 25000
2 10 104 25000
2 11 95 25000
2 12 88 25000
2 13 77 25000
2 14 74 25000
2 15 92 25000
2 16 84 25000
2 17 72 25000
2 18 90 25000
2 19 86 25000
2 20 101 25000
2 21 88 25000
2 22 96 25000
2 23 77 25000
2 24 95 25000
2 25 87 25000
2 26 90 25000
2 27 90 25000
2 28 111 25000
2 29 86 25000
2 30 79 25000
2 31 88 25000
2 32 79 25000
2 33 83 25000
2 34 75 25000
2 35 99 25000
2 36 87 25000
2 37 88 25000
2 38 86 25000
2 39 78 25000
2 40 92 25000
2 41 91 25000
2 42 90 25000
2 43 81 25000
2 44 97 25000
2 45 76 25000
2 46 78 25000
2 47 80 25000
2 48 88 25000
2 49 95 25000
2 50 86 25000
2 51 92 25000
3 4 83 25000
3 5 95 25000
3 6 96 25000
3 7 111 25000
3 8 107 25000
3 9 109 25000
3 10 94 25000
3 11 112 25000
3 12 110 25000
3 13 91 25000
3 14 66 25000
3 15 73 25000
3 16 90 25000
3 17 72 25000
3 18 86 25000
3 19 97 25000
3 20 104 25000
3 21 96 25000
3 22 92 25000
3 23 82 25000
3 24 85 25000
3 25 81 25000
3 26 89 25000
3 27 88 25000
3 28 67 25000
3 29 93 25000
3 30 62 25000
3 31 91 25000
3 32 80 25000
3 33 74 25000
3 34 97 25000
3 35 72 25000
3 36 92 25000
3 37 92 25000
3 38 75 25000
3 39 82 25000
3 40 93 25000
3 41 79 25000
3 42 93 25000
3 43 88 25000
3 44 107 25000
3 45 76 25000
3 46 80 25000
3 47 85 25000
3 48 79 25000
3 49 91 25000
3 50 78 25000
3 51 77 25000
4 5 94 25000
4 6 106 25000
4 7 90 25000
4 8 95 25000
4 9 87 25000
4 10 94 25000
4 11 105 25000
4 12 126 25000
4 13 92 25000
4 14 83 25000
4 15 83 25000
4 16 74 25000
4 17 92 25000
4 18 84 25000
4 19 88 25000
4 20 85 25000
4 21 88 25000
4 22 88 25000
4 23 98 25000
4 24 92 25000
4 25 73 25000
4 26 96 25000
4 27 84 25000
4 28 95 25000
4 29 102 25000
4 30 92 25000
4 31 86 25000
4 32 89 25000
4 33 93 25000
4 34 68 25000
4 35 84 25000
4 36 105 25000
4 37 95 25000
4 38 82 25000
4 39 92 25000
4 40 94 25000
4 41 83 25000
4 42 86 25000
4 43 91 25000
4 44 81 25000
4 45 88 25000
4 46 86 25000
4 47 91 25000
4 48 75 25000
4 49 84 25000
4 50 77 25000
4 51 77 25000
5 6 106 25000
5 7 90 25000
5 8 100 25000
5 9 94 25000
5 10 90 25000
5 11 104 25000
5 12 123 25000
5 13 102 25000
5 14 85 25000
5 15 83 25000
5 16 82 25000
5 17 91 25000
5 18 66 25000
5 19 91 25000
5 20 92 25000
5 21 94 25000
5 22 98 25000
5 23 79 25000
5 24 99 25000
5 25 82 25000
5 26 98 25000
5 27 82 25000
5 28 78 25000
5 29 78 25000
5 30 69 25000
5 31 97 25000
5 32 79 25000
5 33 85 25000
5 34 70 25000
5 35 70 25000
5 36 85 25000
5 37 107 25000
5 38 81 25000
5 39 84 25000
5 40 84 25000
5 41 84 25000
5 42 90 25000
5 43 103 25000
5 44 96 25000
5 45 83 25000
5 46 82 25000
5 47 84 25000
5 48 88 25000
5 49 77 25000
5 50 78 25000
5 51 101 25000
6 7 95 25000
6 8 89 25000
6 9 100 25000
6 10 106 25000
6 11 99 25000
6 12 113 25000
6 13 73 25000
6 14 122 25000
6 15 81 25000
6 16 95 25000
6 17 92 25000
6 18 83 25000
6 19 81 25000
6 20 89 25000
6 21 84 25000
6 22 97 25000
6 23 67 25000
6 24 94 25000
6 25 84 25000
6 26 96 25000
6 27 103 25000
6 28 81 25000
6 29 85 25000
6 30 99 25000
6 31 78 25000
6 32 83 25000
6 33 88 25000
6 34 89 25000
6 35 74 25000
6 36 94 25000
6 37 107 25000
6 38 101 25000
6 39 90 25000
6 40 91 25000
6 41 86 25000
6 42 78 25000
6 43 69 25000
6 44 94 25000
6 45 71 25000
6 46 96 25000
6 47 95 25000
6 48 90 25000
6 49 81 25000
6 50 92 25000
6 51 101 25000
7 8 107 25000
7 9 113 25000
7 10 113 25000
7 11 106 25000
7 12 101 25000
7 13 93 25000
7 14 88 25000
7 15 81 25000
7 16 89 25000
7 17 84 25000
7 18 83 25000
7 19 98 25000
7 20 75 25000
7 21 106 25000
7 22 81 25000
7 23 91 25000
7 24 66 25000
7 25 83 25000
7 26 80 25000
7 27 89 25000
7 28 94 25000
7 29 87 25000
7 30 79 25000
7 31 104 25000
7 32 92 25000
7 33 94 25000
7 34 74 25000
7 35 86 25000
7 36 92 25000
7 37 72 25000
7 38 108 25000
7 39 92 25000
7 40 76 25000
7 41 76 25000
7 42 93 25000
7 43 93 25000
7 44 91 25000
7 45 88 25000
7 46 92 25000
7 47 78 25000
7 48 93 25000
7 49 81 25000
7 50 90 25000
7 51 84 25000
8 9 92 25000
8 10 94 25000
8 11 98 25000
8 12 108 25000
8 13 73 25000
8 14 93 25000
8 15 84 25000
8 16 87 25000
8 17 80 25000
8 18 64 25000
8 19 81 25000
8 20 86 25000
8 21 71 25000
8 22 77 25000
8 23 83 25000
8 24 77 25000
8 25 70 25000
8 26 88 25000
8 27 84 25000
8 28 102 25000
8 29 82 25000
8 30 86 25000
8 31 80 25000
8 32 81 25000
8 33 67 25000
8 34 87 25000
8 35 100 25000
8 36 91 25000
8 37 63 25000
8 38 77 25000
8 39 87 25000
8 40 86 25000
8 41 86 25000
8 42 90 25000
8 43 75 25000
8 44 89 25000
8 45 79 25000
8 46 78 25000
8 47 85 25000
8 48 81 25000
8 49 89 25000
8 50 65 25000
8 51 76 25000
9 10 93 25000
9 11 91 25000
9 12 99 25000
9 13 74 25000
9 14 98 25000
9 15 84 25000
9 16 84 25000
9 17 93 25000
9 18 80 25000
9 19 82 25000
9 20 93 25000
9 21 72 25000
9 22 97 25000
9 23 71 25000
9 24 78 25000
9 25 70 25000
9 26 101 25000
9 27 71 25000
9 28 89 25000
9 29 75 25000
9 30 88 25000
9 31 74 25000
9 32 86 25000
9 33 92 25000
9 34 86 25000
9 35 65 25000
9 36 74 25000
9 37 85 25000
9 38 93 25000
9 39 95 25000
9 40 89 25000
9 41 74 25000
9 42 89 25000
9 43 80 25000
9 44 93 25000
9 45 73 25000
9 46 94 25000
9 47 70 25000
9 48 68 25000
9 49 93 25000
9 50 84 25000
9 51 80 25000
10 11 113 25000
10 12 112 25000
10 13 77 25000
10 14 69 25000
10 15 87 25000
10 16 75 25000
10 17 90 25000
10 18 84 25000
10 19 88 25000
10 20 102 25000
10 21 86 25000
10 22 82 25000
10 23 94 25000
10 24 74 25000
10 25 81 25000
10 26 85 25000
10 27 104 25000
10 28 77 25000
10 29 75 25000
10 30 84 25000
10 31 76 25000
10 32 63 25000
10 33 88 25000
10 34 75 25000
10 35 76 25000
10 36 91 25000
10 37 81 25000
10 38 90 25000
10 39 85 25000
10 40 90 25000
10 41 87 25000
10 42 86 25000
10 43 85 25000
10 44 79 25000
10 45 88 25000
10 46 108 25000
10 47 103 25000
10 48 91 25000
10 49 97 25000
10 50 83 25000
10 51 100 25000
11 12 99 25000
11 13 90 25000
11 14 78 25000
11 15 64 25000
11 16 87 25000
11 17 89 25000
11 18 91 25000
11 19 104 25000
11 20 86 25000
11 21 96 25000
11 22 81 25000
11 23 102 25000
11 24 79 25000
11 25 82 25000
11 26 92 25000
11 27 90 25000
11 28 87 25000
11 29 90 25000
11 30 79 25000
11 31 78 25000
11 32 80 25000
11 33 78 25000
11 34 85 25000
11 35 82 25000
11 36 77 25000
11 37 95 25000
11 38 83 25000
11 39 90 25000
11 40 102 25000
11 41 91 25000
11 42 71 25000
11 43 74 25000
11 44 85 25000
11 45 106 25000
11 46 94 25000
11 47 83 25000
11 48 87 25000
11 49 99 25000
11 50 84 25000
11 51 104 25000
12 13 90 25000
12 14 83 25000
12 15 83 25000
12 16 91 25000
12 17 81 25000
12 18 71 25000
12 19 63 25000
12 20 100 25000
12 21 99 25000
12 22 76 25000
12 23 84 25000
12 24 102 25000
12 25 93 25000
12 26 86 25000
12 27 85 25000
12 28 87 25000
12 29 95 25000
12 30 83 25000
12 31 90 25000
12 32 88 25000
12 33 88 25000
12 34 77 25000
12 35 102 25000
12 36 75 25000
12 37 89 25000
12 38 100 25000
12 39 83 25000
12 40 80 25000
12 41 94 25000
12 42 82 25000
12 43 70 25000
12 44 90 25000
12 45 75 25000
12 46 76 25000
12 47 90 25000
12 48 70 25000
12 49 82 25000
12 50 78 25000
12 51 90 25000
13 14 93 25000
13 15 84 25000
13 16 86 25000
13 17 122 25000
13 18 92 25000
13 19 111 25000
13 20 89 25000
13 21 114 25000
13 22 112 25000
13 23 90 25000
13 24 120 25000
13 25 96 25000
13 26 70 25000
13 27 88 25000
13 28 80 25000
13 29 110 25000
13 30 100 25000
13 31 92 25000
13 32 70 25000
13 33 79 25000
13 34 80 25000
13 35 84 25000
13 36 93 25000
13 37 90 25000
13 38 87 25000
13 39 86 25000
13 40 84 25000
13 41 97 25000
13 42 80 25000
13 43 87 25000
13 44 77 25000
13 45 82 25000
13 46 79 25000
13 47 80 25000
13 48 82 25000
13 49 85 25000
13 50 95 25000
13 51 86 25000
14 15 96 25000
14 16 114 25000
14 17 109 25000
14 18 111 25000
14 19 100 25000
14 20 88 25000
14 21 108 25000
14 22 101 25000
14 23 103 25000
14 24 87 25000
14 25 116 25000
14 26 79 25000
14 27 87 25000
14 28 86 25000
14 29 88 25000
14 30 83 25000
14 31 92 25000
14 32 77 25000
14 33 89 25000
14 34 80 25000
14 35 80 25000
14 36 89 25000
14 37 85 25000
14 38 84 25000
14 39 108 25000
14 40 92 25000
14 41 73 25000
14 42 94 25000
14 43 101 25000
14 44 73 25000
14 45 88 25000
14 46 70 25000
14 47 86 25000
14 48 94 25000
14 49 88 25000
14 50 78 25000
14 51 84 25000
15 16 105 25000
15 17 98 25000
15 18 87 25000
15 19 99 25000
15 20 121 25000
15 21 102 25000
15 22 82 25000
15 23 100 25000
15 24 95 25000
15 25 92 25000
15 26 77 25000
15 27 88 25000
15 28 90 25000
15 29 104 25000
15 30 83 25000
15 31 64 25000
15 32 76 25000
15 33 87 25000
15 34 83 25000
15 35 76 25000
15 36 92 25000
15 37 73 25000
15 38 76 25000
15 39 80 25000
15 40 95 25000
15 41 61 25000
15 42 89 25000
15 43 77 25000
15 44 89 25000
15 45 85 25000
15 46 87 25000
15 47 70 25000
15 48 81 25000
15 49 84 25000
15 50 83 25000
15 51 72 25000
16 17 91 25000
16 18 83 25000
16 19 101 25000
16 20 95 25000
16 21 98 25000
16 22 94 25000
16 23 97 25000
16 24 98 25000
16 25 102 25000
16 26 88 25000
16 27 90 25000
16 28 89 25000
16 29 76 25000
16 30 80 25000
16 31 93 25000
16 32 103 25000
16 33 75 25000
16 34 92 25000
16 35 92 25000
16 36 77 25000
16 37 79 25000
16 38 87 25000
16 39 70 25000
16 40 100 25000
16 41 90 25000
16 42 99 25000
16 43 86 25000
16 44 79 25000
16 45 87 25000
16 46 85 25000
16 47 93 25000
16 48 94 25000
16 49 90 25000
16 50 100 25000
16 51 85 25000
17 18 98 25000
17 19 92 25000
17 20 94 25000
17 21 99 25000
17 22 82 25000
17 23 108 25000
17 24 103 25000
17 25 94 25000
17 26 83 25000
17 27 87 25000
17 28 82 25000
17 29 103 25000
17 30 79 25000
17 31 96 25000
17 32 93 25000
17 33 100 25000
17 34 92 25000
17 35 84 25000
17 36 85 25000
17 37 101 25000
17 38 83 25000
17 39 79 25000
17 40 102 25000
17 41 75 25000
17 42 98 25000
17 43 71 25000
17 44 94 25000
17 45 91 25000
17 46 88 25000
17 47 79 25000
17 48 90 25000
17 49 84 25000
17 50 77 25000
17 51 69 25000
18 19 99 25000
18 20 96 25000
18 21 97 25000
18 22 78 25000
18 23 90 25000
18 24 118 25000
18 25 105 25000
18 26 81 25000
18 27 78 25000
18 28 96 25000
18 29 97 25000
18 30 67 25000
18 31 78 25000
18 32 88 25000
18 33 80 25000
18 34 90 25000
18 35 80 25000
18 36 95 25000
18 37 84 25000
18 38 106 25000
18 39 91 25000
18 40 81 25000
18 41 70 25000
18 42 88 25000
18 43 75 25000
18 44 68 25000
18 45 98 25000
18 46 82 25000
18 47 85 25000
18 48 73 25000
18 49 79 25000
18 50 78 25000
18 51 87 25000
19 20 100 25000
19 21 99 25000
19 22 85 25000
19 23 96 25000
19 24 87 25000
19 25 105 25000
19 26 73 25000
19 27 82 25000
19 28 81 25000
19 29 99 25000
19 30 94 25000
19 31 78 25000
19 32 104 25000
19 33 89 25000
19 34 104 25000
19 35 101 25000
19 36 76 25000
19 37 95 25000
19 38 81 25000
19 39 74 25000
19 40 91 25000
19 41 74 25000
19 42 81 25000
19 43 79 25000
19 44 100 25000
19 45 74 25000
19 46 81 25000
19 47 88 25000
19 48 71 25000
19 49 93 25000
19 50 82 25000
19 51 89 25000
20 21 116 25000
20 22 106 25000
20 23 79 25000
20 24 95 25000
20 25 91 25000
20 26 94 25000
20 27 84 25000
20 28 70 25000
20 29 99 25000
20 30 84 25000
20 31 92 25000
20 32 92 25000
20 33 75 25000
20 34 81 25000
20 35 75 25000
20 36 74 25000
20 37 78 25000
20 38 105 25000
20 39 80 25000
20 40 76 25000
20 41 75 25000
20 42 89 25000
20 43 83 25000
20 44 95 25000
20 45 67 25000
20 46 86 25000
20 47 78 25000
20 48 81 25000
20 49 89 25000
20 50 70 25000
20 51 86 25000
21 22 103 25000
21 23 96 25000
21 24 106 25000
21 25 87 25000
21 26 97 25000
21 27 95 25000
21 28 83 25000
21 29 91 25000
21 30 91 25000
21 31 93 25000
21 32 84 25000
21 33 68 25000
21 34 65 25000
21 35 78 25000
21 36 95 25000
21 37 89 25000
21 38 109 25000
21 39 88 25000
21 40 92 25000
21 41 81 25000
21 42 87 25000
21 43 74 25000
21 44 95 25000
21 45 88 25000
21 46 86 25000
21 47 87 25000
21 48 89 25000
21 49 84 25000
21 50 79 25000
21 51 96 25000
22 23 109 25000
22 24 90 25000
22 25 96 25000
22 26 90 25000
22 27 84 25000
22 28 77 25000
22 29 92 25000
22 30 88 25000
22 31 81 25000
22 32 101 25000
22 33 84 25000
22 34 83 25000
22 35 78 25000
22 36 86 25000
22 37 104 25000
22 38 81 25000
22 39 70 25000
22 40 99 25000
22 41 86 25000
22 42 95 25000
22 43 77 25000
22 44 75 25000
22 45 85 25000
22 46 71 25000
22 47 91 25000
22 48 87 25000
22 49 84 25000
22 50 72 25000
22 51 81 25000
23 24 93 25000
23 25 97 25000
23 26 91 25000
23 27 100 25000
23 28 89 25000
23 29 75 25000
23 30 91 25000
23 31 82 25000
23 32 80 25000
23 33 95 25000
23 34 78 25000
23 35 77 25000
23 36 79 25000
23 37 61 25000
23 38 69 25000
23 39 71 25000
23 40 82 25000
23 41 71 25000
23 42 101 25000
23 43 76 25000
23 44 90 25000
23 45 89 25000
23 46 80 25000
23 47 77 25000
23 48 90 25000
23 49 87 25000
23 50 73 25000
23 51 106 25000
24 25 102 25000
24 26 89 25000
24 27 94 25000
24 28 82 25000
24 29 78 25000
24 30 69 25000
24 31 82 25000
24 32 97 25000
24 33 70 25000
24 34 75 25000
24 35 82 25000
24 36 87 25000
24 37 73 25000
24 38 83 25000
24 39 80 25000
24 40 94 25000
24 41 82 25000
24 42 87 25000
24 43 105 25000
24 44 72 25000
24 45 94 25000
24 46 80 25000
24 47 76 25000
24 48 76 25000
24 49 97 25000
24 50 70 25000
24 51 88 25000
25 26 79 25000
25 27 91 25000
25 28 102 25000
25 29 61 25000
25 30 88 25000
25 31 99 25000
25 32 81 25000
25 33 85 25000
25 34 73 25000
25 35 85 25000
25 36 97 25000
25 37 94 25000
25 38 94 25000
25 39 73 25000
25 40 84 25000
25 41 82 25000
25 42 88 25000
25 43 96 25000
25 44 84 25000
25 45 87 25000
25 46 79 25000
25 47 90 25000
25 48 71 25000
25 49 85 25000
25 50 93 25000
25 51 89 25000
26 27 105 25000
26 28 102 25000
26 29 94 25000
26 30 74 25000
26 31 105 25000
26 32 103 25000
26 33 105 25000
26 34 85 25000
26 35 101 25000
26 36 99 25000
26 37 112 25000
26 38 108 25000
26 39 81 25000
26 40 89 25000
26 41 88 25000
26 42 85 25000
26 43 82 25000
26 44 90 25000
26 45 79 25000
26 46 77 25000
26 47 103 25000
26 48 83 25000
26 49 79 25000
26 50 72 25000
26 51 81 25000
27 28 105 25000
27 29 91 25000
27 30 98 25000
27 31 96 25000
27 32 88 25000
27 33 86 25000
27 34 89 25000
27 35 88 25000
27 36 106 25000
27 37 105 25000
27 38 96 25000
27 39 80 25000
27 40 79 25000
27 41 81 25000
27 42 74 25000
27 43 86 25000
27 44 96 25000
27 45 99 25000
27 46 79 25000
27 47 84 25000
27 48 90 25000
27 49 86 25000
27 50 83 25000
27 51 69 25000
28 29 104 25000
28 30 94 25000
28 31 106 25000
28 32 88 25000
28 33 103 25000
28 34 88 25000
28 35 101 25000
28 36 87 25000
28 37 102 25000
28 38 84 25000
28 39 85 25000
28 40 80 25000
28 41 74 25000
28 42 90 25000
28 43 80 25000
28 44 92 25000
28 45 76 25000
28 46 74 25000
28 47 85 25000
28 48 82 25000
28 49 87 25000
28 50 84 25000
28 51 106 25000
29 30 108 25000
29 31 102 25000
29 32 103 25000
29 33 93 25000
29 34 89 25000
29 35 83 25000
29 36 101 25000
29 37 115 25000
29 38 89 25000
29 39 88 25000
29 40 94 25000
29 41 88 25000
29 42 105 25000
29 43 86 25000
29 44 95 25000
29 45 93 25000
29 46 73 25000
29 47 83 25000
29 48 75 25000
29 49 105 25000
29 50 65 25000
29 51 76 25000
30 31 107 25000
30 32 97 25000
30 33 131 25000
30 34 95 25000
30 35 84 25000
30 36 99 25000
30 37 109 25000
30 38 105 25000
30 39 87 25000
30 40 79 25000
30 41 80 25000
30 42 66 25000
30 43 88 25000
30 44 80 25000
30 45 85 25000
30 46 83 25000
30 47 97 25000
30 48 96 25000
30 49 62 25000
30 50 80 25000
30 51 84 25000
31 32 100 25000
31 33 100 25000
31 34 98 25000
31 35 95 25000
31 36 88 25000
31 37 103 25000
31 38 104 25000
31 39 101 25000
31 40 86 25000
31 41 86 25000
31 42 82 25000
31 43 91 25000
31 44 83 25000
31 45 93 25000
31 46 90 25000
31 47 89 25000
31 48 84 25000
31 49 76 25000
31 50 81 25000
31 51 86 25000
32 33 111 25000
32 34 105 25000
32 35 106 25000
32 36 105 25000
32 37 98 25000
32 38 95 25000
32 39 83 25000
32 40 96 25000
32 41 93 25000
32 42 79 25000
32 43 84 25000
32 44 81 25000
32 45 77 25000
32 46 88 25000
32 47 81 25000
32 48 67 25000
32 49 86 25000
32 50 77 25000
32 51 88 25000
33 34 108 25000
33 35 113 25000
33 36 104 25000
33 37 103 25000
33 38 96 25000
33 39 97 25000
33 40 89 25000
33 41 78 25000
33 42 86 25000
33 43 82 25000
33 44 76 25000
33 45 110 25000
33 46 73 25000
33 47 92 25000
33 48 83 25000
33 49 95 25000
33 50 91 25000
33 51 91 25000
34 35 93 25000
34 36 88 25000
34 37 102 25000
34 38 97 25000
34 39 93 25000
34 40 80 25000
34 41 85 25000
34 42 80 25000
34 43 71 25000
34 44 75 25000
34 45 94 25000
34 46 76 25000
34 47 79 25000
34 48 67 25000
34 49 91 25000
34 50 96 25000
34 51 74 25000
35 36 87 25000
35 37 90 25000
35 38 111 25000
35 39 80 25000
35 40 99 25000
35 41 87 25000
35 42 87 25000
35 43 89 25000
35 44 96 25000
35 45 82 25000
35 46 81 25000
35 47 106 25000
35 48 81 25000
35 49 111 25000
35 50 83 25000
35 51 101 25000
36 37 101 25000
36 38 108 25000
36 39 80 25000
36 40 98 25000
36 41 74 25000
36 42 81 25000
36 43 98 25000
36 44 91 25000
36 45 83 25000
36 46 83 25000
36 47 79 25000
36 48 93 25000
36 49 95 25000
36 50 80 25000
36 51 76 25000
37 38 105 25000
37 39 75 25000
37 40 100 25000
37 41 72 25000
37 42 75 25000
37 43 78 25000
37 44 78 25000
37 45 85 25000
37 46 79 25000
37 47 77 25000
37 48 73 25000
37 49 81 25000
37 50 89 25000
37 51 88 25000
38 39 84 25000
38 40 95 25000
38 41 87 25000
38 42 79 25000
38 43 100 25000
38 44 86 25000
38 45 91 25000
38 46 87 25000
38 47 98 25000
38 48 90 25000
38 49 92 25000
38 50 100 25000
38 51 94 25000
39 40 101 25000
39 41 99 25000
39 42 97 25000
39 43 99 25000
39 44 82 25000
39 45 102 25000
39 46 113 25000
39 47 84 25000
39 48 101 25000
39 49 99 25000
39 50 99 25000
39 51 85 25000
40 41 103 25000
40 42 117 25000
40 43 92 25000
40 44 92 25000
40 45 94 25000
40 46 93 25000
40 47 80 25000
40 48 109 25000
40 49 101 25000
40 50 111 25000
40 51 108 25000
41 42 92 25000
41 43 101 25000
41 44 93 25000
41 45 96 25000
41 46 92 25000
41 47 95 25000
41 48 96 25000
41 49 92 25000
41 50 79 25000
41 51 103 25000
42 43 108 25000
42 44 98 25000
42 45 106 25000
42 46 91 25000
42 47 112 25000
42 48 95 25000
42 49 96 25000
42 50 96 25000
42 51 94 25000
43 44 91 25000
43 45 82 25000
43 46 104 25000
43 47 85 25000
43 48 105 25000
43 49 109 25000
43 50 90 25000
43 51 104 25000
44 45 97 25000
44 46 109 25000
44 47 110 25000
44 48 103 25000
44 49 95 25000
44 50 80 25000
44 51 81 25000
45 46 92 25000
45 47 111 25000
45 48 95 25000
45 49 93 25000
45 50 100 25000
45 51 104 25000
46 47 103 25000
46 48 104 25000
46 49 105 25000
46 50 93 25000
46 51 89 25000
47 48 101 25000
47 49 105 25000
47 50 106 25000
47 51 113 25000
48 49 117 25000
48 50 80 25000
48 51 85 25000
49 50 87 25000
49 51 106 25000
50 51 95 25000
