0 1 109 25000
0 2 111 25000
0 3 106 25000
0 4 93 25000
0 5 89 25000
0 6 101 25000
0 7 84 25000
0 8 97 25000
0 9 134 25000
0 10 105 25000
0 11 110 25000
0 12 119 25000
0 13 88 25000
0 14 87 25000
0 15 80 25000
0 16 84 25000
0 17 82 25000
0 18 89 25000
0 19 74 25000
0 20 85 25000
0 21 86 25000
0 22 81 25000
0 23 100 25000
0 24 81 25000
0 25 90 25000
0 26 68 25000
0 27 90 25000
0 28 75 25000
0 29 84 25000
0 30 95 25000
0 31 95 25000
0 32 105 25000
0 33 82 25000
0 34 80 25000
0 35 87 25000
0 36 98 25000
0 37 65 25000
0 38 91 25000
0 39 100 25000
0 40 82 25000
0 41 102 25000
0 42 101 25000
0 43 86 25000
0 44 83 25000
0 45 109 25000
0 46 100 25000
0 47 90 25000
0 48 92 25000
0 49 76 25000
0 50 112 25000
0 51 99 25000
1 2 113 25000
1 3 77 25000
1 4 102 25000
1 5 86 25000
1 6 89 25000
1 7 97 25000
1 8 92 25000
1 9 94 25000
1 10 118 25000
1 11 117 25000
1 12 110 25000
1 13 79 25000
1 14 83 25000
1 15 88 25000
1 16 114 25000
1 17 91 25000
1 18 101 25000
1 19 93 25000
1 20 99 25000
1 21 74 25000
1 22 89 25000
1 23 94 25000
1 24 88 25000
1 25 101 25000
1 26 86 25000
1 27 103 25000
1 28 79 25000
1 29 92 25000
1 30 82 25000
1 31 91 25000
1 32 69 25000
1 33 77 25000
1 34 64 25000
1 35 90 25000
1 36 99 25000
1 37 90 25000
1 38 73 25000
1 39 89 25000
1 40 92 25000
1 41 88 25000
1 42 80 25000
1 43 109 25000
1 44 88 25000
1 45 69 25000
1 46 92 25000
1 47 80 25000
1 48 101 25000
1 49 100 25000
1 50 89 25000
1 51 77 25000
2 3 94 25000
2 4 92 25000
2 5 85 25000
2 6 83 25000
2 7 88 25000
2 8 81 25000
2 9 82 25000
2 10 100 25000
2 11 115 25000
2 12 96 25000
2 13 79 25000
2 14 82 25000
2 15 79 25000
2 16 89 25000
2 17 111 25000
2 18 88 25000
2 19 75 25000
2 20 74 25000
2 21 81 25000
2 22 81 25000
2 23 90 25000
2 24 81 25000
2 25 96 25000
2 26 73 25000
2 27 80 25000
2 28 84 25000
2 29 85 25000
2 30 85 25000
2 31 85 25000
2 32 84 25000
2 33 78 25000
2 34 68 25000
2 35 78 25000
2 36 80 25000
2 37 79 25000
2 38 90 25000
2 39 69 25000
2 40 89 25000
2 41 94 25000
2 42 96 25000
2 43 90 25000
2 44 84 25000
2 45 85 25000
2 46 79 25000
2 47 84 25000
2 48 102 25000
2 49 90 25000
2 50 111 25000
2 51 77 25000
3 4 101 25000
3 5 88 25000
3 6 101 25000
3 7 90 25000
3 8 106 25000
3 9 85 25000
3 10 114 25000
3 11 94 25000
3 12 109 25000
3 13 85 25000
3 14 74 25000
3 15 75 25000
3 16 90 25000
3 17 92 25000
3 18 93 25000
3 19 84 25000
3 20 100 25000
3 21 84 25000
3 22 86 25000
3 23 86 25000
3 24 82 25000
3 25 89 25000
3 26 78 25000
3 27 74 25000
3 28 72 25000
3 29 93 25000
3 30 85 25000
3 31 85 25000
3 32 80 25000
3 33 99 25000
3 34 79 25000
3 35 76 25000
3 36 79 25000
3 37 75 25000
3 38 73 25000
3 39 86 25000
3 40 90 25000
3 41 76 25000
3 42 89 25000
3 43 81 25000
3 44 68 25000
3 45 88 25000
3 46 84 25000
3 47 86 25000
3 48 95 25000
3 49 86 25000
3 50 89 25000
3 51 88 25000
4 5 105 25000
4 6 97 25000
4 7 87 25000
4 8 110 25000
4 9 105 25000
4 10 95 25000
4 11 86 25000
4 12 94 25000
4 13 91 25000
4 14 76 25000
4 15 92 25000
4 16 83 25000
4 17 66 25000
4 18 85 25000
4 19 74 25000
4 20 72 25000
4 21 76 25000
4 22 73 25000
4 23 88 25000
4 24 73 25000
4 25 82 25000
4 26 85 25000
4 27 77 25000
4 28 75 25000
4 29 92 25000
4 30 85 25000
4 31 87 25000
4 32 107 25000
4 33 77 25000
4 34 72 25000
4 35 86 25000
4 36 79 25000
4 37 80 25000
4 38 93 25000
4 39 98 25000
4 40 93 25000
4 41 98 25000
4 42 100 25000
4 43 80 25000
4 44 93 25000
4 45 87 25000
4 46 87 25000
4 47 96 25000
4 48 90 25000
4 49 81 25000
4 50 87 25000
4 51 80 25000
5 6 101 25000
5 7 89 25000
5 8 98 25000
5 9 107 25000
5 10 85 25000
5 11 114 25000
5 12 104 25000
5 13 75 25000
5 14 86 25000
5 15 89 25000
5 16 83 25000
5 17 92 25000
5 18 95 25000
5 19 78 25000
5 20 103 25000
5 21 65 25000
5 22 96 25000
5 23 100 25000
5 24 87 25000
5 25 80 25000
5 26 99 25000
5 27 81 25000
5 28 79 25000
5 29 76 25000
5 30 87 25000
5 31 90 25000
5 32 98 25000
5 33 83 25000
5 34 66 25000
5 35 74 25000
5 36 92 25000
5 37 80 25000
5 38 89 25000
5 39 93 25000
5 40 84 25000
5 41 92 25000
5 42 109 25000
5 43 85 25000
5 44 86 25000
5 45 76 25000
5 46 92 25000
5 47 90 25000
5 48 94 25000
5 49 74 25000
5 50 104 25000
5 51 66 25000
6 7 91 25000
6 8 95 25000
6 9 98 25000
6 10 87 25000
6 11 92 25000
6 12 80 25000
6 13 75 25000
6 14 85 25000
6 15 86 25000
6 16 75 25000
6 17 77 25000
6 18 98 25000
6 19 81 25000
6 20 93 25000
6 21 79 25000
6 22 87 25000
6 23 87 25000
6 24 72 25000
6 25 81 25000
6 26 75 25000
6 27 74 25000
6 28 87 25000
6 29 81 25000
6 30 89 25000
6 31 86 25000
6 32 95 25000
6 33 75 25000
6 34 79 25000
6 35 73 25000
6 36 93 25000
6 37 85 25000
6 38 88 25000
6 39 85 25000
6 40 76 25000
6 41 90 25000
6 42 96 25000
6 43 66 25000
6 44 79 25000
6 45 79 25000
6 46 86 25000
6 47 92 25000
6 48 81 25000
6 49 76 25000
6 50 97 25000
6 51 86 25000
7 8 100 25000
7 9 91 25000
7 10 100 25000
7 11 108 25000
7 12 111 25000
7 13 86 25000
7 14 86 25000
7 15 92 25000
7 16 80 25000
7 17 80 25000
7 18 74 25000
7 19 90 25000
7 20 75 25000
7 21 93 25000
7 22 79 25000
7 23 86 25000
7 24 107 25000
7 25 96 25000
7 26 87 25000
7 27 77 25000
7 28 86 25000
7 29 86 25000
7 30 95 25000
7 31 92 25000
7 32 78 25000
7 33 80 25000
7 34 104 25000
7 35 91 25000
7 36 84 25000
7 37 87 25000
7 38 99 25000
7 39 84 25000
7 40 88 25000
7 41 70 25000
7 42 84 25000
7 43 78 25000
7 44 99 25000
7 45 95 25000
7 46 86 25000
7 47 75 25000
7 48 90 25000
7 49 89 25000
7 50 102 25000
7 51 73 25000
8 9 93 25000
8 10 99 25000
8 11 108 25000
8 12 92 25000
8 13 100 25000
8 14 79 25000
8 15 84 25000
8 16 86 25000
8 17 81 25000
8 18 86 25000
8 19 79 25000
8 20 83 25000
8 21 97 25000
8 22 97 25000
8 23 96 25000
8 24 88 25000
8 25 100 25000
8 26 62 25000
8 27 94 25000
8 28 73 25000
8 29 93 25000
8 30 87 25000
8 31 91 25000
8 32 90 25000
8 33 88 25000
8 34 90 25000
8 35 93 25000
8 36 83 25000
8 37 86 25000
8 38 81 25000
8 39 88 25000
8 40 90 25000
8 41 90 25000
8 42 95 25000
8 43 79 25000
8 44 90 25000
8 45 78 25000
8 46 88 25000
8 47 64 25000
8 48 75 25000
8 49 105 25000
8 50 79 25000
8 51 71 25000
9 10 94 25000
9 11 107 25000
9 12 110 25000
9 13 75 25000
9 14 82 25000
9 15 84 25000
9 16 80 25000
9 17 76 25000
9 18 83 25000
9 19 85 25000
9 20 80 25000
9 21 74 25000
9 22 100 25000
9 23 77 25000
9 24 101 25000
9 25 88 25000
9 26 72 25000
9 27 84 25000
9 28 80 25000
9 29 84 25000
9 30 87 25000
9 31 79 25000
9 32 81 25000
9 33 82 25000
9 34 87 25000
9 35 77 25000
9 36 79 25000
9 37 87 25000
9 38 93 25000
9 39 88 25000
9 40 85 25000
9 41 86 25000
9 42 79 25000
9 43 83 25000
9 44 90 25000
9 45 95 25000
9 46 95 25000
9 47 79 25000
9 48 75 25000
9 49 85 25000
9 50 88 25000
9 51 79 25000
10 11 112 25000
10 12 111 25000
10 13 76 25000
10 14 93 25000
10 15 80 25000
10 16 83 25000
10 17 72 25000
10 18 77 25000
10 19 74 25000
10 20 97 25000
10 21 97 25000
10 22 101 25000
10 23 80 25000
10 24 88 25000
10 25 100 25000
10 26 96 25000
10 27 75 25000
10 28 71 25000
10 29 95 25000
10 30 76 25000
10 31 99 25000
10 32 91 25000
10 33 90 25000
10 34 73 25000
10 35 80 25000
10 36 86 25000
10 37 87 25000
10 38 76 25000
10 39 68 25000
10 40 101 25000
10 41 89 25000
10 42 95 25000
10 43 81 25000
10 44 74 25000
10 45 89 25000
10 46 85 25000
10 47 66 25000
10 48 80 25000
10 49 73 25000
10 50 93 25000
10 51 88 25000
11 12 106 25000
11 13 95 25000
11 14 90 25000
11 15 97 25000
11 16 80 25000
11 17 88 25000
11 18 89 25000
11 19 70 25000
11 20 92 25000
11 21 94 25000
11 22 102 25000
11 23 100 25000
11 24 89 25000
11 25 109 25000
11 26 82 25000
11 27 73 25000
11 28 78 25000
11 29 97 25000
11 30 91 25000
11 31 90 25000
11 32 94 25000
11 33 78 25000
11 34 88 25000
11 35 70 25000
11 36 66 25000
11 37 78 25000
11 38 81 25000
11 39 78 25000
11 40 99 25000
11 41 87 25000
11 42 103 25000
11 43 85 25000
11 44 98 25000
11 45 74 25000
11 46 89 25000
11 47 105 25000
11 48 83 25000
11 49 83 25000
11 50 82 25000
11 51 100 25000
12 13 98 25000
12 14 82 25000
12 15 100 25000
12 16 82 25000
12 17 88 25000
12 18 92 25000
12 19 100 25000
12 20 89 25000
12 21 92 25000
12 22 93 25000
12 23 72 25000
12 24 107 25000
12 25 94 25000
12 26 73 25000
12 27 89 25000
12 28 82 25000
12 29 87 25000
12 30 97 25000
12 31 91 25000
12 32 68 25000
12 33 89 25000
12 34 95 25000
12 35 89 25000
12 36 104 25000
12 37 92 25000
12 38 84 25000
12 39 91 25000
12 40 84 25000
12 41 94 25000
12 42 80 25000
12 43 83 25000
12 44 101 25000
12 45 90 25000
12 46 74 25000
12 47 98 25000
12 48 87 25000
12 49 85 25000
12 50 100 25000
12 51 101 25000
13 14 100 25000
13 15 96 25000
13 16 103 25000
13 17 85 25000
13 18 94 25000
13 19 83 25000
13 20 106 25000
13 21 114 25000
13 22 95 25000
13 23 81 25000
13 24 95 25000
13 25 102 25000
13 26 68 25000
13 27 78 25000
13 28 80 25000
13 29 106 25000
13 30 77 25000
13 31 82 25000
13 32 82 25000
13 33 86 25000
13 34 78 25000
13 35 56 25000
13 36 89 25000
13 37 84 25000
13 38 71 25000
13 39 76 25000
13 40 95 25000
13 41 95 25000
13 42 88 25000
13 43 101 25000
13 44 74 25000
13 45 83 25000
13 46 89 25000
13 47 90 25000
13 48 76 25000
13 49 94 25000
13 50 92 25000
13 51 71 25000
14 15 107 25000
14 16 83 25000
14 17 104 25000
14 18 96 25000
14 19 90 25000
14 20 95 25000
14 21 79 25000
14 22 89 25000
14 23 95 25000
14 24 94 25000
14 25 107 25000
14 26 94 25000
14 27 77 25000
14 28 63 25000
14 29 84 25000
14 30 83 25000
14 31 86 25000
14 32 100 25000
14 33 78 25000
14 34 76 25000
14 35 72 25000
14 36 78 25000
14 37 90 25000
14 38 78 25000
14 39 83 25000
14 40 82 25000
14 41 84 25000
14 42 86 25000
14 43 66 25000
14 44 91 25000
14 45 85 25000
14 46 79 25000
14 47 81 25000
14 48 85 25000
14 49 77 25000
14 50 94 25000
14 51 82 25000
15 16 90 25000
15 17 104 25000
15 18 91 25000
15 19 90 25000
15 20 99 25000
15 21 100 25000
15 22 94 25000
15 23 104 25000
15 24 99 25000
15 25 108 25000
15 26 97 25000
15 27 85 25000
15 28 81 25000
15 29 91 25000
15 30 98 25000
15 31 81 25000
15 32 70 25000
15 33 80 25000
15 34 105 25000
15 35 80 25000
15 36 98 25000
15 37 98 25000
15 38 96 25000
15 39 81 25000
15 40 90 25000
15 41 89 25000
15 42 89 25000
15 43 88 25000
15 44 84 25000
15 45 79 25000
15 46 84 25000
15 47 97 25000
15 48 88 25000
15 49 81 25000
15 50 84 25000
15 51 76 25000
16 17 107 25000
16 18 88 25000
16 19 97 25000
16 20 84 25000
16 21 86 25000
16 22 103 25000
16 23 86 25000
16 24 98 25000
16 25 87 25000
16 26 78 25000
16 27 74 25000
16 28 81 25000
16 29 84 25000
16 30 78 25000
16 31 75 25000
16 32 88 25000
16 33 83 25000
16 34 90 25000
16 35 84 25000
16 36 76 25000
16 37 84 25000
16 38 80 25000
16 39 102 25000
16 40 96 25000
16 41 76 25000
16 42 82 25000
16 43 77 25000
16 44 86 25000
16 45 80 25000
16 46 81 25000
16 47 85 25000
16 48 83 25000
16 49 80 25000
16 50 74 25000
16 51 93 25000
17 18 91 25000
17 19 96 25000
17 20 86 25000
17 21 97 25000
17 22 89 25000
17 23 93 25000
17 24 99 25000
17 25 91 25000
17 26 92 25000
17 27 79 25000
17 28 75 25000
17 29 94 25000
17 30 65 25000
17 31 88 25000
17 32 80 25000
17 33 86 25000
17 34 87 25000
17 35 76 25000
17 36 77 25000
17 37 82 25000
17 38 99 25000
17 39 80 25000
17 40 83 25000
17 41 93 25000
17 42 89 25000
17 43 83 25000
17 44 96 25000
17 45 88 25000
17 46 97 25000
17 47 78 25000
17 48 76 25000
17 49 74 25000
17 50 90 25000
17 51 82 25000
18 19 92 25000
18 20 98 25000
18 21 86 25000
18 22 90 25000
18 23 110 25000
18 24 109 25000
18 25 102 25000
18 26 94 25000
18 27 83 25000
18 28 89 25000
18 29 80 25000
18 30 92 25000
18 31 73 25000
18 32 85 25000
18 33 96 25000
18 34 84 25000
18 35 88 25000
18 36 99 25000
18 37 107 25000
18 38 86 25000
18 39 93 25000
18 40 92 25000
18 41 75 25000
18 42 90 25000
18 43 76 25000
18 44 78 25000
18 45 86 25000
18 46 74 25000
18 47 100 25000
18 48 79 25000
18 49 85 25000
18 50 86 25000
18 51 95 25000
19 20 94 25000
19 21 95 25000
19 22 93 25000
19 23 98 25000
19 24 90 25000
19 25 105 25000
19 26 77 25000
19 27 84 25000
19 28 87 25000
19 29 80 25000
19 30 75 25000
19 31 81 25000
19 32 83 25000
19 33 84 25000
19 34 67 25000
19 35 79 25000
19 36 80 25000
19 37 86 25000
19 38 64 25000
19 39 97 25000
19 40 77 25000
19 41 81 25000
19 42 80 25000
19 43 74 25000
19 44 83 25000
19 45 74 25000
19 46 88 25000
19 47 97 25000
19 48 90 25000
19 49 82 25000
19 50 77 25000
19 51 83 25000
20 21 96 25000
20 22 98 25000
20 23 111 25000
20 24 101 25000
20 25 100 25000
20 26 84 25000
20 27 82 25000
20 28 96 25000
20 29 98 25000
20 30 88 25000
20 31 78 25000
20 32 79 25000
20 33 73 25000
20 34 121 25000
20 35 82 25000
20 36 93 25000
20 37 91 25000
20 38 80 25000
20 39 81 25000
20 40 73 25000
20 41 76 25000
20 42 88 25000
20 43 84 25000
20 44 93 25000
20 45 86 25000
20 46 78 25000
20 47 99 25000
20 48 70 25000
20 49 75 25000
20 50 77 25000
20 51 92 25000
21 22 90 25000
21 23 83 25000
21 24 105 25000
21 25 101 25000
21 26 83 25000
21 27 82 25000
21 28 77 25000
21 29 86 25000
21 30 82 25000
21 31 70 25000
21 32 86 25000
21 33 89 25000
21 34 69 25000
21 35 83 25000
21 36 87 25000
21 37 99 25000
21 38 84 25000
21 39 86 25000
21 40 96 25000
21 41 85 25000
21 42 90 25000
21 43 67 25000
21 44 88 25000
21 45 83 25000
21 46 79 25000
21 47 95 25000
21 48 86 25000
21 49 83 25000
21 50 103 25000
21 51 82 25000
22 23 110 25000
22 24 105 25000
22 25 110 25000
22 26 86 25000
22 27 77 25000
22 28 86 25000
22 29 86 25000
22 30 79 25000
22 31 91 25000
22 32 89 25000
22 33 83 25000
22 34 72 25000
22 35 81 25000
22 36 99 25000
22 37 82 25000
22 38 90 25000
22 39 84 25000
22 40 98 25000
22 41 77 25000
22 42 84 25000
22 43 76 25000
22 44 100 25000
22 45 85 25000
22 46 88 25000
22 47 79 25000
22 48 89 25000
22 49 89 25000
22 50 84 25000
22 51 72 25000
23 24 108 25000
23 25 101 25000
23 26 93 25000
23 27 80 25000
23 28 84 25000
23 29 76 25000
23 30 104 25000
23 31 80 25000
23 32 70 25000
23 33 98 25000
23 34 77 25000
23 35 89 25000
23 36 79 25000
23 37 87 25000
23 38 81 25000
23 39 84 25000
23 40 91 25000
23 41 103 25000
23 42 92 25000
23 43 89 25000
23 44 102 25000
23 45 92 25000
23 46 100 25000
23 47 88 25000
23 48 87 25000
23 49 84 25000
23 50 101 25000
23 51 81 25000
24 25 93 25000
24 26 83 25000
24 27 99 25000
24 28 84 25000
24 29 86 25000
24 30 81 25000
24 31 84 25000
24 32 97 25000
24 33 84 25000
24 34 105 25000
24 35 79 25000
24 36 88 25000
24 37 102 25000
24 38 88 25000
24 39 91 25000
24 40 72 25000
24 41 92 25000
24 42 100 25000
24 43 75 25000
24 44 102 25000
24 45 83 25000
24 46 91 25000
24 47 90 25000
24 48 78 25000
24 49 92 25000
24 50 78 25000
24 51 91 25000
25 26 85 25000
25 27 79 25000
25 28 93 25000
25 29 92 25000
25 30 96 25000
25 31 79 25000
25 32 72 25000
25 33 79 25000
25 34 72 25000
25 35 81 25000
25 36 96 25000
25 37 88 25000
25 38 102 25000
25 39 93 25000
25 40 96 25000
25 41 95 25000
25 42 77 25000
25 43 82 25000
25 44 104 25000
25 45 98 25000
25 46 98 25000
25 47 102 25000
25 48 101 25000
25 49 100 25000
25 50 94 25000
25 51 90 25000
26 27 98 25000
26 28 101 25000
26 29 100 25000
26 30 89 25000
26 31 88 25000
26 32 93 25000
26 33 100 25000
26 34 95 25000
26 35 82 25000
26 36 96 25000
26 37 90 25000
26 38 100 25000
26 39 93 25000
26 40 88 25000
26 41 87 25000
26 42 66 25000
26 43 87 25000
26 44 89 25000
26 45 94 25000
26 46 102 25000
26 47 93 25000
26 48 77 25000
26 49 81 25000
26 50 85 25000
26 51 77 25000
27 28 106 25000
27 29 88 25000
27 30 101 25000
27 31 98 25000
27 32 94 25000
27 33 99 25000
27 34 84 25000
27 35 88 25000
27 36 98 25000
27 37 97 25000
27 38 88 25000
27 39 82 25000
27 40 80 25000
27 41 67 25000
27 42 75 25000
27 43 72 25000
27 44 97 25000
27 45 98 25000
27 46 80 25000
27 47 78 25000
27 48 88 25000
27 49 73 25000
27 50 100 25000
27 51 86 25000
28 29 88 25000
28 30 90 25000
28 31 94 25000
28 32 78 25000
28 33 79 25000
28 34 93 25000
28 35 88 25000
28 36 95 25000
28 37 86 25000
28 38 99 25000
28 39 80 25000
28 40 82 25000
28 41 81 25000
28 42 90 25000
28 43 63 25000
28 44 88 25000
28 45 89 25000
28 46 85 25000
28 47 67 25000
28 48 81 25000
28 49 67 25000
28 50 81 25000
28 51 67 25000
29 30 98 25000
29 31 104 25000
29 32 107 25000
29 33 96 25000
29 34 93 25000
29 35 98 25000
29 36 100 25000
29 37 94 25000
29 38 99 25000
29 39 79 25000
29 40 97 25000
29 41 84 25000
29 42 83 25000
29 43 89 25000
29 44 83 25000
29 45 94 25000
29 46 94 25000
29 47 73 25000
29 48 75 25000
29 49 74 25000
29 50 79 25000
29 51 91 25000
30 31 113 25000
30 32 82 25000
30 33 92 25000
30 34 106 25000
30 35 79 25000
30 36 88 25000
30 37 86 25000
30 38 100 25000
30 39 79 25000
30 40 89 25000
30 41 89 25000
30 42 84 25000
30 43 71 25000
30 44 94 25000
30 45 68 25000
30 46 67 25000
30 47 91 25000
30 48 84 25000
30 49 74 25000
30 50 77 25000
30 51 96 25000
31 32 114 25000
31 33 86 25000
31 34 101 25000
31 35 90 25000
31 36 99 25000
31 37 88 25000
31 38 108 25000
31 39 73 25000
31 40 86 25000
31 41 102 25000
31 42 99 25000
31 43 80 25000
31 44 77 25000
31 45 84 25000
31 46 95 25000
31 47 85 25000
31 48 83 25000
31 49 91 25000
31 50 90 25000
31 51 79 25000
32 33 93 25000
32 34 103 25000
32 35 96 25000
32 36 97 25000
32 37 92 25000
32 38 78 25000
32 39 83 25000
32 40 98 25000
32 41 72 25000
32 42 75 25000
32 43 85 25000
32 44 83 25000
32 45 85 25000
32 46 100 25000
32 47 92 25000
32 48 90 25000
32 49 91 25000
32 50 84 25000
32 51 67 25000
33 34 110 25000
33 35 97 25000
33 36 91 25000
33 37 71 25000
33 38 101 25000
33 39 88 25000
33 40 98 25000
33 41 83 25000
33 42 96 25000
33 43 66 25000
33 44 83 25000
33 45 78 25000
33 46 99 25000
33 47 90 25000
33 48 82 25000
33 49 92 25000
33 50 75 25000
33 51 71 25000
34 35 107 25000
34 36 115 25000
34 37 85 25000
34 38 90 25000
34 39 86 25000
34 40 66 25000
34 41 69 25000
34 42 81 25000
34 43 102 25000
34 44 74 25000
34 45 108 25000
34 46 81 25000
34 47 89 25000
34 48 73 25000
34 49 82 25000
34 50 77 25000
34 51 92 25000
35 36 94 25000
35 37 100 25000
35 38 98 25000
35 39 84 25000
35 40 106 25000
35 41 68 25000
35 42 101 25000
35 43 95 25000
35 44 79 25000
35 45 70 25000
35 46 92 25000
35 47 73 25000
35 48 64 25000
35 49 84 25000
35 50 67 25000
35 51 76 25000
36 37 98 25000
36 38 103 25000
36 39 97 25000
36 40 93 25000
36 41 79 25000
36 42 85 25000
36 43 79 25000
36 44 85 25000
36 45 83 25000
36 46 77 25000
36 47 91 25000
36 48 90 25000
36 49 76 25000
36 50 71 25000
36 51 85 25000
37 38 116 25000
37 39 89 25000
37 40 83 25000
37 41 82 25000
37 42 101 25000
37 43 95 25000
37 44 82 25000
37 45 94 25000
37 46 90 25000
37 47 91 25000
37 48 97 25000
37 49 91 25000
37 50 101 25000
37 51 97 25000
38 39 86 25000
38 40 84 25000
38 41 90 25000
38 42 85 25000
38 43 80 25000
38 44 84 25000
38 45 103 25000
38 46 76 25000
38 47 68 25000
38 48 87 25000
38 49 77 25000
38 50 103 25000
38 51 87 25000
39 40 84 25000
39 41 101 25000
39 42 95 25000
39 43 89 25000
39 44 92 25000
39 45 107 25000
39 46 97 25000
39 47 91 25000
39 48 106 25000
39 49 98 25000
39 50 100 25000
39 51 86 25000
40 41 116 25000
40 42 106 25000
40 43 104 25000
40 44 105 25000
40 45 129 25000
40 46 93 25000
40 47 108 25000
40 48 93 25000
40 49 115 25000
40 50 98 25000
40 51 91 25000
41 42 87 25000
41 43 100 25000
41 44 99 25000
41 45 103 25000
41 46 99 25000
41 47 88 25000
41 48 95 25000
41 49 88 25000
41 50 99 25000
41 51 105 25000
42 43 92 25000
42 44 117 25000
42 45 83 25000
42 46 119 25000
42 47 86 25000
42 48 102 25000
42 49 119 25000
42 50 101 25000
42 51 92 25000
43 44 85 25000
43 45 96 25000
43 46 93 25000
43 47 102 25000
43 48 110 25000
43 49 104 25000
43 50 98 25000
43 51 100 25000
44 45 126 25000
44 46 110 25000
44 47 94 25000
44 48 116 25000
44 49 111 25000
44 50 107 25000
44 51 95 25000
45 46 106 25000
45 47 121 25000
45 48 112 25000
45 49 105 25000
45 50 107 25000
45 51 112 25000
46 47 102 25000
46 48 123 25000
46 49 80 25000
46 50 110 25000
46 51 85 25000
47 48 88 25000
47 49 95 25000
47 50 94 25000
47 51 90 25000
48 49 99 25000
48 50 94 25000
48 51 92 25000
49 50 93 25000
49 51 93 25000
50 51 91 25000
