0 1 127 25000
0 2 143 25000
0 3 132 25000
0 4 134 25000
0 5 116 25000
0 6 170 25000
0 7 135 25000
0 8 128 25000
0 9 155 25000
0 10 138 25000
0 11 146 25000
0 12 147 25000
0 13 74 25000
0 14 68 25000
0 15 70 25000
0 16 78 25000
0 17 85 25000
0 18 72 25000
0 19 76 25000
0 20 86 25000
0 21 91 25000
0 22 67 25000
0 23 90 25000
0 24 86 25000
0 25 102 25000
0 26 89 25000
0 27 83 25000
0 28 75 25000
0 29 90 25000
0 30 83 25000
0 31 96 25000
0 32 90 25000
0 33 92 25000
0 34 95 25000
0 35 94 25000
0 36 87 25000
0 37 83 25000
0 38 88 25000
0 39 85 25000
0 40 70 25000
0 41 91 25000
0 42 76 25000
0 43 70 25000
0 44 78 25000
0 45 92 25000
0 46 89 25000
0 47 96 25000
0 48 85 25000
0 49 71 25000
0 50 110 25000
0 51 83 25000
1 2 141 25000
1 3 136 25000
1 4 120 25000
1 5 129 25000
1 6 126 25000
1 7 135 25000
1 8 129 25000
1 9 127 25000
1 10 139 25000
1 11 154 25000
1 12 115 25000
1 13 82 25000
1 14 74 25000
1 15 84 25000
1 16 86 25000
1 17 81 25000
1 18 95 25000
1 19 89 25000
1 20 81 25000
1 21 80 25000
1 22 88 25000
1 23 84 25000
1 24 74 25000
1 25 86 25000
1 26 95 25000
1 27 90 25000
1 28 78 25000
1 29 94 25000
1 30 81 25000
1 31 87 25000
1 32 86 25000
1 33 79 25000
1 34 97 25000
1 35 77 25000
1 36 97 25000
1 37 97 25000
1 38 91 25000
1 39 84 25000
1 40 80 25000
1 41 88 25000
1 42 75 25000
1 43 85 25000
1 44 88 25000
1 45 68 25000
1 46 72 25000
1 47 89 25000
1 48 97 25000
1 49 102 25000
1 50 81 25000
1 51 72 25000
2 3 138 25000
2 4 114 25000
2 5 104 25000
2 6 107 25000
2 7 133 25000
2 8 129 25000
2 9 117 25000
2 10 146 25000
2 11 128 25000
2 12 130 25000
2 13 82 25000
2 14 71 25000
2 15 87 25000
2 16 88 25000
2 17 91 25000
2 18 82 25000
2 19 73 25000
2 20 91 25000
2 21 72 25000
2 22 81 25000
2 23 98 25000
2 24 74 25000
2 25 82 25000
2 26 71 25000
2 27 83 25000
2 28 78 25000
2 29 85 25000
2 30 75 25000
2 31 92 25000
2 32 79 25000
2 33 88 25000
2 34 79 25000
2 35 81 25000
2 36 90 25000
2 37 78 25000
2 38 81 25000
2 39 75 25000
2 40 74 25000
2 41 93 25000
2 42 84 25000
2 43 83 25000
2 44 93 25000
2 45 96 25000
2 46 73 25000
2 47 83 25000
2 48 88 25000
2 49 78 25000
2 50 93 25000
2 51 74 25000
3 4 135 25000
3 5 123 25000
3 6 144 25000
3 7 126 25000
3 8 167 25000
3 9 144 25000
3 10 146 25000
3 11 143 25000
3 12 131 25000
3 13 87 25000
3 14 79 25000
3 15 80 25000
3 16 83 25000
3 17 71 25000
3 18 89 25000
3 19 76 25000
3 20 86 25000
3 21 89 25000
3 22 79 25000
3 23 82 25000
3 24 67 25000
3 25 93 25000
3 26 76 25000
3 27 77 25000
3 28 67 25000
3 29 93 25000
3 30 81 25000
3 31 90 25000
3 32 84 25000
3 33 91 25000
3 34 82 25000
3 35 80 25000
3 36 82 25000
3 37 66 25000
3 38 79 25000
3 39 87 25000
3 40 85 25000
3 41 84 25000
3 42 86 25000
3 43 76 25000
3 44 79 25000
3 45 76 25000
3 46 76 25000
3 47 81 25000
3 48 84 25000
3 49 68 25000
3 50 69 25000
3 51 73 25000
4 5 147 25000
4 6 152 25000
4 7 129 25000
4 8 124 25000
4 9 147 25000
4 10 140 25000
4 11 127 25000
4 12 118 25000
4 13 85 25000
4 14 73 25000
4 15 86 25000
4 16 82 25000
4 17 92 25000
4 18 92 25000
4 19 68 25000
4 20 79 25000
4 21 69 25000
4 22 84 25000
4 23 78 25000
4 24 74 25000
4 25 84 25000
4 26 97 25000
4 27 66 25000
4 28 78 25000
4 29 73 25000
4 30 74 25000
4 31 88 25000
4 32 83 25000
4 33 67 25000
4 34 72 25000
4 35 82 25000
4 36 72 25000
4 37 73 25000
4 38 77 25000
4 39 86 25000
4 40 77 25000
4 41 91 25000
4 42 94 25000
4 43 68 25000
4 44 73 25000
4 45 79 25000
4 46 79 25000
4 47 82 25000
4 48 72 25000
4 49 71 25000
4 50 77 25000
4 51 78 25000
5 6 148 25000
5 7 137 25000
5 8 129 25000
5 9 147 25000
5 10 119 25000
5 11 144 25000
5 12 161 25000
5 13 69 25000
5 14 66 25000
5 15 60 25000
5 16 77 25000
5 17 101 25000
5 18 92 25000
5 19 74 25000
5 20 81 25000
5 21 65 25000
5 22 93 25000
5 23 83 25000
5 24 86 25000
5 25 86 25000
5 26 89 25000
5 27 79 25000
5 28 81 25000
5 29 65 25000
5 30 91 25000
5 31 75 25000
5 32 105 25000
5 33 93 25000
5 34 76 25000
5 35 69 25000
5 36 83 25000
5 37 76 25000
5 38 104 25000
5 39 84 25000
5 40 81 25000
5 41 80 25000
5 42 107 25000
5 43 79 25000
5 44 82 25000
5 45 74 25000
5 46 85 25000
5 47 91 25000
5 48 83 25000
5 49 66 25000
5 50 89 25000
5 51 77 25000
6 7 132 25000
6 8 121 25000
6 9 122 25000
6 10 118 25000
6 11 147 25000
6 12 132 25000
6 13 78 25000
6 14 79 25000
6 15 90 25000
6 16 85 25000
6 17 85 25000
6 18 85 25000
6 19 71 25000
6 20 81 25000
6 21 76 25000
6 22 85 25000
6 23 68 25000
6 24 81 25000
6 25 85 25000
6 26 79 25000
6 27 67 25000
6 28 74 25000
6 29 92 25000
6 30 87 25000
6 31 94 25000
6 32 90 25000
6 33 77 25000
6 34 70 25000
6 35 78 25000
6 36 89 25000
6 37 88 25000
6 38 103 25000
6 39 78 25000
6 40 76 25000
6 41 86 25000
6 42 77 25000
6 43 78 25000
6 44 85 25000
6 45 84 25000
6 46 77 25000
6 47 79 25000
6 48 79 25000
6 49 82 25000
6 50 84 25000
6 51 85 25000
7 8 134 25000
7 9 128 25000
7 10 139 25000
7 11 147 25000
7 12 152 25000
7 13 84 25000
7 14 85 25000
7 15 87 25000
7 16 84 25000
7 17 71 25000
7 18 75 25000
7 19 74 25000
7 20 74 25000
7 21 86 25000
7 22 83 25000
7 23 85 25000
7 24 97 25000
7 25 72 25000
7 26 79 25000
7 27 90 25000
7 28 70 25000
7 29 76 25000
7 30 78 25000
7 31 92 25000
7 32 78 25000
7 33 83 25000
7 34 103 25000
7 35 78 25000
7 36 85 25000
7 37 87 25000
7 38 91 25000
7 39 85 25000
7 40 94 25000
7 41 80 25000
7 42 70 25000
7 43 77 25000
7 44 93 25000
7 45 85 25000
7 46 73 25000
7 47 72 25000
7 48 70 25000
7 49 79 25000
7 50 103 25000
7 51 61 25000
8 9 131 25000
8 10 132 25000
8 11 140 25000
8 12 134 25000
8 13 81 25000
8 14 74 25000
8 15 76 25000
8 16 71 25000
8 17 70 25000
8 18 88 25000
8 19 73 25000
8 20 80 25000
8 21 89 25000
8 22 83 25000
8 23 94 25000
8 24 77 25000
8 25 97 25000
8 26 77 25000
8 27 92 25000
8 28 71 25000
8 29 77 25000
8 30 92 25000
8 31 91 25000
8 32 93 25000
8 33 98 25000
8 34 82 25000
8 35 105 25000
8 36 72 25000
8 37 95 25000
8 38 85 25000
8 39 83 25000
8 40 95 25000
8 41 75 25000
8 42 86 25000
8 43 63 25000
8 44 75 25000
8 45 85 25000
8 46 77 25000
8 47 67 25000
8 48 87 25000
8 49 104 25000
8 50 87 25000
8 51 75 25000
9 10 130 25000
9 11 131 25000
9 12 137 25000
9 13 83 25000
9 14 92 25000
9 15 75 25000
9 16 75 25000
9 17 72 25000
9 18 96 25000
9 19 73 25000
9 20 82 25000
9 21 78 25000
9 22 85 25000
9 23 83 25000
9 24 85 25000
9 25 88 25000
9 26 75 25000
9 27 77 25000
9 28 68 25000
9 29 82 25000
9 30 87 25000
9 31 78 25000
9 32 80 25000
9 33 95 25000
9 34 78 25000
9 35 95 25000
9 36 89 25000
9 37 103 25000
9 38 92 25000
9 39 77 25000
9 40 83 25000
9 41 71 25000
9 42 74 25000
9 43 76 25000
9 44 76 25000
9 45 73 25000
9 46 73 25000
9 47 66 25000
9 48 70 25000
9 49 71 25000
9 50 90 25000
9 51 75 25000
10 11 155 25000
10 12 136 25000
10 13 75 25000
10 14 84 25000
10 15 84 25000
10 16 91 25000
10 17 83 25000
10 18 84 25000
10 19 68 25000
10 20 84 25000
10 21 79 25000
10 22 93 25000
10 23 73 25000
10 24 77 25000
10 25 106 25000
10 26 84 25000
10 27 72 25000
10 28 69 25000
10 29 97 25000
10 30 87 25000
10 31 95 25000
10 32 94 25000
10 33 95 25000
10 34 75 25000
10 35 86 25000
10 36 85 25000
10 37 95 25000
10 38 74 25000
10 39 78 25000
10 40 88 25000
10 41 76 25000
10 42 97 25000
10 43 73 25000
10 44 74 25000
10 45 91 25000
10 46 83 25000
10 47 68 25000
10 48 66 25000
10 49 68 25000
10 50 78 25000
10 51 88 25000
11 12 157 25000
11 13 78 25000
11 14 75 25000
11 15 73 25000
11 16 95 25000
11 17 73 25000
11 18 103 25000
11 19 71 25000
11 20 89 25000
11 21 105 25000
11 22 88 25000
11 23 97 25000
11 24 88 25000
11 25 97 25000
11 26 86 25000
11 27 76 25000
11 28 78 25000
11 29 103 25000
11 30 98 25000
11 31 89 25000
11 32 83 25000
11 33 86 25000
11 34 91 25000
11 35 72 25000
11 36 72 25000
11 37 92 25000
11 38 89 25000
11 39 73 25000
11 40 91 25000
11 41 81 25000
11 42 86 25000
11 43 74 25000
11 44 86 25000
11 45 88 25000
11 46 91 25000
11 47 98 25000
11 48 80 25000
11 49 78 25000
11 50 91 25000
11 51 85 25000
12 13 86 25000
12 14 76 25000
12 15 97 25000
12 16 71 25000
12 17 76 25000
12 18 89 25000
12 19 86 25000
12 20 79 25000
12 21 76 25000
12 22 92 25000
12 23 68 25000
12 24 87 25000
12 25 90 25000
12 26 80 25000
12 27 86 25000
12 28 85 25000
12 29 83 25000
12 30 104 25000
12 31 104 25000
12 32 76 25000
12 33 76 25000
12 34 90 25000
12 35 82 25000
12 36 78 25000
12 37 97 25000
12 38 83 25000
12 39 87 25000
12 40 76 25000
12 41 95 25000
12 42 76 25000
12 43 81 25000
12 44 90 25000
12 45 85 25000
12 46 63 25000
12 47 88 25000
12 48 93 25000
12 49 76 25000
12 50 80 25000
12 51 71 25000
13 14 120 25000
13 15 114 25000
13 16 137 25000
13 17 101 25000
13 18 134 25000
13 19 131 25000
13 20 149 25000
13 21 130 25000
13 22 122 25000
13 23 132 25000
13 24 153 25000
13 25 127 25000
13 26 78 25000
13 27 76 25000
13 28 72 25000
13 29 96 25000
13 30 74 25000
13 31 86 25000
13 32 77 25000
13 33 85 25000
13 34 77 25000
13 35 83 25000
13 36 83 25000
13 37 92 25000
13 38 60 25000
13 39 78 25000
13 40 89 25000
13 41 79 25000
13 42 72 25000
13 43 87 25000
13 44 87 25000
13 45 79 25000
13 46 91 25000
13 47 67 25000
13 48 79 25000
13 49 85 25000
13 50 84 25000
13 51 76 25000
14 15 148 25000
14 16 81 25000
14 17 126 25000
14 18 126 25000
14 19 105 25000
14 20 132 25000
14 21 106 25000
14 22 126 25000
14 23 132 25000
14 24 132 25000
14 25 141 25000
14 26 75 25000
14 27 67 25000
14 28 71 25000
14 29 85 25000
14 30 77 25000
14 31 70 25000
14 32 89 25000
14 33 86 25000
14 34 79 25000
14 35 69 25000
14 36 93 25000
14 37 85 25000
14 38 71 25000
14 39 76 25000
14 40 84 25000
14 41 82 25000
14 42 86 25000
14 43 77 25000
14 44 101 25000
14 45 81 25000
14 46 95 25000
14 47 94 25000
14 48 87 25000
14 49 84 25000
14 50 83 25000
14 51 76 25000
15 16 116 25000
15 17 123 25000
15 18 126 25000
15 19 128 25000
15 20 135 25000
15 21 127 25000
15 22 117 25000
15 23 129 25000
15 24 145 25000
15 25 129 25000
15 26 78 25000
15 27 77 25000
15 28 65 25000
15 29 70 25000
15 30 83 25000
15 31 73 25000
15 32 70 25000
15 33 67 25000
15 34 87 25000
15 35 84 25000
15 36 91 25000
15 37 84 25000
15 38 87 25000
15 39 88 25000
15 40 91 25000
15 41 81 25000
15 42 99 25000
15 43 79 25000
15 44 88 25000
15 45 76 25000
15 46 77 25000
15 47 100 25000
15 48 95 25000
15 49 84 25000
15 50 84 25000
15 51 86 25000
16 17 133 25000
16 18 124 25000
16 19 124 25000
16 20 124 25000
16 21 127 25000
16 22 129 25000
16 23 124 25000
16 24 115 25000
16 25 107 25000
16 26 80 25000
16 27 70 25000
16 28 72 25000
16 29 66 25000
16 30 75 25000
16 31 61 25000
16 32 74 25000
16 33 75 25000
16 34 71 25000
16 35 84 25000
16 36 82 25000
16 37 85 25000
16 38 72 25000
16 39 96 25000
16 40 99 25000
16 41 78 25000
16 42 75 25000
16 43 81 25000
16 44 76 25000
16 45 84 25000
16 46 73 25000
16 47 79 25000
16 48 77 25000
16 49 73 25000
16 50 82 25000
16 51 85 25000
17 18 130 25000
17 19 121 25000
17 20 126 25000
17 21 129 25000
17 22 128 25000
17 23 123 25000
17 24 139 25000
17 25 118 25000
17 26 72 25000
17 27 87 25000
17 28 79 25000
17 29 75 25000
17 30 68 25000
17 31 95 25000
17 32 73 25000
17 33 95 25000
17 34 84 25000
17 35 78 25000
17 36 86 25000
17 37 80 25000
17 38 79 25000
17 39 87 25000
17 40 90 25000
17 41 88 25000
17 42 98 25000
17 43 94 25000
17 44 91 25000
17 45 82 25000
17 46 91 25000
17 47 74 25000
17 48 73 25000
17 49 80 25000
17 50 88 25000
17 51 97 25000
18 19 136 25000
18 20 118 25000
18 21 137 25000
18 22 126 25000
18 23 136 25000
18 24 132 25000
18 25 151 25000
18 26 92 25000
18 27 81 25000
18 28 80 25000
18 29 82 25000
18 30 87 25000
18 31 67 25000
18 32 70 25000
18 33 78 25000
18 34 81 25000
18 35 96 25000
18 36 86 25000
18 37 91 25000
18 38 76 25000
18 39 89 25000
18 40 101 25000
18 41 76 25000
18 42 98 25000
18 43 71 25000
18 44 91 25000
18 45 84 25000
18 46 87 25000
18 47 81 25000
18 48 74 25000
18 49 83 25000
18 50 78 25000
18 51 105 25000
19 20 132 25000
19 21 110 25000
19 22 114 25000
19 23 125 25000
19 24 134 25000
19 25 122 25000
19 26 80 25000
19 27 68 25000
19 28 75 25000
19 29 64 25000
19 30 75 25000
19 31 80 25000
19 32 85 25000
19 33 77 25000
19 34 61 25000
19 35 78 25000
19 36 81 25000
19 37 80 25000
19 38 63 25000
19 39 105 25000
19 40 92 25000
19 41 87 25000
19 42 83 25000
19 43 70 25000
19 44 80 25000
19 45 80 25000
19 46 81 25000
19 47 88 25000
19 48 86 25000
19 49 69 25000
19 50 81 25000
19 51 78 25000
20 21 134 25000
20 22 123 25000
20 23 135 25000
20 24 130 25000
20 25 130 25000
20 26 77 25000
20 27 73 25000
20 28 88 25000
20 29 88 25000
20 30 78 25000
20 31 77 25000
20 32 88 25000
20 33 71 25000
20 34 106 25000
20 35 74 25000
20 36 73 25000
20 37 97 25000
20 38 77 25000
20 39 88 25000
20 40 85 25000
20 41 76 25000
20 42 87 25000
20 43 76 25000
20 44 97 25000
20 45 87 25000
20 46 84 25000
20 47 84 25000
20 48 74 25000
20 49 72 25000
20 50 88 25000
20 51 77 25000
21 22 127 25000
21 23 120 25000
21 24 133 25000
21 25 126 25000
21 26 79 25000
21 27 79 25000
21 28 77 25000
21 29 86 25000
21 30 76 25000
21 31 81 25000
21 32 81 25000
21 33 79 25000
21 34 74 25000
21 35 62 25000
21 36 77 25000
21 37 88 25000
21 38 74 25000
21 39 87 25000
21 40 99 25000
21 41 85 25000
21 42 86 25000
21 43 85 25000
21 44 101 25000
21 45 92 25000
21 46 85 25000
21 47 88 25000
21 48 81 25000
21 49 76 25000
21 50 115 25000
21 51 84 25000
22 23 144 25000
22 24 129 25000
22 25 123 25000
22 26 78 25000
22 27 79 25000
22 28 76 25000
22 29 82 25000
22 30 74 25000
22 31 86 25000
22 32 76 25000
22 33 67 25000
22 34 69 25000
22 35 76 25000
22 36 74 25000
22 37 75 25000
22 38 78 25000
22 39 83 25000
22 40 89 25000
22 41 63 25000
22 42 80 25000
22 43 81 25000
22 44 81 25000
22 45 73 25000
22 46 69 25000
22 47 72 25000
22 48 91 25000
22 49 80 25000
22 50 82 25000
22 51 84 25000
23 24 145 25000
23 25 129 25000
23 26 93 25000
23 27 78 25000
23 28 84 25000
23 29 70 25000
23 30 88 25000
23 31 68 25000
23 32 80 25000
23 33 97 25000
23 34 70 25000
23 35 96 25000
23 36 88 25000
23 37 73 25000
23 38 79 25000
23 39 88 25000
23 40 86 25000
23 41 93 25000
23 42 85 25000
23 43 87 25000
23 44 100 25000
23 45 100 25000
23 46 91 25000
23 47 89 25000
23 48 83 25000
23 49 80 25000
23 50 107 25000
23 51 75 25000
24 25 121 25000
24 26 78 25000
24 27 85 25000
24 28 84 25000
24 29 81 25000
24 30 76 25000
24 31 80 25000
24 32 82 25000
24 33 73 25000
24 34 101 25000
24 35 52 25000
24 36 96 25000
24 37 77 25000
24 38 86 25000
24 39 77 25000
24 40 76 25000
24 41 80 25000
24 42 98 25000
24 43 74 25000
24 44 90 25000
24 45 76 25000
24 46 82 25000
24 47 86 25000
24 48 79 25000
24 49 76 25000
24 50 79 25000
24 51 85 25000
25 26 70 25000
25 27 70 25000
25 28 75 25000
25 29 90 25000
25 30 81 25000
25 31 74 25000
25 32 81 25000
25 33 75 25000
25 34 83 25000
25 35 84 25000
25 36 83 25000
25 37 78 25000
25 38 80 25000
25 39 93 25000
25 40 89 25000
25 41 93 25000
25 42 77 25000
25 43 87 25000
25 44 95 25000
25 45 88 25000
25 46 97 25000
25 47 104 25000
25 48 93 25000
25 49 77 25000
25 50 84 25000
25 51 95 25000
26 27 137 25000
26 28 133 25000
26 29 135 25000
26 30 112 25000
26 31 113 25000
26 32 111 25000
26 33 123 25000
26 34 136 25000
26 35 99 25000
26 36 129 25000
26 37 114 25000
26 38 137 25000
26 39 86 25000
26 40 86 25000
26 41 77 25000
26 42 72 25000
26 43 83 25000
26 44 79 25000
26 45 85 25000
26 46 96 25000
26 47 79 25000
26 48 70 25000
26 49 69 25000
26 50 77 25000
26 51 78 25000
27 28 119 25000
27 29 128 25000
27 30 132 25000
27 31 119 25000
27 32 112 25000
27 33 133 25000
27 34 107 25000
27 35 131 25000
27 36 137 25000
27 37 122 25000
27 38 120 25000
27 39 78 25000
27 40 83 25000
27 41 55 25000
27 42 82 25000
27 43 75 25000
27 44 81 25000
27 45 91 25000
27 46 79 25000
27 47 73 25000
27 48 77 25000
27 49 59 25000
27 50 79 25000
27 51 66 25000
28 29 127 25000
28 30 132 25000
28 31 128 25000
28 32 110 25000
28 33 131 25000
28 34 132 25000
28 35 104 25000
28 36 122 25000
28 37 125 25000
28 38 138 25000
28 39 75 25000
28 40 77 25000
28 41 83 25000
28 42 80 25000
28 43 65 25000
28 44 83 25000
28 45 82 25000
28 46 76 25000
28 47 62 25000
28 48 69 25000
28 49 71 25000
28 50 71 25000
28 51 68 25000
29 30 132 25000
29 31 123 25000
29 32 123 25000
29 33 124 25000
29 34 120 25000
29 35 120 25000
29 36 142 25000
29 37 138 25000
29 38 136 25000
29 39 69 25000
29 40 96 25000
29 41 94 25000
29 42 74 25000
29 43 76 25000
29 44 81 25000
29 45 73 25000
29 46 90 25000
29 47 77 25000
29 48 91 25000
29 49 55 25000
29 50 80 25000
29 51 66 25000
30 31 141 25000
30 32 122 25000
30 33 142 25000
30 34 135 25000
30 35 112 25000
30 36 124 25000
30 37 108 25000
30 38 118 25000
30 39 78 25000
30 40 84 25000
30 41 88 25000
30 42 78 25000
30 43 72 25000
30 44 80 25000
30 45 81 25000
30 46 69 25000
30 47 86 25000
30 48 80 25000
30 49 71 25000
30 50 68 25000
30 51 90 25000
31 32 136 25000
31 33 114 25000
31 34 137 25000
31 35 130 25000
31 36 124 25000
31 37 107 25000
31 38 135 25000
31 39 56 25000
31 40 81 25000
31 41 94 25000
31 42 94 25000
31 43 67 25000
31 44 69 25000
31 45 66 25000
31 46 86 25000
31 47 79 25000
31 48 76 25000
31 49 92 25000
31 50 79 25000
31 51 68 25000
32 33 143 25000
32 34 118 25000
32 35 129 25000
32 36 138 25000
32 37 120 25000
32 38 103 25000
32 39 77 25000
32 40 80 25000
32 41 69 25000
32 42 69 25000
32 43 74 25000
32 44 73 25000
32 45 75 25000
32 46 87 25000
32 47 78 25000
32 48 75 25000
32 49 83 25000
32 50 93 25000
32 51 80 25000
33 34 129 25000
33 35 120 25000
33 36 142 25000
33 37 120 25000
33 38 126 25000
33 39 87 25000
33 40 82 25000
33 41 75 25000
33 42 92 25000
33 43 66 25000
33 44 89 25000
33 45 81 25000
33 46 80 25000
33 47 82 25000
33 48 86 25000
33 49 90 25000
33 50 81 25000
33 51 72 25000
34 35 147 25000
34 36 128 25000
34 37 132 25000
34 38 119 25000
34 39 81 25000
34 40 75 25000
34 41 69 25000
34 42 72 25000
34 43 92 25000
34 44 83 25000
34 45 92 25000
34 46 85 25000
34 47 87 25000
34 48 62 25000
34 49 76 25000
34 50 76 25000
34 51 85 25000
35 36 119 25000
35 37 119 25000
35 38 122 25000
35 39 79 25000
35 40 91 25000
35 41 54 25000
35 42 92 25000
35 43 74 25000
35 44 78 25000
35 45 69 25000
35 46 83 25000
35 47 66 25000
35 48 67 25000
35 49 88 25000
35 50 71 25000
35 51 84 25000
36 37 119 25000
36 38 132 25000
36 39 91 25000
36 40 76 25000
36 41 82 25000
36 42 86 25000
36 43 82 25000
36 44 94 25000
36 45 87 25000
36 46 79 25000
36 47 88 25000
36 48 81 25000
36 49 81 25000
36 50 73 25000
36 51 80 25000
37 38 150 25000
37 39 86 25000
37 40 77 25000
37 41 84 25000
37 42 91 25000
37 43 79 25000
37 44 87 25000
37 45 103 25000
37 46 70 25000
37 47 70 25000
37 48 87 25000
37 49 77 25000
37 50 86 25000
37 51 67 25000
38 39 76 25000
38 40 78 25000
38 41 64 25000
38 42 81 25000
38 43 87 25000
38 44 88 25000
38 45 85 25000
38 46 54 25000
38 47 72 25000
38 48 73 25000
38 49 79 25000
38 50 87 25000
38 51 80 25000
39 40 127 25000
39 41 122 25000
39 42 130 25000
39 43 132 25000
39 44 117 25000
39 45 122 25000
39 46 121 25000
39 47 109 25000
39 48 126 25000
39 49 122 25000
39 50 147 25000
39 51 120 25000
40 41 150 25000
40 42 143 25000
40 43 114 25000
40 44 138 25000
40 45 141 25000
40 46 117 25000
40 47 124 25000
40 48 122 25000
40 49 152 25000
40 50 141 25000
40 51 129 25000
41 42 126 25000
41 43 148 25000
41 44 115 25000
41 45 121 25000
41 46 148 25000
41 47 115 25000
41 48 133 25000
41 49 135 25000
41 50 113 25000
41 51 129 25000
42 43 143 25000
42 44 154 25000
42 45 108 25000
42 46 132 25000
42 47 134 25000
42 48 121 25000
42 49 129 25000
42 50 117 25000
42 51 115 25000
43 44 138 25000
43 45 136 25000
43 46 131 25000
43 47 144 25000
43 48 136 25000
43 49 131 25000
43 50 135 25000
43 51 132 25000
44 45 140 25000
44 46 120 25000
44 47 117 25000
44 48 131 25000
44 49 116 25000
44 50 134 25000
44 51 133 25000
45 46 138 25000
45 47 144 25000
45 48 145 25000
45 49 145 25000
45 50 136 25000
45 51 140 25000
46 47 122 25000
46 48 118 25000
46 49 97 25000
46 50 128 25000
46 51 100 25000
47 48 136 25000
47 49 154 25000
47 50 117 25000
47 51 112 25000
48 49 121 25000
48 50 117 25000
48 51 132 25000
49 50 135 25000
49 51 126 25000
50 51 137 25000
