0 1 98 25000
0 2 98 25000
0 3 95 25000
0 4 105 25000
0 5 92 25000
0 6 102 25000
0 7 103 25000
0 8 89 25000
0 9 90 25000
0 10 102 25000
0 11 95 25000
0 12 122 25000
0 13 84 25000
0 14 81 25000
0 15 86 25000
0 16 84 25000
0 17 89 25000
0 18 76 25000
0 19 91 25000
0 20 84 25000
0 21 71 25000
0 22 94 25000
0 23 65 25000
0 24 76 25000
0 25 89 25000
0 26 95 25000
0 27 94 25000
0 28 96 25000
0 29 79 25000
0 30 95 25000
0 31 78 25000
0 32 73 25000
0 33 82 25000
0 34 79 25000
0 35 91 25000
0 36 88 25000
0 37 80 25000
0 38 90 25000
0 39 92 25000
0 40 89 25000
0 41 108 25000
0 42 89 25000
0 43 89 25000
0 44 85 25000
0 45 77 25000
0 46 86 25000
0 47 82 25000
0 48 72 25000
0 49 81 25000
0 50 80 25000
0 51 72 25000
1 2 94 25000
1 3 95 25000
1 4 100 25000
1 5 117 25000
1 6 99 25000
1 7 107 25000
1 8 112 25000
1 9 100 25000
1 10 85 25000
1 11 93 25000
1 12 135 25000
1 13 72 25000
1 14 98 25000
1 15 85 25000
1 16 89 25000
1 17 82 25000
1 18 85 25000
1 19 88 25000
1 20 88 25000
1 21 84 25000
1 22 89 25000
1 23 83 25000
1 24 83 25000
1 25 98 25000
1 26 76 25000
1 27 78 25000
1 28 93 25000
1 29 71 25000
1 30 86 25000
1 31 87 25000
1 32 88 25000
1 33 106 25000
1 34 75 25000
1 35 82 25000
1 36 80 25000
1 37 92 25000
1 38 93 25000
1 39 80 25000
1 40 83 25000
1 41 77 25000
1 42 85 25000
1 43 90 25000
1 44 81 25000
1 45 77 25000
1 46 84 25000
1 47 100 25000
1 48 83 25000
1 49 71 25000
1 50 80 25000
1 51 84 25000
2 3 95 25000
2 4 103 25000
2 5 108 25000
2 6 94 25000
2 7 91 25000
2 8 98 25000
2 9 82 25000
2 10 107 25000
2 11 94 25000
2 12 105 25000
2 13 76 25000
2 14 79 25000
2 15 81 25000
2 16 91 25000
2 17 73 25000
2 18 87 25000
2 19 84 25000
2 20 97 25000
2 21 87 25000
2 22 104 25000
2 23 80 25000
2 24 91 25000
2 25 84 25000
2 26 77 25000
2 27 74 25000
2 28 121 25000
2 29 92 25000
2 30 79 25000
2 31 70 25000
2 32 78 25000
2 33 101 25000
2 34 77 25000
2 35 83 25000
2 36 85 25000
2 37 78 25000
2 38 77 25000
2 39 87 25000
2 40 94 25000
2 41 94 25000
2 42 86 25000
2 43 72 25000
2 44 85 25000
2 45 72 25000
2 46 67 25000
2 47 83 25000
2 48 87 25000
2 49 90 25000
2 50 89 25000
2 51 90 25000
3 4 110 25000
3 5 108 25000
3 6 94 25000
3 7 113 25000
3 8 115 25000
3 9 112 25000
3 10 91 25000
3 11 103 25000
3 12 115 25000
3 13 89 25000
3 14 72 25000
3 15 82 25000
3 16 81 25000
3 17 79 25000
3 18 91 25000
3 19 98 25000
3 20 90 25000
3 21 98 25000
3 22 82 25000
3 23 98 25000
3 24 82 25000
3 25 87 25000
3 26 72 25000
3 27 82 25000
3 28 76 25000
3 29 83 25000
3 30 90 25000
3 31 96 25000
3 32 77 25000
3 33 89 25000
3 34 88 25000
3 35 74 25000
3 36 87 25000
3 37 89 25000
3 38 85 25000
3 39 82 25000
3 40 87 25000
3 41 93 25000
3 42 75 25000
3 43 84 25000
3 44 102 25000
3 45 93 25000
3 46 91 25000
3 47 92 25000
3 48 84 25000
3 49 108 25000
3 50 81 25000
3 51 86 25000
4 5 105 25000
4 6 91 25000
4 7 105 25000
4 8 88 25000
4 9 92 25000
4 10 79 25000
4 11 101 25000
4 12 122 25000
4 13 89 25000
4 14 68 25000
4 15 90 25000
4 16 98 25000
4 17 86 25000
4 18 86 25000
4 19 77 25000
4 20 93 25000
4 21 99 25000
4 22 100 25000
4 23 96 25000
4 24 76 25000
4 25 79 25000
4 26 92 25000
4 27 84 25000
4 28 80 25000
4 29 84 25000
4 30 77 25000
4 31 80 25000
4 32 80 25000
4 33 95 25000
4 34 69 25000
4 35 86 25000
4 36 93 25000
4 37 82 25000
4 38 75 25000
4 39 92 25000
4 40 92 25000
4 41 78 25000
4 42 85 25000
4 43 102 25000
4 44 81 25000
4 45 87 25000
4 46 92 25000
4 47 94 25000
4 48 89 25000
4 49 76 25000
4 50 85 25000
4 51 78 25000
5 6 104 25000
5 7 95 25000
5 8 93 25000
5 9 105 25000
5 10 106 25000
5 11 96 25000
5 12 126 25000
5 13 93 25000
5 14 91 25000
5 15 86 25000
5 16 99 25000
5 17 79 25000
5 18 86 25000
5 19 110 25000
5 20 90 25000
5 21 89 25000
5 22 88 25000
5 23 92 25000
5 24 81 25000
5 25 82 25000
5 26 102 25000
5 27 100 25000
5 28 92 25000
5 29 77 25000
5 30 68 25000
5 31 99 25000
5 32 76 25000
5 33 88 25000
5 34 86 25000
5 35 78 25000
5 36 85 25000
5 37 108 25000
5 38 77 25000
5 39 101 25000
5 40 90 25000
5 41 75 25000
5 42 99 25000
5 43 93 25000
5 44 68 25000
5 45 91 25000
5 46 77 25000
5 47 80 25000
5 48 76 25000
5 49 81 25000
5 50 91 25000
5 51 97 25000
6 7 104 25000
6 8 105 25000
6 9 93 25000
6 10 104 25000
6 11 94 25000
6 12 142 25000
6 13 70 25000
6 14 115 25000
6 15 94 25000
6 16 92 25000
6 17 94 25000
6 18 91 25000
6 19 76 25000
6 20 103 25000
6 21 83 25000
6 22 84 25000
6 23 79 25000
6 24 96 25000
6 25 78 25000
6 26 96 25000
6 27 97 25000
6 28 90 25000
6 29 73 25000
6 30 86 25000
6 31 80 25000
6 32 89 25000
6 33 112 25000
6 34 90 25000
6 35 68 25000
6 36 89 25000
6 37 79 25000
6 38 92 25000
6 39 84 25000
6 40 100 25000
6 41 87 25000
6 42 82 25000
6 43 70 25000
6 44 90 25000
6 45 67 25000
6 46 99 25000
6 47 103 25000
6 48 94 25000
6 49 83 25000
6 50 92 25000
6 51 88 25000
7 8 109 25000
7 9 100 25000
7 10 101 25000
7 11 98 25000
7 12 114 25000
7 13 79 25000
7 14 103 25000
7 15 88 25000
7 16 91 25000
7 17 86 25000
7 18 72 25000
7 19 88 25000
7 20 84 25000
7 21 98 25000
7 22 94 25000
7 23 86 25000
7 24 68 25000
7 25 87 25000
7 26 83 25000
7 27 81 25000
7 28 93 25000
7 29 84 25000
7 30 81 25000
7 31 88 25000
7 32 83 25000
7 33 95 25000
7 34 69 25000
7 35 85 25000
7 36 90 25000
7 37 75 25000
7 38 101 25000
7 39 93 25000
7 40 74 25000
7 41 76 25000
7 42 72 25000
7 43 84 25000
7 44 79 25000
7 45 85 25000
7 46 77 25000
7 47 68 25000
7 48 81 25000
7 49 74 25000
7 50 81 25000
7 51 85 25000
8 9 106 25000
8 10 84 25000
8 11 87 25000
8 12 134 25000
8 13 79 25000
8 14 91 25000
8 15 90 25000
8 16 70 25000
8 17 82 25000
8 18 84 25000
8 19 77 25000
8 20 92 25000
8 21 91 25000
8 22 78 25000
8 23 86 25000
8 24 80 25000
8 25 82 25000
8 26 95 25000
8 27 78 25000
8 28 104 25000
8 29 69 25000
8 30 68 25000
8 31 88 25000
8 32 90 25000
8 33 81 25000
8 34 76 25000
8 35 88 25000
8 36 91 25000
8 37 77 25000
8 38 84 25000
8 39 101 25000
8 40 96 25000
8 41 89 25000
8 42 102 25000
8 43 74 25000
8 44 91 25000
8 45 75 25000
8 46 87 25000
8 47 90 25000
8 48 88 25000
8 49 86 25000
8 50 79 25000
8 51 81 25000
9 10 104 25000
9 11 100 25000
9 12 114 25000
9 13 82 25000
9 14 90 25000
9 15 86 25000
9 16 99 25000
9 17 96 25000
9 18 71 25000
9 19 86 25000
9 20 83 25000
9 21 63 25000
9 22 83 25000
9 23 70 25000
9 24 75 25000
9 25 87 25000
9 26 89 25000
9 27 79 25000
9 28 93 25000
9 29 79 25000
9 30 79 25000
9 31 73 25000
9 32 101 25000
9 33 106 25000
9 34 73 25000
9 35 69 25000
9 36 76 25000
9 37 82 25000
9 38 86 25000
9 39 92 25000
9 40 96 25000
9 41 72 25000
9 42 76 25000
9 43 89 25000
9 44 84 25000
9 45 96 25000
9 46 85 25000
9 47 83 25000
9 48 85 25000
9 49 78 25000
9 50 76 25000
9 51 87 25000
10 11 88 25000
10 12 106 25000
10 13 75 25000
10 14 82 25000
10 15 83 25000
10 16 84 25000
10 17 103 25000
10 18 67 25000
10 19 95 25000
10 20 90 25000
10 21 84 25000
10 22 84 25000
10 23 79 25000
10 24 71 25000
10 25 70 25000
10 26 76 25000
10 27 104 25000
10 28 83 25000
10 29 68 25000
10 30 84 25000
10 31 69 25000
10 32 70 25000
10 33 91 25000
10 34 70 25000
10 35 87 25000
10 36 68 25000
10 37 78 25000
10 38 93 25000
10 39 84 25000
10 40 102 25000
10 41 84 25000
10 42 73 25000
10 43 88 25000
10 44 78 25000
10 45 88 25000
10 46 93 25000
10 47 93 25000
10 48 89 25000
10 49 85 25000
10 50 84 25000
10 51 91 25000
11 12 92 25000
11 13 93 25000
11 14 86 25000
11 15 68 25000
11 16 84 25000
11 17 91 25000
11 18 80 25000
11 19 82 25000
11 20 86 25000
11 21 88 25000
11 22 73 25000
11 23 84 25000
11 24 75 25000
11 25 93 25000
11 26 82 25000
11 27 81 25000
11 28 91 25000
11 29 88 25000
11 30 92 25000
11 31 82 25000
11 32 90 25000
11 33 89 25000
11 34 95 25000
11 35 76 25000
11 36 85 25000
11 37 85 25000
11 38 81 25000
11 39 83 25000
11 40 100 25000
11 41 86 25000
11 42 85 25000
11 43 85 25000
11 44 83 25000
11 45 83 25000
11 46 95 25000
11 47 82 25000
11 48 87 25000
11 49 89 25000
11 50 81 25000
11 51 83 25000
12 13 86 25000
12 14 85 25000
12 15 80 25000
12 16 81 25000
12 17 78 25000
12 18 63 25000
12 19 66 25000
12 20 91 25000
12 21 77 25000
12 22 85 25000
12 23 87 25000
12 24 83 25000
12 25 97 25000
12 26 81 25000
12 27 77 25000
12 28 89 25000
12 29 99 25000
12 30 72 25000
12 31 83 25000
12 32 91 25000
12 33 90 25000
12 34 66 25000
12 35 91 25000
12 36 79 25000
12 37 93 25000
12 38 91 25000
12 39 87 25000
12 40 79 25000
12 41 82 25000
12 42 97 25000
12 43 76 25000
12 44 105 25000
12 45 76 25000
12 46 78 25000
12 47 77 25000
12 48 83 25000
12 49 87 25000
12 50 86 25000
12 51 91 25000
13 14 113 25000
13 15 92 25000
13 16 96 25000
13 17 105 25000
13 18 94 25000
13 19 112 25000
13 20 92 25000
13 21 125 25000
13 22 111 25000
13 23 97 25000
13 24 121 25000
13 25 86 25000
13 26 86 25000
13 27 91 25000
13 28 86 25000
13 29 106 25000
13 30 100 25000
13 31 83 25000
13 32 81 25000
13 33 91 25000
13 34 75 25000
13 35 75 25000
13 36 86 25000
13 37 82 25000
13 38 75 25000
13 39 79 25000
13 40 97 25000
13 41 87 25000
13 42 74 25000
13 43 86 25000
13 44 86 25000
13 45 90 25000
13 46 90 25000
13 47 86 25000
13 48 85 25000
13 49 79 25000
13 50 92 25000
13 51 98 25000
14 15 77 25000
14 16 104 25000
14 17 86 25000
14 18 97 25000
14 19 90 25000
14 20 84 25000
14 21 102 25000
14 22 109 25000
14 23 107 25000
14 24 82 25000
14 25 121 25000
14 26 96 25000
14 27 77 25000
14 28 93 25000
14 29 98 25000
14 30 91 25000
14 31 81 25000
14 32 77 25000
14 33 95 25000
14 34 73 25000
14 35 79 25000
14 36 85 25000
14 37 80 25000
14 38 77 25000
14 39 93 25000
14 40 78 25000
14 41 91 25000
14 42 88 25000
14 43 98 25000
14 44 88 25000
14 45 90 25000
14 46 76 25000
14 47 85 25000
14 48 88 25000
14 49 86 25000
14 50 79 25000
14 51 86 25000
15 16 116 25000
15 17 100 25000
15 18 96 25000
15 19 112 25000
15 20 101 25000
15 21 102 25000
15 22 95 25000
15 23 85 25000
15 24 99 25000
15 25 97 25000
15 26 81 25000
15 27 98 25000
15 28 85 25000
15 29 107 25000
15 30 79 25000
15 31 77 25000
15 32 71 25000
15 33 73 25000
15 34 94 25000
15 35 72 25000
15 36 74 25000
15 37 69 25000
15 38 91 25000
15 39 86 25000
15 40 105 25000
15 41 69 25000
15 42 85 25000
15 43 75 25000
15 44 74 25000
15 45 104 25000
15 46 85 25000
15 47 63 25000
15 48 74 25000
15 49 88 25000
15 50 89 25000
15 51 69 25000
16 17 81 25000
16 18 88 25000
16 19 105 25000
16 20 95 25000
16 21 92 25000
16 22 107 25000
16 23 82 25000
16 24 89 25000
16 25 111 25000
16 26 95 25000
16 27 100 25000
16 28 84 25000
16 29 58 25000
16 30 87 25000
16 31 88 25000
16 32 86 25000
16 33 71 25000
16 34 67 25000
16 35 82 25000
16 36 83 25000
16 37 82 25000
16 38 77 25000
16 39 83 25000
16 40 97 25000
16 41 85 25000
16 42 94 25000
16 43 88 25000
16 44 95 25000
16 45 74 25000
16 46 91 25000
16 47 81 25000
16 48 100 25000
16 49 89 25000
16 50 94 25000
16 51 85 25000
17 18 101 25000
17 19 86 25000
17 20 90 25000
17 21 100 25000
17 22 99 25000
17 23 102 25000
17 24 99 25000
17 25 107 25000
17 26 82 25000
17 27 79 25000
17 28 93 25000
17 29 92 25000
17 30 84 25000
17 31 95 25000
17 32 90 25000
17 33 94 25000
17 34 90 25000
17 35 95 25000
17 36 93 25000
17 37 86 25000
17 38 105 25000
17 39 80 25000
17 40 92 25000
17 41 81 25000
17 42 93 25000
17 43 91 25000
17 44 87 25000
17 45 79 25000
17 46 75 25000
17 47 81 25000
17 48 85 25000
17 49 89 25000
17 50 92 25000
17 51 85 25000
18 19 86 25000
18 20 106 25000
18 21 102 25000
18 22 92 25000
18 23 82 25000
18 24 124 25000
18 25 81 25000
18 26 81 25000
18 27 89 25000
18 28 89 25000
18 29 79 25000
18 30 80 25000
18 31 80 25000
18 32 84 25000
18 33 98 25000
18 34 83 25000
18 35 92 25000
18 36 100 25000
18 37 75 25000
18 38 97 25000
18 39 80 25000
18 40 80 25000
18 41 70 25000
18 42 82 25000
18 43 63 25000
18 44 78 25000
18 45 83 25000
18 46 82 25000
18 47 77 25000
18 48 86 25000
18 49 75 25000
18 50 89 25000
18 51 83 25000
19 20 95 25000
19 21 98 25000
19 22 99 25000
19 23 98 25000
19 24 96 25000
19 25 100 25000
19 26 80 25000
19 27 95 25000
19 28 89 25000
19 29 80 25000
19 30 94 25000
19 31 76 25000
19 32 90 25000
19 33 87 25000
19 34 74 25000
19 35 80 25000
19 36 75 25000
19 37 100 25000
19 38 94 25000
19 39 71 25000
19 40 86 25000
19 41 86 25000
19 42 80 25000
19 43 90 25000
19 44 77 25000
19 45 93 25000
19 46 80 25000
19 47 76 25000
19 48 81 25000
19 49 98 25000
19 50 99 25000
19 51 80 25000
20 21 116 25000
20 22 118 25000
20 23 95 25000
20 24 100 25000
20 25 92 25000
20 26 75 25000
20 27 93 25000
20 28 80 25000
20 29 95 25000
20 30 88 25000
20 31 107 25000
20 32 94 25000
20 33 84 25000
20 34 67 25000
20 35 68 25000
20 36 64 25000
20 37 90 25000
20 38 96 25000
20 39 82 25000
20 40 71 25000
20 41 96 25000
20 42 102 25000
20 43 102 25000
20 44 97 25000
20 45 81 25000
20 46 86 25000
20 47 84 25000
20 48 86 25000
20 49 92 25000
20 50 70 25000
20 51 88 25000
21 22 87 25000
21 23 93 25000
21 24 104 25000
21 25 113 25000
21 26 85 25000
21 27 103 25000
21 28 80 25000
21 29 74 25000
21 30 78 25000
21 31 96 25000
21 32 84 25000
21 33 74 25000
21 34 78 25000
21 35 84 25000
21 36 76 25000
21 37 95 25000
21 38 99 25000
21 39 92 25000
21 40 84 25000
21 41 85 25000
21 42 88 25000
21 43 73 25000
21 44 105 25000
21 45 90 25000
21 46 91 25000
21 47 73 25000
21 48 78 25000
21 49 73 25000
21 50 78 25000
21 51 104 25000
22 23 116 25000
22 24 95 25000
22 25 91 25000
22 26 88 25000
22 27 86 25000
22 28 87 25000
22 29 97 25000
22 30 96 25000
22 31 86 25000
22 32 104 25000
22 33 102 25000
22 34 83 25000
22 35 78 25000
22 36 87 25000
22 37 86 25000
22 38 87 25000
22 39 81 25000
22 40 89 25000
22 41 71 25000
22 42 97 25000
22 43 87 25000
22 44 88 25000
22 45 89 25000
22 46 70 25000
22 47 88 25000
22 48 79 25000
22 49 73 25000
22 50 82 25000
22 51 89 25000
23 24 93 25000
23 25 94 25000
23 26 73 25000
23 27 94 25000
23 28 89 25000
23 29 88 25000
23 30 92 25000
23 31 90 25000
23 32 86 25000
23 33 88 25000
23 34 82 25000
23 35 81 25000
23 36 63 25000
23 37 62 25000
23 38 61 25000
23 39 66 25000
23 40 73 25000
23 41 67 25000
23 42 82 25000
23 43 79 25000
23 44 84 25000
23 45 90 25000
23 46 65 25000
23 47 81 25000
23 48 89 25000
23 49 89 25000
23 50 87 25000
23 51 98 25000
24 25 104 25000
24 26 88 25000
24 27 103 25000
24 28 76 25000
24 29 80 25000
24 30 72 25000
24 31 82 25000
24 32 83 25000
24 33 81 25000
24 34 92 25000
24 35 85 25000
24 36 72 25000
24 37 82 25000
24 38 76 25000
24 39 87 25000
24 40 82 25000
24 41 85 25000
24 42 89 25000
24 43 93 25000
24 44 83 25000
24 45 86 25000
24 46 79 25000
24 47 67 25000
24 48 76 25000
24 49 94 25000
24 50 76 25000
24 51 100 25000
25 26 85 25000
25 27 85 25000
25 28 91 25000
25 29 81 25000
25 30 82 25000
25 31 98 25000
25 32 85 25000
25 33 93 25000
25 34 82 25000
25 35 69 25000
25 36 96 25000
25 37 77 25000
25 38 88 25000
25 39 83 25000
25 40 91 25000
25 41 78 25000
25 42 81 25000
25 43 87 25000
25 44 79 25000
25 45 87 25000
25 46 85 25000
25 47 93 25000
25 48 73 25000
25 49 85 25000
25 50 89 25000
25 51 86 25000
26 27 107 25000
26 28 93 25000
26 29 90 25000
26 30 89 25000
26 31 101 25000
26 32 106 25000
26 33 117 25000
26 34 85 25000
26 35 100 25000
26 36 88 25000
26 37 122 25000
26 38 113 25000
26 39 81 25000
26 40 73 25000
26 41 75 25000
26 42 95 25000
26 43 90 25000
26 44 80 25000
26 45 89 25000
26 46 77 25000
26 47 104 25000
26 48 76 25000
26 49 73 25000
26 50 73 25000
26 51 74 25000
27 28 117 25000
27 29 107 25000
27 30 98 25000
27 31 113 25000
27 32 110 25000
27 33 96 25000
27 34 92 25000
27 35 91 25000
27 36 109 25000
27 37 111 25000
27 38 99 25000
27 39 84 25000
27 40 92 25000
27 41 78 25000
27 42 85 25000
27 43 97 25000
27 44 82 25000
27 45 107 25000
27 46 90 25000
27 47 79 25000
27 48 82 25000
27 49 88 25000
27 50 72 25000
27 51 83 25000
28 29 108 25000
28 30 96 25000
28 31 107 25000
28 32 101 25000
28 33 121 25000
28 34 90 25000
28 35 93 25000
28 36 67 25000
28 37 103 25000
28 38 105 25000
28 39 81 25000
28 40 91 25000
28 41 75 25000
28 42 86 25000
28 43 79 25000
28 44 105 25000
28 45 88 25000
28 46 85 25000
28 47 81 25000
28 48 93 25000
28 49 98 25000
28 50 83 25000
28 51 97 25000
29 30 119 25000
29 31 113 25000
29 32 114 25000
29 33 99 25000
29 34 93 25000
29 35 87 25000
29 36 93 25000
29 37 97 25000
29 38 114 25000
29 39 94 25000
29 40 103 25000
29 41 69 25000
29 42 96 25000
29 43 83 25000
29 44 86 25000
29 45 99 25000
29 46 92 25000
29 47 92 25000
29 48 92 25000
29 49 92 25000
29 50 67 25000
29 51 78 25000
30 31 104 25000
30 32 96 25000
30 33 122 25000
30 34 101 25000
30 35 79 25000
30 36 96 25000
30 37 90 25000
30 38 108 25000
30 39 86 25000
30 40 79 25000
30 41 89 25000
30 42 83 25000
30 43 101 25000
30 44 91 25000
30 45 96 25000
30 46 90 25000
30 47 82 25000
30 48 82 25000
30 49 85 25000
30 50 70 25000
30 51 80 25000
31 32 120 25000
31 33 103 25000
31 34 96 25000
31 35 106 25000
31 36 84 25000
31 37 92 25000
31 38 105 25000
31 39 88 25000
31 40 83 25000
31 41 87 25000
31 42 97 25000
31 43 98 25000
31 44 71 25000
31 45 87 25000
31 46 80 25000
31 47 84 25000
31 48 86 25000
31 49 86 25000
31 50 79 25000
31 51 83 25000
32 33 93 25000
32 34 101 25000
32 35 104 25000
32 36 102 25000
32 37 99 25000
32 38 103 25000
32 39 97 25000
32 40 87 25000
32 41 84 25000
32 42 93 25000
32 43 89 25000
32 44 85 25000
32 45 75 25000
32 46 82 25000
32 47 86 25000
32 48 79 25000
32 49 88 25000
32 50 81 25000
32 51 87 25000
33 34 109 25000
33 35 125 25000
33 36 86 25000
33 37 104 25000
33 38 95 25000
33 39 80 25000
33 40 72 25000
33 41 92 25000
33 42 93 25000
33 43 93 25000
33 44 94 25000
33 45 94 25000
33 46 90 25000
33 47 96 25000
33 48 75 25000
33 49 96 25000
33 50 88 25000
33 51 84 25000
34 35 85 25000
34 36 88 25000
34 37 97 25000
34 38 99 25000
34 39 110 25000
34 40 83 25000
34 41 85 25000
34 42 85 25000
34 43 70 25000
34 44 67 25000
34 45 88 25000
34 46 78 25000
34 47 91 25000
34 48 81 25000
34 49 82 25000
34 50 94 25000
34 51 68 25000
35 36 96 25000
35 37 97 25000
35 38 104 25000
35 39 69 25000
35 40 88 25000
35 41 84 25000
35 42 88 25000
35 43 84 25000
35 44 79 25000
35 45 89 25000
35 46 86 25000
35 47 90 25000
35 48 76 25000
35 49 97 25000
35 50 77 25000
35 51 86 25000
36 37 102 25000
36 38 98 25000
36 39 83 25000
36 40 88 25000
36 41 92 25000
36 42 84 25000
36 43 96 25000
36 44 96 25000
36 45 88 25000
36 46 76 25000
36 47 82 25000
36 48 79 25000
36 49 87 25000
36 50 84 25000
36 51 78 25000
37 38 93 25000
37 39 71 25000
37 40 103 25000
37 41 75 25000
37 42 77 25000
37 43 85 25000
37 44 84 25000
37 45 84 25000
37 46 80 25000
37 47 84 25000
37 48 80 25000
37 49 79 25000
37 50 79 25000
37 51 80 25000
38 39 101 25000
38 40 89 25000
38 41 76 25000
38 42 84 25000
38 43 82 25000
38 44 79 25000
38 45 93 25000
38 46 92 25000
38 47 95 25000
38 48 84 25000
38 49 91 25000
38 50 95 25000
38 51 93 25000
39 40 119 25000
39 41 85 25000
39 42 95 25000
39 43 98 25000
39 44 86 25000
39 45 103 25000
39 46 122 25000
39 47 95 25000
39 48 104 25000
39 49 97 25000
39 50 103 25000
39 51 132 25000
40 41 101 25000
40 42 122 25000
40 43 104 25000
40 44 82 25000
40 45 81 25000
40 46 111 25000
40 47 87 25000
40 48 109 25000
40 49 107 25000
40 50 96 25000
40 51 97 25000
41 42 110 25000
41 43 95 25000
41 44 88 25000
41 45 93 25000
41 46 87 25000
41 47 97 25000
41 48 95 25000
41 49 102 25000
41 50 82 25000
41 51 105 25000
42 43 123 25000
42 44 113 25000
42 45 114 25000
42 46 100 25000
42 47 111 25000
42 48 97 25000
42 49 103 25000
42 50 97 25000
42 51 127 25000
43 44 79 25000
43 45 89 25000
43 46 80 25000
43 47 99 25000
43 48 113 25000
43 49 107 25000
43 50 95 25000
43 51 94 25000
44 45 83 25000
44 46 100 25000
44 47 93 25000
44 48 100 25000
44 49 88 25000
44 50 97 25000
44 51 77 25000
45 46 104 25000
45 47 112 25000
45 48 87 25000
45 49 89 25000
45 50 89 25000
45 51 111 25000
46 47 100 25000
46 48 102 25000
46 49 108 25000
46 50 97 25000
46 51 86 25000
47 48 88 25000
47 49 91 25000
47 50 103 25000
47 51 119 25000
48 49 94 25000
48 50 96 25000
48 51 88 25000
49 50 90 25000
49 51 84 25000
50 51 114 25000
