0 1 906 16 200000
0 2 910 14 200000
0 3 905 7 200000
0 4 900 9 200000
0 5 891 8 200000
0 6 907 13 200000
0 7 913 14 200000
0 8 907 10 200000
0 9 909 10 200000
0 10 903 6 200000
0 11 925 14 200000
0 12 980 12 200000
1 2 881 9 200000
1 3 896 21 200000
1 4 893 12 200000
1 5 894 9 200000
1 6 911 14 200000
1 7 910 17 200000
1 8 909 13 200000
1 9 910 13 200000
1 10 890 11 200000
1 11 894 15 200000
1 12 934 13 200000
2 3 878 10 200000
2 4 891 17 200000
2 5 924 7 200000
2 6 930 11 200000
2 7 895 11 200000
2 8 841 6 200000
2 9 912 16 200000
2 10 949 10 200000
2 11 900 10 200000
2 12 858 14 200000
3 4 919 10 200000
3 5 828 12 200000
3 6 856 13 200000
3 7 870 7 200000
3 8 881 15 200000
3 9 899 14 200000
3 10 863 12 200000
3 11 950 9 200000
3 12 903 14 200000
4 5 873 15 200000
4 6 869 7 200000
4 7 906 9 200000
4 8 900 6 200000
4 9 894 6 200000
4 10 890 13 200000
4 11 847 9 200000
4 12 877 13 200000
5 6 896 8 200000
5 7 941 11 200000
5 8 900 6 200000
5 9 878 12 200000
5 10 894 13 200000
5 11 887 9 200000
5 12 859 23 200000
6 7 950 6 200000
6 8 951 14 200000
6 9 972 13 200000
6 10 884 15 200000
6 11 917 11 200000
6 12 914 9 200000
7 8 894 5 200000
7 9 868 10 200000
7 10 898 17 200000
7 11 958 12 200000
7 12 907 12 200000
8 9 904 9 200000
8 10 920 19 200000
8 11 834 14 200000
8 12 878 17 200000
9 10 917 11 200000
9 11 886 10 200000
9 12 943 23 200000
10 11 891 12 200000
10 12 876 13 200000
11 12 937 11 200000
13 14 907 19 200000
13 15 935 12 200000
13 16 935 9 200000
13 17 937 16 200000
13 18 898 10 200000
13 19 950 11 200000
13 20 910 6 200000
13 21 960 12 200000
13 22 929 12 200000
13 23 889 4 200000
13 24 924 3 200000
13 25 920 16 200000
14 15 901 15 200000
14 16 880 8 200000
14 17 925 15 200000
14 18 896 14 200000
14 19 936 5 200000
14 20 826 9 200000
14 21 905 14 200000
14 22 876 8 200000
14 23 921 17 200000
14 24 929 14 200000
14 25 899 11 200000
15 16 874 13 200000
15 17 906 20 200000
15 18 862 9 200000
15 19 942 14 200000
15 20 911 7 200000
15 21 942 7 200000
15 22 862 16 200000
15 23 857 8 200000
15 24 874 11 200000
15 25 866 13 200000
16 17 904 8 200000
16 18 887 16 200000
16 19 893 12 200000
16 20 954 9 200000
16 21 875 14 200000
16 22 869 6 200000
16 23 898 10 200000
16 24 912 16 200000
16 25 972 9 200000
17 18 875 13 200000
17 19 866 9 200000
17 20 931 7 200000
17 21 936 13 200000
17 22 887 4 200000
17 23 879 8 200000
17 24 885 13 200000
17 25 924 13 200000
18 19 900 18 200000
18 20 880 12 200000
18 21 916 13 200000
18 22 907 20 200000
18 23 880 9 200000
18 24 881 6 200000
18 25 909 13 200000
19 20 890 11 200000
19 21 906 13 200000
19 22 907 11 200000
19 23 890 7 200000
19 24 831 10 200000
19 25 949 6 200000
20 21 891 6 200000
20 22 893 8 200000
20 23 889 12 200000
20 24 892 15 200000
20 25 949 7 200000
21 22 947 11 200000
21 23 930 13 200000
21 24 926 10 200000
21 25 867 11 200000
22 23 921 10 200000
22 24 899 10 200000
22 25 900 10 200000
23 24 920 8 200000
23 25 854 12 200000
24 25 889 12 200000
26 27 952 14 200000
26 28 950 14 200000
26 29 892 9 200000
26 30 863 15 200000
26 31 908 12 200000
26 32 922 10 200000
26 33 921 7 200000
26 34 926 9 200000
26 35 930 12 200000
26 36 931 11 200000
26 37 940 14 200000
26 38 923 12 200000
27 28 936 11 200000
27 29 897 12 200000
27 30 956 9 200000
27 31 940 10 200000
27 32 893 10 200000
27 33 901 12 200000
27 34 954 23 200000
27 35 875 5 200000
27 36 925 7 200000
27 37 913 16 200000
27 38 917 15 200000
28 29 903 14 200000
28 30 945 8 200000
28 31 856 8 200000
28 32 924 12 200000
28 33 907 9 200000
28 34 854 9 200000
28 35 877 9 200000
28 36 890 9 200000
28 37 860 16 200000
28 38 899 14 200000
29 30 924 8 200000
29 31 932 11 200000
29 32 950 7 200000
29 33 917 12 200000
29 34 926 10 200000
29 35 908 6 200000
29 36 929 11 200000
29 37 885 11 200000
29 38 928 12 200000
30 31 873 9 200000
30 32 918 9 200000
30 33 969 12 200000
30 34 899 6 200000
30 35 889 9 200000
30 36 947 7 200000
30 37 917 12 200000
30 38 899 15 200000
31 32 923 6 200000
31 33 936 10 200000
31 34 876 11 200000
31 35 940 14 200000
31 36 873 9 200000
31 37 896 5 200000
31 38 916 9 200000
32 33 962 16 200000
32 34 918 15 200000
32 35 896 9 200000
32 36 883 12 200000
32 37 952 4 200000
32 38 921 12 200000
33 34 921 13 200000
33 35 870 12 200000
33 36 866 15 200000
33 37 858 10 200000
33 38 889 13 200000
34 35 895 11 200000
34 36 898 8 200000
34 37 905 13 200000
34 38 908 6 200000
35 36 881 8 200000
35 37 882 15 200000
35 38 950 11 200000
36 37 891 11 200000
36 38 886 12 200000
37 38 938 11 200000
39 40 900 11 200000
39 41 914 11 200000
39 42 838 9 200000
39 43 923 13 200000
39 44 923 10 200000
39 45 947 9 200000
39 46 909 11 200000
39 47 876 9 200000
39 48 924 13 200000
39 49 885 14 200000
39 50 935 16 200000
39 51 917 16 200000
40 41 857 10 200000
40 42 913 12 200000
40 43 856 7 200000
40 44 913 10 200000
40 45 954 11 200000
40 46 886 7 200000
40 47 882 14 200000
40 48 950 9 200000
40 49 844 8 200000
40 50 884 14 200000
40 51 893 14 200000
41 42 909 11 200000
41 43 901 14 200000
41 44 911 10 200000
41 45 912 9 200000
41 46 948 11 200000
41 47 898 10 200000
41 48 875 11 200000
41 49 911 14 200000
41 50 888 15 200000
41 51 868 14 200000
42 43 900 8 200000
42 44 890 12 200000
42 45 886 9 200000
42 46 869 9 200000
42 47 933 9 200000
42 48 947 12 200000
42 49 920 13 200000
42 50 919 19 200000
42 51 897 9 200000
43 44 885 11 200000
43 45 894 16 200000
43 46 864 15 200000
43 47 885 7 200000
43 48 883 13 200000
43 49 871 13 200000
43 50 917 16 200000
43 51 921 16 200000
44 45 911 6 200000
44 46 945 7 200000
44 47 963 19 200000
44 48 856 12 200000
44 49 894 13 200000
44 50 922 10 200000
44 51 925 10 200000
45 46 934 9 200000
45 47 966 11 200000
45 48 901 12 200000
45 49 914 9 200000
45 50 911 12 200000
45 51 879 10 200000
46 47 886 15 200000
46 48 906 11 200000
46 49 939 11 200000
46 50 914 11 200000
46 51 911 9 200000
47 48 899 14 200000
47 49 921 10 200000
47 50 868 10 200000
47 51 877 10 200000
48 49 881 7 200000
48 50 935 10 200000
48 51 871 5 200000
49 50 910 13 200000
49 51 869 10 200000
50 51 825 8 200000
