0 1 906 14 200000
0 2 910 11 200000
0 3 905 7 200000
0 4 900 17 200000
0 5 891 3 200000
0 6 907 12 200000
0 7 913 8 200000
0 8 907 11 200000
0 9 909 17 200000
0 10 903 9 200000
0 11 925 12 200000
0 12 980 13 200000
1 2 881 16 200000
1 3 896 14 200000
1 4 893 17 200000
1 5 894 14 200000
1 6 911 17 200000
1 7 910 9 200000
1 8 909 10 200000
1 9 910 12 200000
1 10 890 11 200000
1 11 894 15 200000
1 12 934 13 200000
2 3 878 11 200000
2 4 891 9 200000
2 5 924 11 200000
2 6 930 12 200000
2 7 895 12 200000
2 8 841 6 200000
2 9 912 14 200000
2 10 949 13 200000
2 11 900 14 200000
2 12 858 14 200000
3 4 919 14 200000
3 5 828 6 200000
3 6 856 11 200000
3 7 870 16 200000
3 8 881 10 200000
3 9 899 15 200000
3 10 863 14 200000
3 11 950 10 200000
3 12 903 17 200000
4 5 873 12 200000
4 6 869 8 200000
4 7 906 9 200000
4 8 900 11 200000
4 9 894 13 200000
4 10 890 10 200000
4 11 847 11 200000
4 12 877 18 200000
5 6 896 7 200000
5 7 941 8 200000
5 8 900 17 200000
5 9 878 13 200000
5 10 894 18 200000
5 11 887 8 200000
5 12 859 15 200000
6 7 950 8 200000
6 8 951 15 200000
6 9 972 16 200000
6 10 884 12 200000
6 11 917 17 200000
6 12 914 9 200000
7 8 894 12 200000
7 9 868 8 200000
7 10 898 15 200000
7 11 958 10 200000
7 12 907 10 200000
8 9 904 8 200000
8 10 920 19 200000
8 11 834 13 200000
8 12 878 10 200000
9 10 917 3 200000
9 11 886 10 200000
9 12 943 12 200000
10 11 891 15 200000
10 12 876 15 200000
11 12 937 11 200000
13 14 907 14 200000
13 15 935 4 200000
13 16 935 11 200000
13 17 937 11 200000
13 18 898 12 200000
13 19 950 8 200000
13 20 910 10 200000
13 21 960 12 200000
13 22 929 9 200000
13 23 889 5 200000
13 24 924 8 200000
13 25 920 9 200000
14 15 901 8 200000
14 16 880 13 200000
14 17 925 10 200000
14 18 896 12 200000
14 19 936 11 200000
14 20 826 8 200000
14 21 905 6 200000
14 22 876 4 200000
14 23 921 6 200000
14 24 929 7 200000
14 25 899 14 200000
15 16 874 2 200000
15 17 906 14 200000
15 18 862 11 200000
15 19 942 14 200000
15 20 911 12 200000
15 21 942 9 200000
15 22 862 8 200000
15 23 857 1 200000
15 24 874 12 200000
15 25 866 8 200000
16 17 904 12 200000
16 18 887 7 200000
16 19 893 8 200000
16 20 954 6 200000
16 21 875 7 200000
16 22 869 10 200000
16 23 898 8 200000
16 24 912 13 200000
16 25 972 14 200000
17 18 875 6 200000
17 19 866 7 200000
17 20 931 10 200000
17 21 936 12 200000
17 22 887 6 200000
17 23 879 11 200000
17 24 885 10 200000
17 25 924 12 200000
18 19 900 13 200000
18 20 880 5 200000
18 21 916 11 200000
18 22 907 8 200000
18 23 880 9 200000
18 24 881 7 200000
18 25 909 8 200000
19 20 890 12 200000
19 21 906 7 200000
19 22 907 10 200000
19 23 890 12 200000
19 24 831 12 200000
19 25 949 7 200000
20 21 891 10 200000
20 22 893 5 200000
20 23 889 12 200000
20 24 892 8 200000
20 25 949 6 200000
21 22 947 8 200000
21 23 930 18 200000
21 24 926 14 200000
21 25 867 6 200000
22 23 921 10 200000
22 24 899 8 200000
22 25 900 8 200000
23 24 920 8 200000
23 25 854 15 200000
24 25 889 5 200000
26 27 952 7 200000
26 28 950 7 200000
26 29 892 11 200000
26 30 863 11 200000
26 31 908 7 200000
26 32 922 9 200000
26 33 921 10 200000
26 34 926 14 200000
26 35 930 7 200000
26 36 931 10 200000
26 37 940 12 200000
26 38 923 9 200000
27 28 936 16 200000
27 29 897 15 200000
27 30 956 7 200000
27 31 940 14 200000
27 32 893 13 200000
27 33 901 8 200000
27 34 954 12 200000
27 35 875 8 200000
27 36 925 3 200000
27 37 913 8 200000
27 38 917 15 200000
28 29 903 13 200000
28 30 945 5 200000
28 31 856 3 200000
28 32 924 8 200000
28 33 907 10 200000
28 34 854 9 200000
28 35 877 2 200000
28 36 890 8 200000
28 37 860 13 200000
28 38 899 12 200000
29 30 924 2 200000
29 31 932 13 200000
29 32 950 8 200000
29 33 917 14 200000
29 34 926 15 200000
29 35 908 12 200000
29 36 929 15 200000
29 37 885 9 200000
29 38 928 10 200000
30 31 873 5 200000
30 32 918 15 200000
30 33 969 10 200000
30 34 899 8 200000
30 35 889 5 200000
30 36 947 9 200000
30 37 917 11 200000
30 38 899 13 200000
31 32 923 9 200000
31 33 936 10 200000
31 34 876 12 200000
31 35 940 5 200000
31 36 873 12 200000
31 37 896 7 200000
31 38 916 5 200000
32 33 962 12 200000
32 34 918 10 200000
32 35 896 7 200000
32 36 883 7 200000
32 37 952 9 200000
32 38 921 8 200000
33 34 921 9 200000
33 35 870 11 200000
33 36 866 9 200000
33 37 858 12 200000
33 38 889 6 200000
34 35 895 7 200000
34 36 898 7 200000
34 37 905 8 200000
34 38 908 7 200000
35 36 881 4 200000
35 37 882 15 200000
35 38 950 6 200000
36 37 891 17 200000
36 38 886 11 200000
37 38 938 12 200000
39 40 900 5 200000
39 41 914 8 200000
39 42 838 11 200000
39 43 923 19 200000
39 44 923 12 200000
39 45 947 9 200000
39 46 909 9 200000
39 47 876 8 200000
39 48 924 10 200000
39 49 885 12 200000
39 50 935 11 200000
39 51 917 8 200000
40 41 857 13 200000
40 42 913 9 200000
40 43 856 5 200000
40 44 913 8 200000
40 45 954 16 200000
40 46 886 4 200000
40 47 882 9 200000
40 48 950 7 200000
40 49 844 7 200000
40 50 884 8 200000
40 51 893 9 200000
41 42 909 8 200000
41 43 901 9 200000
41 44 911 13 200000
41 45 912 14 200000
41 46 948 7 200000
41 47 898 10 200000
41 48 875 8 200000
41 49 911 11 200000
41 50 888 10 200000
41 51 868 13 200000
42 43 900 5 200000
42 44 890 7 200000
42 45 886 8 200000
42 46 869 11 200000
42 47 933 6 200000
42 48 947 10 200000
42 49 920 7 200000
42 50 919 11 200000
42 51 897 4 200000
43 44 885 6 200000
43 45 894 6 200000
43 46 864 11 200000
43 47 885 7 200000
43 48 883 8 200000
43 49 871 12 200000
43 50 917 13 200000
43 51 921 8 200000
44 45 911 8 200000
44 46 945 9 200000
44 47 963 9 200000
44 48 856 8 200000
44 49 894 7 200000
44 50 922 16 200000
44 51 925 9 200000
45 46 934 11 200000
45 47 966 7 200000
45 48 901 9 200000
45 49 914 8 200000
45 50 911 4 200000
45 51 879 8 200000
46 47 886 16 200000
46 48 906 7 200000
46 49 939 4 200000
46 50 914 11 200000
46 51 911 8 200000
47 48 899 7 200000
47 49 921 8 200000
47 50 868 14 200000
47 51 877 16 200000
48 49 881 7 200000
48 50 935 5 200000
48 51 871 6 200000
49 50 910 11 200000
49 51 869 10 200000
50 51 825 4 200000
