0 1 906 13 200000
0 2 910 14 200000
0 3 905 13 200000
0 4 900 8 200000
0 5 891 13 200000
0 6 907 17 200000
0 7 913 15 200000
0 8 907 14 200000
0 9 909 18 200000
0 10 903 9 200000
0 11 925 11 200000
0 12 980 15 200000
1 2 881 9 200000
1 3 896 16 200000
1 4 893 9 200000
1 5 894 12 200000
1 6 911 18 200000
1 7 910 9 200000
1 8 909 17 200000
1 9 910 12 200000
1 10 890 18 200000
1 11 894 16 200000
1 12 934 18 200000
2 3 878 13 200000
2 4 891 15 200000
2 5 924 15 200000
2 6 930 10 200000
2 7 895 13 200000
2 8 841 10 200000
2 9 912 15 200000
2 10 949 12 200000
2 11 900 17 200000
2 12 858 18 200000
3 4 919 13 200000
3 5 828 18 200000
3 6 856 12 200000
3 7 870 18 200000
3 8 881 11 200000
3 9 899 13 200000
3 10 863 7 200000
3 11 950 15 200000
3 12 903 15 200000
4 5 873 7 200000
4 6 869 13 200000
4 7 906 13 200000
4 8 900 8 200000
4 9 894 13 200000
4 10 890 17 200000
4 11 847 9 200000
4 12 877 9 200000
5 6 896 9 200000
5 7 941 15 200000
5 8 900 14 200000
5 9 878 12 200000
5 10 894 18 200000
5 11 887 19 200000
5 12 859 18 200000
6 7 950 10 200000
6 8 951 12 200000
6 9 972 22 200000
6 10 884 13 200000
6 11 917 12 200000
6 12 914 13 200000
7 8 894 16 200000
7 9 868 10 200000
7 10 898 13 200000
7 11 958 15 200000
7 12 907 11 200000
8 9 904 13 200000
8 10 920 21 200000
8 11 834 15 200000
8 12 878 13 200000
9 10 917 10 200000
9 11 886 15 200000
9 12 943 17 200000
10 11 891 14 200000
10 12 876 12 200000
11 12 937 17 200000
13 14 907 21 200000
13 15 935 10 200000
13 16 935 15 200000
13 17 937 13 200000
13 18 898 13 200000
13 19 950 10 200000
13 20 910 13 200000
13 21 960 18 200000
13 22 929 11 200000
13 23 889 13 200000
13 24 924 9 200000
13 25 920 14 200000
14 15 901 11 200000
14 16 880 7 200000
14 17 925 19 200000
14 18 896 15 200000
14 19 936 14 200000
14 20 826 14 200000
14 21 905 15 200000
14 22 876 13 200000
14 23 921 10 200000
14 24 929 9 200000
14 25 899 17 200000
15 16 874 10 200000
15 17 906 19 200000
15 18 862 17 200000
15 19 942 22 200000
15 20 911 9 200000
15 21 942 17 200000
15 22 862 17 200000
15 23 857 13 200000
15 24 874 11 200000
15 25 866 16 200000
16 17 904 11 200000
16 18 887 18 200000
16 19 893 11 200000
16 20 954 12 200000
16 21 875 15 200000
16 22 869 17 200000
16 23 898 9 200000
16 24 912 22 200000
16 25 972 16 200000
17 18 875 4 200000
17 19 866 12 200000
17 20 931 10 200000
17 21 936 15 200000
17 22 887 10 200000
17 23 879 10 200000
17 24 885 12 200000
17 25 924 14 200000
18 19 900 12 200000
18 20 880 11 200000
18 21 916 17 200000
18 22 907 13 200000
18 23 880 7 200000
18 24 881 11 200000
18 25 909 12 200000
19 20 890 11 200000
19 21 906 13 200000
19 22 907 12 200000
19 23 890 12 200000
19 24 831 9 200000
19 25 949 14 200000
20 21 891 14 200000
20 22 893 10 200000
20 23 889 10 200000
20 24 892 15 200000
20 25 949 14 200000
21 22 947 13 200000
21 23 930 13 200000
21 24 926 16 200000
21 25 867 15 200000
22 23 921 15 200000
22 24 899 7 200000
22 25 900 11 200000
23 24 920 12 200000
23 25 854 15 200000
24 25 889 16 200000
26 27 952 16 200000
26 28 950 16 200000
26 29 892 16 200000
26 30 863 10 200000
26 31 908 12 200000
26 32 922 14 200000
26 33 921 11 200000
26 34 926 14 200000
26 35 930 14 200000
26 36 931 15 200000
26 37 940 13 200000
26 38 923 11 200000
27 28 936 19 200000
27 29 897 9 200000
27 30 956 12 200000
27 31 940 14 200000
27 32 893 15 200000
27 33 901 18 200000
27 34 954 20 200000
27 35 875 10 200000
27 36 925 12 200000
27 37 913 9 200000
27 38 917 19 200000
28 29 903 20 200000
28 30 945 8 200000
28 31 856 7 200000
28 32 924 13 200000
28 33 907 14 200000
28 34 854 13 200000
28 35 877 16 200000
28 36 890 18 200000
28 37 860 18 200000
28 38 899 12 200000
29 30 924 8 200000
29 31 932 13 200000
29 32 950 13 200000
29 33 917 24 200000
29 34 926 10 200000
29 35 908 12 200000
29 36 929 14 200000
29 37 885 9 200000
29 38 928 12 200000
30 31 873 20 200000
30 32 918 17 200000
30 33 969 12 200000
30 34 899 14 200000
30 35 889 12 200000
30 36 947 12 200000
30 37 917 16 200000
30 38 899 15 200000
31 32 923 15 200000
31 33 936 9 200000
31 34 876 11 200000
31 35 940 8 200000
31 36 873 19 200000
31 37 896 11 200000
31 38 916 7 200000
32 33 962 14 200000
32 34 918 11 200000
32 35 896 11 200000
32 36 883 11 200000
32 37 952 13 200000
32 38 921 20 200000
33 34 921 16 200000
33 35 870 21 200000
33 36 866 15 200000
33 37 858 16 200000
33 38 889 12 200000
34 35 895 10 200000
34 36 898 6 200000
34 37 905 8 200000
34 38 908 13 200000
35 36 881 13 200000
35 37 882 15 200000
35 38 950 11 200000
36 37 891 14 200000
36 38 886 19 200000
37 38 938 16 200000
39 40 900 13 200000
39 41 914 17 200000
39 42 838 7 200000
39 43 923 11 200000
39 44 923 17 200000
39 45 947 7 200000
39 46 909 9 200000
39 47 876 11 200000
39 48 924 18 200000
39 49 885 11 200000
39 50 935 11 200000
39 51 917 12 200000
40 41 857 9 200000
40 42 913 16 200000
40 43 856 17 200000
40 44 913 15 200000
40 45 954 19 200000
40 46 886 14 200000
40 47 882 15 200000
40 48 950 11 200000
40 49 844 11 200000
40 50 884 14 200000
40 51 893 11 200000
41 42 909 11 200000
41 43 901 16 200000
41 44 911 12 200000
41 45 912 11 200000
41 46 948 14 200000
41 47 898 22 200000
41 48 875 10 200000
41 49 911 11 200000
41 50 888 7 200000
41 51 868 9 200000
42 43 900 15 200000
42 44 890 15 200000
42 45 886 16 200000
42 46 869 9 200000
42 47 933 12 200000
42 48 947 9 200000
42 49 920 12 200000
42 50 919 17 200000
42 51 897 12 200000
43 44 885 11 200000
43 45 894 9 200000
43 46 864 16 200000
43 47 885 8 200000
43 48 883 16 200000
43 49 871 14 200000
43 50 917 12 200000
43 51 921 15 200000
44 45 911 17 200000
44 46 945 13 200000
44 47 963 11 200000
44 48 856 12 200000
44 49 894 13 200000
44 50 922 15 200000
44 51 925 17 200000
45 46 934 7 200000
45 47 966 18 200000
45 48 901 11 200000
45 49 914 14 200000
45 50 911 18 200000
45 51 879 9 200000
46 47 886 17 200000
46 48 906 12 200000
46 49 939 15 200000
46 50 914 12 200000
46 51 911 6 200000
47 48 899 17 200000
47 49 921 8 200000
47 50 868 17 200000
47 51 877 13 200000
48 49 881 6 200000
48 50 935 17 200000
48 51 871 14 200000
49 50 910 20 200000
49 51 869 9 200000
50 51 825 10 200000
