0 1 906 15 200000
0 2 858 13 200000
0 3 836 20 200000
0 4 953 16 200000
0 5 854 5 200000
0 6 929 12 200000
0 7 915 12 200000
0 8 892 8 200000
0 9 864 16 200000
0 10 917 18 200000
0 11 895 10 200000
0 12 851 8 200000
1 2 913 10 200000
1 3 870 12 200000
1 4 884 14 200000
1 5 916 11 200000
1 6 882 21 200000
1 7 988 8 200000
1 8 906 7 200000
1 9 947 6 200000
1 10 945 9 200000
1 11 874 7 200000
1 12 937 11 200000
2 3 846 15 200000
2 4 917 12 200000
2 5 868 11 200000
2 6 898 15 200000
2 7 883 12 200000
2 8 886 5 200000
2 9 893 8 200000
2 10 885 12 200000
2 11 888 11 200000
2 12 877 13 200000
3 4 910 10 200000
3 5 879 7 200000
3 6 950 7 200000
3 7 907 13 200000
3 8 900 10 200000
3 9 951 12 200000
3 10 910 14 200000
3 11 867 12 200000
3 12 886 8 200000
4 5 883 11 200000
4 6 941 15 200000
4 7 920 7 200000
4 8 943 9 200000
4 9 967 10 200000
4 10 987 20 200000
4 11 946 15 200000
4 12 837 13 200000
5 6 901 11 200000
5 7 897 9 200000
5 8 893 9 200000
5 9 932 10 200000
5 10 924 9 200000
5 11 907 10 200000
5 12 856 5 200000
6 7 908 7 200000
6 8 877 9 200000
6 9 906 22 200000
6 10 883 7 200000
6 11 859 8 200000
6 12 888 9 200000
7 8 886 12 200000
7 9 867 5 200000
7 10 889 10 200000
7 11 910 17 200000
7 12 913 16 200000
8 9 921 14 200000
8 10 919 9 200000
8 11 943 11 200000
8 12 908 11 200000
9 10 886 10 200000
9 11 892 17 200000
9 12 880 13 200000
10 11 866 14 200000
10 12 872 6 200000
11 12 890 13 200000
13 14 837 12 200000
13 15 888 10 200000
13 16 905 12 200000
13 17 906 15 200000
13 18 931 5 200000
13 19 929 10 200000
13 20 906 14 200000
13 21 891 8 200000
13 22 885 10 200000
13 23 923 17 200000
13 24 921 17 200000
13 25 928 11 200000
14 15 1004 7 200000
14 16 896 8 200000
14 17 866 8 200000
14 18 879 9 200000
14 19 908 12 200000
14 20 951 15 200000
14 21 924 9 200000
14 22 930 12 200000
14 23 854 11 200000
14 24 902 7 200000
14 25 923 9 200000
15 16 925 7 200000
15 17 892 20 200000
15 18 852 9 200000
15 19 911 12 200000
15 20 904 14 200000
15 21 942 12 200000
15 22 832 12 200000
15 23 937 15 200000
15 24 909 8 200000
15 25 919 10 200000
16 17 880 22 200000
16 18 871 11 200000
16 19 889 8 200000
16 20 885 4 200000
16 21 916 14 200000
16 22 920 6 200000
16 23 862 3 200000
16 24 941 14 200000
16 25 930 15 200000
17 18 844 8 200000
17 19 896 14 200000
17 20 883 8 200000
17 21 865 5 200000
17 22 874 11 200000
17 23 902 10 200000
17 24 899 9 200000
17 25 894 15 200000
18 19 992 14 200000
18 20 913 6 200000
18 21 924 10 200000
18 22 924 17 200000
18 23 894 10 200000
18 24 865 14 200000
18 25 877 14 200000
19 20 893 16 200000
19 21 922 10 200000
19 22 909 10 200000
19 23 888 17 200000
19 24 891 11 200000
19 25 908 11 200000
20 21 850 8 200000
20 22 912 6 200000
20 23 863 14 200000
20 24 902 15 200000
20 25 848 8 200000
21 22 860 9 200000
21 23 848 12 200000
21 24 903 9 200000
21 25 884 16 200000
22 23 874 5 200000
22 24 936 6 200000
22 25 923 11 200000
23 24 899 11 200000
23 25 946 10 200000
24 25 918 13 200000
26 27 935 9 200000
26 28 913 11 200000
26 29 919 5 200000
26 30 939 13 200000
26 31 866 18 200000
26 32 881 4 200000
26 33 903 10 200000
26 34 904 13 200000
26 35 918 14 200000
26 36 906 7 200000
26 37 906 11 200000
26 38 880 9 200000
27 28 891 10 200000
27 29 948 8 200000
27 30 882 8 200000
27 31 916 12 200000
27 32 924 19 200000
27 33 904 18 200000
27 34 895 9 200000
27 35 887 4 200000
27 36 895 11 200000
27 37 870 16 200000
27 38 945 11 200000
28 29 881 13 200000
28 30 894 8 200000
28 31 902 15 200000
28 32 911 10 200000
28 33 873 5 200000
28 34 885 12 200000
28 35 875 15 200000
28 36 904 11 200000
28 37 894 9 200000
28 38 948 11 200000
29 30 911 12 200000
29 31 887 18 200000
29 32 960 15 200000
29 33 938 2 200000
29 34 917 14 200000
29 35 885 12 200000
29 36 905 8 200000
29 37 894 10 200000
29 38 926 15 200000
30 31 877 13 200000
30 32 938 15 200000
30 33 922 14 200000
30 34 905 10 200000
30 35 917 9 200000
30 36 904 11 200000
30 37 963 12 200000
30 38 912 18 200000
31 32 890 11 200000
31 33 890 14 200000
31 34 890 5 200000
31 35 880 14 200000
31 36 928 12 200000
31 37 908 8 200000
31 38 914 13 200000
32 33 910 8 200000
32 34 855 9 200000
32 35 863 10 200000
32 36 902 19 200000
32 37 945 8 200000
32 38 903 12 200000
33 34 896 8 200000
33 35 866 12 200000
33 36 894 12 200000
33 37 904 11 200000
33 38 972 10 200000
34 35 831 9 200000
34 36 848 13 200000
34 37 854 7 200000
34 38 874 11 200000
35 36 925 7 200000
35 37 878 12 200000
35 38 893 10 200000
36 37 967 8 200000
36 38 907 15 200000
37 38 899 7 200000
39 40 879 11 200000
39 41 913 10 200000
39 42 883 11 200000
39 43 882 14 200000
39 44 860 9 200000
39 45 925 14 200000
39 46 917 9 200000
39 47 885 13 200000
39 48 924 8 200000
39 49 896 3 200000
39 50 889 4 200000
39 51 930 15 200000
40 41 900 9 200000
40 42 975 15 200000
40 43 883 14 200000
40 44 876 4 200000
40 45 881 12 200000
40 46 914 3 200000
40 47 928 12 200000
40 48 909 19 200000
40 49 854 9 200000
40 50 903 9 200000
40 51 860 9 200000
41 42 935 12 200000
41 43 927 8 200000
41 44 928 7 200000
41 45 900 15 200000
41 46 900 10 200000
41 47 926 12 200000
41 48 828 4 200000
41 49 924 13 200000
41 50 911 10 200000
41 51 902 10 200000
42 43 913 21 200000
42 44 902 14 200000
42 45 930 11 200000
42 46 902 8 200000
42 47 953 14 200000
42 48 855 6 200000
42 49 886 10 200000
42 50 941 8 200000
42 51 876 14 200000
43 44 912 9 200000
43 45 938 16 200000
43 46 925 14 200000
43 47 855 11 200000
43 48 878 7 200000
43 49 946 13 200000
43 50 878 13 200000
43 51 875 9 200000
44 45 969 22 200000
44 46 900 12 200000
44 47 912 13 200000
44 48 932 11 200000
44 49 884 9 200000
44 50 842 6 200000
44 51 923 6 200000
45 46 928 11 200000
45 47 897 12 200000
45 48 885 7 200000
45 49 906 11 200000
45 50 874 6 200000
45 51 851 8 200000
46 47 937 13 200000
46 48 950 14 200000
46 49 948 12 200000
46 50 883 4 200000
46 51 972 12 200000
47 48 918 8 200000
47 49 894 9 200000
47 50 876 14 200000
47 51 864 10 200000
48 49 898 10 200000
48 50 891 7 200000
48 51 927 8 200000
49 50 880 12 200000
49 51 914 16 200000
50 51 878 10 200000
