0 1 15 3000
0 2 21 3000
0 3 12 3000
0 4 16 3000
0 5 10 3000
0 6 13 3000
0 7 12 3000
0 8 23 3000
0 9 14 3000
0 10 20 3000
0 11 8 3000
0 12 19 3000
0 13 8 3000
0 14 10 3000
0 15 7 3000
0 16 11 3000
0 17 8 3000
0 18 10 3000
0 19 5 3000
0 20 12 3000
0 21 10 3000
0 22 13 3000
0 23 10 3000
0 24 9 3000
0 25 4 3000
0 26 14 3000
0 27 11 3000
0 28 10 3000
0 29 13 3000
0 30 7 3000
0 31 10 3000
0 32 6 3000
0 33 14 3000
0 34 17 3000
0 35 9 3000
0 36 10 3000
0 37 9 3000
0 38 10 3000
0 39 8 3000
0 40 5 3000
0 41 12 3000
0 42 9 3000
0 43 15 3000
0 44 8 3000
0 45 13 3000
0 46 10 3000
0 47 5 3000
0 48 10 3000
0 49 4 3000
0 50 10 3000
0 51 8 3000
1 2 20 3000
1 3 13 3000
1 4 15 3000
1 5 15 3000
1 6 15 3000
1 7 14 3000
1 8 13 3000
1 9 16 3000
1 10 17 3000
1 11 16 3000
1 12 12 3000
1 13 17 3000
1 14 10 3000
1 15 13 3000
1 16 10 3000
1 17 11 3000
1 18 9 3000
1 19 10 3000
1 20 10 3000
1 21 14 3000
1 22 10 3000
1 23 13 3000
1 24 11 3000
1 25 12 3000
1 26 8 3000
1 27 6 3000
1 28 14 3000
1 29 9 3000
1 30 7 3000
1 31 8 3000
1 32 12 3000
1 33 15 3000
1 34 8 3000
1 35 13 3000
1 36 13 3000
1 37 15 3000
1 38 7 3000
1 39 5 3000
1 40 7 3000
1 41 13 3000
1 42 7 3000
1 43 12 3000
1 44 13 3000
1 45 9 3000
1 46 15 3000
1 47 11 3000
1 48 8 3000
1 49 6 3000
1 50 9 3000
1 51 13 3000
2 3 16 3000
2 4 19 3000
2 5 23 3000
2 6 16 3000
2 7 18 3000
2 8 16 3000
2 9 19 3000
2 10 22 3000
2 11 14 3000
2 12 22 3000
2 13 10 3000
2 14 10 3000
2 15 7 3000
2 16 8 3000
2 17 8 3000
2 18 9 3000
2 19 13 3000
2 20 10 3000
2 21 11 3000
2 22 5 3000
2 23 12 3000
2 24 8 3000
2 25 7 3000
2 26 12 3000
2 27 12 3000
2 28 14 3000
2 29 5 3000
2 30 12 3000
2 31 14 3000
2 32 10 3000
2 33 10 3000
2 34 13 3000
2 35 10 3000
2 36 10 3000
2 37 5 3000
2 38 11 3000
2 39 5 3000
2 40 9 3000
2 41 9 3000
2 42 11 3000
2 43 14 3000
2 44 8 3000
2 45 10 3000
2 46 10 3000
2 47 10 3000
2 48 5 3000
2 49 7 3000
2 50 7 3000
2 51 9 3000
3 4 16 3000
3 5 17 3000
3 6 17 3000
3 7 9 3000
3 8 28 3000
3 9 15 3000
3 10 24 3000
3 11 17 3000
3 12 25 3000
3 13 10 3000
3 14 12 3000
3 15 16 3000
3 16 7 3000
3 17 11 3000
3 18 9 3000
3 19 9 3000
3 20 9 3000
3 21 8 3000
3 22 3 3000
3 23 15 3000
3 24 5 3000
3 25 11 3000
3 26 6 3000
3 27 10 3000
3 28 9 3000
3 29 5 3000
3 30 12 3000
3 31 11 3000
3 32 7 3000
3 33 11 3000
3 34 13 3000
3 35 15 3000
3 36 13 3000
3 37 12 3000
3 38 8 3000
3 39 13 3000
3 40 15 3000
3 41 14 3000
3 42 8 3000
3 43 15 3000
3 44 11 3000
3 45 13 3000
3 46 5 3000
3 47 9 3000
3 48 9 3000
3 49 8 3000
3 50 8 3000
3 51 14 3000
4 5 16 3000
4 6 11 3000
4 7 24 3000
4 8 19 3000
4 9 13 3000
4 10 11 3000
4 11 14 3000
4 12 15 3000
4 13 10 3000
4 14 12 3000
4 15 5 3000
4 16 14 3000
4 17 11 3000
4 18 9 3000
4 19 9 3000
4 20 11 3000
4 21 8 3000
4 22 11 3000
4 23 9 3000
4 24 12 3000
4 25 8 3000
4 26 5 3000
4 27 12 3000
4 28 7 3000
4 29 6 3000
4 30 15 3000
4 31 8 3000
4 32 11 3000
4 33 13 3000
4 34 9 3000
4 35 11 3000
4 36 9 3000
4 37 10 3000
4 38 9 3000
4 39 13 3000
4 40 11 3000
4 41 11 3000
4 42 8 3000
4 43 10 3000
4 44 11 3000
4 45 12 3000
4 46 9 3000
4 47 13 3000
4 48 4 3000
4 49 12 3000
4 50 5 3000
4 51 8 3000
5 6 9 3000
5 7 14 3000
5 8 17 3000
5 9 16 3000
5 10 10 3000
5 11 17 3000
5 12 17 3000
5 13 12 3000
5 14 9 3000
5 15 5 3000
5 16 8 3000
5 17 6 3000
5 18 9 3000
5 19 11 3000
5 20 4 3000
5 21 5 3000
5 22 11 3000
5 23 13 3000
5 24 5 3000
5 25 7 3000
5 26 13 3000
5 27 2 3000
5 28 13 3000
5 29 11 3000
5 30 6 3000
5 31 8 3000
5 32 7 3000
5 33 9 3000
5 34 12 3000
5 35 10 3000
5 36 9 3000
5 37 9 3000
5 38 10 3000
5 39 7 3000
5 40 6 3000
5 41 6 3000
5 42 7 3000
5 43 12 3000
5 44 11 3000
5 45 8 3000
5 46 10 3000
5 47 6 3000
5 48 10 3000
5 49 12 3000
5 50 6 3000
5 51 7 3000
6 7 9 3000
6 8 16 3000
6 9 12 3000
6 10 16 3000
6 11 22 3000
6 12 14 3000
6 13 9 3000
6 14 9 3000
6 15 8 3000
6 16 10 3000
6 17 12 3000
6 18 10 3000
6 19 7 3000
6 20 6 3000
6 21 9 3000
6 22 10 3000
6 23 7 3000
6 24 10 3000
6 25 11 3000
6 26 8 3000
6 27 9 3000
6 28 18 3000
6 29 9 3000
6 30 9 3000
6 31 10 3000
6 32 6 3000
6 33 12 3000
6 34 9 3000
6 35 7 3000
6 36 10 3000
6 37 13 3000
6 38 7 3000
6 39 10 3000
6 40 5 3000
6 41 11 3000
6 42 7 3000
6 43 10 3000
6 44 8 3000
6 45 13 3000
6 46 14 3000
6 47 9 3000
6 48 3 3000
6 49 10 3000
6 50 5 3000
6 51 11 3000
7 8 12 3000
7 9 12 3000
7 10 16 3000
7 11 17 3000
7 12 14 3000
7 13 11 3000
7 14 16 3000
7 15 12 3000
7 16 11 3000
7 17 7 3000
7 18 9 3000
7 19 17 3000
7 20 11 3000
7 21 7 3000
7 22 14 3000
7 23 8 3000
7 24 7 3000
7 25 5 3000
7 26 8 3000
7 27 9 3000
7 28 11 3000
7 29 9 3000
7 30 11 3000
7 31 4 3000
7 32 14 3000
7 33 10 3000
7 34 8 3000
7 35 12 3000
7 36 13 3000
7 37 10 3000
7 38 19 3000
7 39 5 3000
7 40 15 3000
7 41 10 3000
7 42 12 3000
7 43 12 3000
7 44 12 3000
7 45 13 3000
7 46 9 3000
7 47 9 3000
7 48 8 3000
7 49 8 3000
7 50 10 3000
7 51 18 3000
8 9 11 3000
8 10 21 3000
8 11 11 3000
8 12 12 3000
8 13 17 3000
8 14 6 3000
8 15 15 3000
8 16 11 3000
8 17 12 3000
8 18 17 3000
8 19 11 3000
8 20 13 3000
8 21 10 3000
8 22 19 3000
8 23 12 3000
8 24 10 3000
8 25 14 3000
8 26 6 3000
8 27 11 3000
8 28 14 3000
8 29 8 3000
8 30 14 3000
8 31 12 3000
8 32 15 3000
8 33 10 3000
8 34 9 3000
8 35 12 3000
8 36 18 3000
8 37 20 3000
8 38 7 3000
8 39 14 3000
8 40 10 3000
8 41 3 3000
8 42 13 3000
8 43 13 3000
8 44 15 3000
8 45 6 3000
8 46 12 3000
8 47 13 3000
8 48 11 3000
8 49 10 3000
8 50 10 3000
8 51 18 3000
9 10 20 3000
9 11 9 3000
9 12 13 3000
9 13 13 3000
9 14 9 3000
9 15 12 3000
9 16 8 3000
9 17 9 3000
9 18 8 3000
9 19 5 3000
9 20 9 3000
9 21 12 3000
9 22 13 3000
9 23 8 3000
9 24 5 3000
9 25 3 3000
9 26 10 3000
9 27 10 3000
9 28 4 3000
9 29 9 3000
9 30 8 3000
9 31 10 3000
9 32 7 3000
9 33 13 3000
9 34 8 3000
9 35 6 3000
9 36 9 3000
9 37 12 3000
9 38 5 3000
9 39 8 3000
9 40 14 3000
9 41 5 3000
9 42 14 3000
9 43 10 3000
9 44 10 3000
9 45 6 3000
9 46 5 3000
9 47 11 3000
9 48 15 3000
9 49 8 3000
9 50 7 3000
9 51 8 3000
10 11 20 3000
10 12 16 3000
10 13 7 3000
10 14 10 3000
10 15 19 3000
10 16 16 3000
10 17 14 3000
10 18 10 3000
10 19 7 3000
10 20 11 3000
10 21 4 3000
10 22 12 3000
10 23 15 3000
10 24 9 3000
10 25 10 3000
10 26 16 3000
10 27 9 3000
10 28 7 3000
10 29 7 3000
10 30 9 3000
10 31 15 3000
10 32 7 3000
10 33 2 3000
10 34 13 3000
10 35 12 3000
10 36 14 3000
10 37 11 3000
10 38 13 3000
10 39 6 3000
10 40 17 3000
10 41 8 3000
10 42 6 3000
10 43 5 3000
10 44 11 3000
10 45 6 3000
10 46 8 3000
10 47 9 3000
10 48 11 3000
10 49 12 3000
10 50 9 3000
10 51 7 3000
11 12 16 3000
11 13 12 3000
11 14 7 3000
11 15 8 3000
11 16 8 3000
11 17 11 3000
11 18 12 3000
11 19 13 3000
11 20 11 3000
11 21 12 3000
11 22 6 3000
11 23 14 3000
11 24 6 3000
11 25 11 3000
11 26 9 3000
11 27 7 3000
11 28 14 3000
11 29 7 3000
11 30 8 3000
11 31 10 3000
11 32 15 3000
11 33 11 3000
11 34 11 3000
11 35 10 3000
11 36 12 3000
11 37 13 3000
11 38 9 3000
11 39 10 3000
11 40 7 3000
11 41 9 3000
11 42 9 3000
11 43 13 3000
11 44 8 3000
11 45 16 3000
11 46 3 3000
11 47 10 3000
11 48 9 3000
11 49 11 3000
11 50 13 3000
11 51 13 3000
12 13 12 3000
12 14 9 3000
12 15 8 3000
12 16 10 3000
12 17 13 3000
12 18 11 3000
12 19 5 3000
12 20 15 3000
12 21 11 3000
12 22 10 3000
12 23 13 3000
12 24 9 3000
12 25 13 3000
12 26 15 3000
12 27 12 3000
12 28 4 3000
12 29 13 3000
12 30 14 3000
12 31 10 3000
12 32 8 3000
12 33 9 3000
12 34 13 3000
12 35 8 3000
12 36 8 3000
12 37 7 3000
12 38 8 3000
12 39 8 3000
12 40 5 3000
12 41 3 3000
12 42 16 3000
12 43 14 3000
12 44 8 3000
12 45 11 3000
12 46 11 3000
12 47 6 3000
12 48 9 3000
12 49 13 3000
12 50 13 3000
12 51 11 3000
13 14 8 3000
13 15 15 3000
13 16 15 3000
13 17 18 3000
13 18 19 3000
13 19 20 3000
13 20 18 3000
13 21 15 3000
13 22 14 3000
13 23 17 3000
13 24 11 3000
13 25 14 3000
13 26 14 3000
13 27 8 3000
13 28 8 3000
13 29 5 3000
13 30 13 3000
13 31 8 3000
13 32 9 3000
13 33 9 3000
13 34 10 3000
13 35 10 3000
13 36 4 3000
13 37 14 3000
13 38 13 3000
13 39 12 3000
13 40 10 3000
13 41 6 3000
13 42 4 3000
13 43 9 3000
13 44 11 3000
13 45 7 3000
13 46 13 3000
13 47 13 3000
13 48 7 3000
13 49 7 3000
13 50 7 3000
13 51 8 3000
14 15 16 3000
14 16 16 3000
14 17 13 3000
14 18 13 3000
14 19 9 3000
14 20 13 3000
14 21 12 3000
14 22 15 3000
14 23 13 3000
14 24 7 3000
14 25 7 3000
14 26 15 3000
14 27 8 3000
14 28 13 3000
14 29 7 3000
14 30 4 3000
14 31 11 3000
14 32 10 3000
14 33 10 3000
14 34 6 3000
14 35 7 3000
14 36 13 3000
14 37 6 3000
14 38 7 3000
14 39 5 3000
14 40 10 3000
14 41 6 3000
14 42 10 3000
14 43 10 3000
14 44 11 3000
14 45 8 3000
14 46 10 3000
14 47 9 3000
14 48 15 3000
14 49 8 3000
14 50 12 3000
14 51 8 3000
15 16 18 3000
15 17 23 3000
15 18 17 3000
15 19 16 3000
15 20 14 3000
15 21 14 3000
15 22 17 3000
15 23 25 3000
15 24 17 3000
15 25 14 3000
15 26 8 3000
15 27 10 3000
15 28 10 3000
15 29 7 3000
15 30 10 3000
15 31 8 3000
15 32 12 3000
15 33 11 3000
15 34 7 3000
15 35 8 3000
15 36 9 3000
15 37 4 3000
15 38 10 3000
15 39 9 3000
15 40 13 3000
15 41 15 3000
15 42 8 3000
15 43 11 3000
15 44 9 3000
15 45 16 3000
15 46 7 3000
15 47 13 3000
15 48 12 3000
15 49 10 3000
15 50 15 3000
15 51 11 3000
16 17 18 3000
16 18 15 3000
16 19 15 3000
16 20 15 3000
16 21 8 3000
16 22 10 3000
16 23 19 3000
16 24 15 3000
16 25 16 3000
16 26 8 3000
16 27 10 3000
16 28 15 3000
16 29 8 3000
16 30 13 3000
16 31 7 3000
16 32 13 3000
16 33 6 3000
16 34 10 3000
16 35 7 3000
16 36 12 3000
16 37 5 3000
16 38 10 3000
16 39 5 3000
16 40 6 3000
16 41 13 3000
16 42 8 3000
16 43 8 3000
16 44 13 3000
16 45 12 3000
16 46 10 3000
16 47 4 3000
16 48 6 3000
16 49 9 3000
16 50 7 3000
16 51 6 3000
17 18 19 3000
17 19 9 3000
17 20 14 3000
17 21 14 3000
17 22 16 3000
17 23 20 3000
17 24 18 3000
17 25 16 3000
17 26 4 3000
17 27 9 3000
17 28 10 3000
17 29 7 3000
17 30 6 3000
17 31 6 3000
17 32 10 3000
17 33 9 3000
17 34 7 3000
17 35 10 3000
17 36 11 3000
17 37 13 3000
17 38 12 3000
17 39 9 3000
17 40 7 3000
17 41 8 3000
17 42 8 3000
17 43 10 3000
17 44 9 3000
17 45 15 3000
17 46 9 3000
17 47 9 3000
17 48 12 3000
17 49 11 3000
17 50 17 3000
17 51 12 3000
18 19 19 3000
18 20 10 3000
18 21 8 3000
18 22 11 3000
18 23 14 3000
18 24 19 3000
18 25 9 3000
18 26 11 3000
18 27 9 3000
18 28 11 3000
18 29 9 3000
18 30 10 3000
18 31 7 3000
18 32 8 3000
18 33 5 3000
18 34 10 3000
18 35 4 3000
18 36 5 3000
18 37 5 3000
18 38 10 3000
18 39 5 3000
18 40 9 3000
18 41 5 3000
18 42 11 3000
18 43 13 3000
18 44 12 3000
18 45 11 3000
18 46 5 3000
18 47 9 3000
18 48 9 3000
18 49 9 3000
18 50 10 3000
18 51 10 3000
19 20 12 3000
19 21 11 3000
19 22 18 3000
19 23 9 3000
19 24 18 3000
19 25 13 3000
19 26 8 3000
19 27 12 3000
19 28 13 3000
19 29 6 3000
19 30 6 3000
19 31 9 3000
19 32 10 3000
19 33 8 3000
19 34 11 3000
19 35 15 3000
19 36 7 3000
19 37 13 3000
19 38 9 3000
19 39 9 3000
19 40 10 3000
19 41 14 3000
19 42 8 3000
19 43 10 3000
19 44 19 3000
19 45 5 3000
19 46 5 3000
19 47 5 3000
19 48 9 3000
19 49 10 3000
19 50 7 3000
19 51 12 3000
20 21 15 3000
20 22 11 3000
20 23 12 3000
20 24 8 3000
20 25 14 3000
20 26 7 3000
20 27 8 3000
20 28 16 3000
20 29 10 3000
20 30 7 3000
20 31 8 3000
20 32 6 3000
20 33 7 3000
20 34 9 3000
20 35 11 3000
20 36 9 3000
20 37 13 3000
20 38 10 3000
20 39 6 3000
20 40 7 3000
20 41 11 3000
20 42 7 3000
20 43 9 3000
20 44 5 3000
20 45 14 3000
20 46 8 3000
20 47 8 3000
20 48 10 3000
20 49 7 3000
20 50 10 3000
20 51 7 3000
21 22 17 3000
21 23 14 3000
21 24 9 3000
21 25 9 3000
21 26 8 3000
21 27 12 3000
21 28 13 3000
21 29 6 3000
21 30 13 3000
21 31 5 3000
21 32 7 3000
21 33 11 3000
21 34 7 3000
21 35 8 3000
21 36 5 3000
21 37 8 3000
21 38 8 3000
21 39 9 3000
21 40 6 3000
21 41 11 3000
21 42 7 3000
21 43 10 3000
21 44 11 3000
21 45 10 3000
21 46 9 3000
21 47 7 3000
21 48 9 3000
21 49 11 3000
21 50 7 3000
21 51 16 3000
22 23 11 3000
22 24 13 3000
22 25 10 3000
22 26 8 3000
22 27 14 3000
22 28 12 3000
22 29 6 3000
22 30 12 3000
22 31 10 3000
22 32 9 3000
22 33 10 3000
22 34 9 3000
22 35 6 3000
22 36 13 3000
22 37 21 3000
22 38 5 3000
22 39 7 3000
22 40 9 3000
22 41 11 3000
22 42 10 3000
22 43 11 3000
22 44 13 3000
22 45 7 3000
22 46 13 3000
22 47 5 3000
22 48 9 3000
22 49 7 3000
22 50 13 3000
22 51 11 3000
23 24 15 3000
23 25 9 3000
23 26 12 3000
23 27 11 3000
23 28 8 3000
23 29 11 3000
23 30 6 3000
23 31 19 3000
23 32 9 3000
23 33 11 3000
23 34 12 3000
23 35 11 3000
23 36 19 3000
23 37 7 3000
23 38 9 3000
23 39 11 3000
23 40 10 3000
23 41 10 3000
23 42 11 3000
23 43 12 3000
23 44 11 3000
23 45 14 3000
23 46 11 3000
23 47 8 3000
23 48 15 3000
23 49 9 3000
23 50 9 3000
23 51 17 3000
24 25 16 3000
24 26 10 3000
24 27 11 3000
24 28 10 3000
24 29 5 3000
24 30 7 3000
24 31 9 3000
24 32 7 3000
24 33 10 3000
24 34 8 3000
24 35 12 3000
24 36 12 3000
24 37 13 3000
24 38 7 3000
24 39 10 3000
24 40 16 3000
24 41 6 3000
24 42 7 3000
24 43 15 3000
24 44 9 3000
24 45 10 3000
24 46 9 3000
24 47 7 3000
24 48 9 3000
24 49 11 3000
24 50 5 3000
24 51 14 3000
25 26 6 3000
25 27 7 3000
25 28 8 3000
25 29 5 3000
25 30 11 3000
25 31 6 3000
25 32 9 3000
25 33 9 3000
25 34 12 3000
25 35 6 3000
25 36 10 3000
25 37 12 3000
25 38 8 3000
25 39 10 3000
25 40 16 3000
25 41 9 3000
25 42 6 3000
25 43 8 3000
25 44 8 3000
25 45 9 3000
25 46 5 3000
25 47 5 3000
25 48 12 3000
25 49 11 3000
25 50 10 3000
25 51 9 3000
26 27 20 3000
26 28 15 3000
26 29 22 3000
26 30 14 3000
26 31 15 3000
26 32 17 3000
26 33 16 3000
26 34 15 3000
26 35 16 3000
26 36 18 3000
26 37 19 3000
26 38 17 3000
26 39 13 3000
26 40 11 3000
26 41 7 3000
26 42 3 3000
26 43 13 3000
26 44 11 3000
26 45 16 3000
26 46 10 3000
26 47 14 3000
26 48 14 3000
26 49 10 3000
26 50 13 3000
26 51 9 3000
27 28 19 3000
27 29 10 3000
27 30 15 3000
27 31 18 3000
27 32 19 3000
27 33 18 3000
27 34 14 3000
27 35 12 3000
27 36 16 3000
27 37 13 3000
27 38 20 3000
27 39 8 3000
27 40 10 3000
27 41 9 3000
27 42 9 3000
27 43 12 3000
27 44 11 3000
27 45 7 3000
27 46 9 3000
27 47 10 3000
27 48 8 3000
27 49 9 3000
27 50 9 3000
27 51 11 3000
28 29 13 3000
28 30 16 3000
28 31 18 3000
28 32 18 3000
28 33 16 3000
28 34 24 3000
28 35 10 3000
28 36 18 3000
28 37 19 3000
28 38 17 3000
28 39 10 3000
28 40 8 3000
28 41 10 3000
28 42 13 3000
28 43 9 3000
28 44 9 3000
28 45 10 3000
28 46 12 3000
28 47 13 3000
28 48 8 3000
28 49 10 3000
28 50 10 3000
28 51 11 3000
29 30 15 3000
29 31 14 3000
29 32 14 3000
29 33 15 3000
29 34 14 3000
29 35 12 3000
29 36 13 3000
29 37 15 3000
29 38 11 3000
29 39 6 3000
29 40 12 3000
29 41 5 3000
29 42 8 3000
29 43 13 3000
29 44 5 3000
29 45 11 3000
29 46 10 3000
29 47 6 3000
29 48 10 3000
29 49 8 3000
29 50 6 3000
29 51 7 3000
30 31 12 3000
30 32 18 3000
30 33 11 3000
30 34 12 3000
30 35 20 3000
30 36 14 3000
30 37 12 3000
30 38 13 3000
30 39 7 3000
30 40 10 3000
30 41 7 3000
30 42 17 3000
30 43 12 3000
30 44 11 3000
30 45 7 3000
30 46 6 3000
30 47 10 3000
30 48 8 3000
30 49 7 3000
30 50 8 3000
30 51 8 3000
31 32 26 3000
31 33 12 3000
31 34 21 3000
31 35 7 3000
31 36 20 3000
31 37 14 3000
31 38 15 3000
31 39 8 3000
31 40 9 3000
31 41 10 3000
31 42 14 3000
31 43 14 3000
31 44 8 3000
31 45 8 3000
31 46 11 3000
31 47 13 3000
31 48 7 3000
31 49 7 3000
31 50 9 3000
31 51 14 3000
32 33 20 3000
32 34 13 3000
32 35 12 3000
32 36 12 3000
32 37 19 3000
32 38 15 3000
32 39 9 3000
32 40 14 3000
32 41 11 3000
32 42 9 3000
32 43 11 3000
32 44 15 3000
32 45 7 3000
32 46 9 3000
32 47 11 3000
32 48 8 3000
32 49 11 3000
32 50 7 3000
32 51 10 3000
33 34 16 3000
33 35 14 3000
33 36 13 3000
33 37 16 3000
33 38 19 3000
33 39 13 3000
33 40 13 3000
33 41 9 3000
33 42 8 3000
33 43 17 3000
33 44 11 3000
33 45 9 3000
33 46 8 3000
33 47 16 3000
33 48 12 3000
33 49 15 3000
33 50 14 3000
33 51 14 3000
34 35 12 3000
34 36 17 3000
34 37 18 3000
34 38 14 3000
34 39 11 3000
34 40 5 3000
34 41 5 3000
34 42 5 3000
34 43 12 3000
34 44 12 3000
34 45 17 3000
34 46 7 3000
34 47 9 3000
34 48 8 3000
34 49 5 3000
34 50 7 3000
34 51 8 3000
35 36 18 3000
35 37 14 3000
35 38 14 3000
35 39 7 3000
35 40 6 3000
35 41 5 3000
35 42 6 3000
35 43 9 3000
35 44 9 3000
35 45 12 3000
35 46 10 3000
35 47 9 3000
35 48 9 3000
35 49 7 3000
35 50 15 3000
35 51 9 3000
36 37 15 3000
36 38 20 3000
36 39 15 3000
36 40 9 3000
36 41 6 3000
36 42 15 3000
36 43 11 3000
36 44 9 3000
36 45 7 3000
36 46 8 3000
36 47 10 3000
36 48 16 3000
36 49 10 3000
36 50 10 3000
36 51 11 3000
37 38 11 3000
37 39 12 3000
37 40 7 3000
37 41 13 3000
37 42 10 3000
37 43 6 3000
37 44 13 3000
37 45 11 3000
37 46 7 3000
37 47 9 3000
37 48 5 3000
37 49 10 3000
37 50 11 3000
37 51 8 3000
38 39 7 3000
38 40 5 3000
38 41 9 3000
38 42 10 3000
38 43 9 3000
38 44 8 3000
38 45 15 3000
38 46 18 3000
38 47 7 3000
38 48 12 3000
38 49 8 3000
38 50 10 3000
38 51 9 3000
39 40 14 3000
39 41 13 3000
39 42 16 3000
39 43 16 3000
39 44 13 3000
39 45 13 3000
39 46 17 3000
39 47 18 3000
39 48 16 3000
39 49 17 3000
39 50 15 3000
39 51 17 3000
40 41 13 3000
40 42 13 3000
40 43 16 3000
40 44 18 3000
40 45 14 3000
40 46 22 3000
40 47 9 3000
40 48 11 3000
40 49 18 3000
40 50 19 3000
40 51 15 3000
41 42 16 3000
41 43 21 3000
41 44 10 3000
41 45 20 3000
41 46 14 3000
41 47 13 3000
41 48 11 3000
41 49 12 3000
41 50 21 3000
41 51 11 3000
42 43 14 3000
42 44 13 3000
42 45 17 3000
42 46 12 3000
42 47 10 3000
42 48 14 3000
42 49 11 3000
42 50 16 3000
42 51 12 3000
43 44 17 3000
43 45 16 3000
43 46 16 3000
43 47 21 3000
43 48 14 3000
43 49 14 3000
43 50 20 3000
43 51 10 3000
44 45 20 3000
44 46 13 3000
44 47 11 3000
44 48 8 3000
44 49 17 3000
44 50 9 3000
44 51 8 3000
45 46 15 3000
45 47 17 3000
45 48 15 3000
45 49 17 3000
45 50 16 3000
45 51 20 3000
46 47 13 3000
46 48 17 3000
46 49 20 3000
46 50 15 3000
46 51 18 3000
47 48 11 3000
47 49 18 3000
47 50 10 3000
47 51 18 3000
48 49 18 3000
48 50 15 3000
48 51 9 3000
49 50 18 3000
49 51 13 3000
50 51 17 3000
